src/SDSim/tmp/apis1
ncols        196
nrows        122
xllcorner    -12.166618000000
yllcorner    34.999860000000
cellsize     0.083333000000
[rows 0 to 25 of 122, columns 116 to 173 of 196]
nan nan nan nan nan nan nan nan nan nan nan nan nan nan nan nan nan nan nan nan nan nan nan nan nan nan nan nan nan nan nan nan nan nan nan nan nan nan nan nan nan nan nan nan nan nan nan nan nan nan nan nan nan nan nan nan nan nan
nan nan nan nan nan nan nan nan nan nan nan nan nan nan nan nan nan nan nan nan nan nan nan nan nan nan nan nan nan nan nan nan nan nan nan nan nan nan nan nan nan nan nan nan nan nan nan nan nan nan nan nan nan nan nan nan nan nan
nan nan nan nan nan nan nan nan nan nan nan nan nan nan nan nan nan nan nan nan nan nan nan nan nan nan nan nan nan nan nan nan nan nan nan nan nan nan nan nan nan nan nan nan nan nan nan nan nan nan nan nan nan nan nan nan nan nan
nan nan nan nan nan nan nan nan nan nan nan nan nan nan nan nan nan nan nan nan nan nan nan nan nan nan nan nan nan nan nan nan nan nan nan nan nan nan nan nan nan nan nan nan nan nan nan nan nan nan nan nan nan nan nan nan nan nan
nan nan nan nan nan nan nan nan nan nan nan nan nan nan nan nan nan nan nan nan nan nan nan nan nan nan nan nan nan nan nan nan nan nan nan nan nan nan nan nan nan nan nan nan nan nan nan nan nan nan nan nan nan nan nan nan nan nan
nan nan nan nan nan nan nan nan nan nan nan nan nan nan nan nan nan nan nan nan nan nan nan nan nan nan nan nan nan nan nan nan nan nan nan nan nan nan nan nan nan nan nan nan nan nan nan nan nan nan nan nan nan nan nan nan nan nan
nan nan nan nan nan nan nan nan nan nan nan nan nan nan nan nan nan nan nan nan nan nan nan nan nan nan nan nan nan nan nan nan nan nan nan nan nan nan nan nan nan nan nan nan nan nan nan nan nan nan nan nan nan nan nan nan nan nan
nan nan nan nan nan nan nan nan nan nan nan nan nan nan nan nan nan nan nan nan nan nan nan nan nan nan nan nan nan nan nan nan nan nan nan nan nan nan nan nan nan nan nan nan nan nan nan nan nan nan nan nan nan nan nan nan nan nan
nan nan nan nan nan nan nan nan nan nan nan nan nan nan nan nan nan nan nan nan nan nan nan nan nan nan nan nan nan nan nan nan nan nan nan nan nan nan nan nan nan nan nan nan nan nan nan nan nan nan nan nan nan nan nan nan nan nan
nan nan nan nan nan nan nan nan nan nan nan nan nan nan nan nan nan nan nan nan nan nan nan nan nan nan nan nan nan nan nan nan nan nan nan nan nan nan nan nan nan nan nan nan nan nan nan nan nan nan nan nan nan nan nan nan nan nan
nan nan nan nan nan nan nan nan nan nan nan nan nan nan nan nan nan nan nan nan nan nan nan nan nan nan nan nan nan nan nan nan nan nan nan nan nan nan nan nan nan nan nan nan nan nan nan nan nan nan nan nan nan nan nan nan nan nan
nan nan nan nan nan nan nan nan nan nan nan nan nan nan nan nan nan nan nan nan nan nan nan nan nan nan nan nan nan nan nan nan nan nan nan nan nan nan nan nan nan nan nan nan nan nan nan nan nan nan nan nan nan nan nan nan nan nan
nan nan nan nan nan nan nan nan nan nan nan nan nan nan nan nan nan nan nan nan nan nan nan nan nan nan nan nan nan nan nan nan nan nan nan nan nan nan nan nan nan nan nan nan nan nan nan nan nan nan nan nan nan nan nan nan nan nan
nan nan nan nan nan nan nan nan nan nan nan nan nan nan nan nan nan nan nan nan nan nan nan nan nan nan nan nan nan nan nan nan nan nan nan nan nan nan nan nan nan nan nan nan nan nan nan nan nan nan nan nan nan nan nan nan nan nan
nan nan nan nan nan nan nan nan nan nan nan nan nan nan nan nan nan nan nan nan nan nan nan nan nan nan nan nan nan nan nan nan nan nan nan nan nan nan nan nan nan nan nan nan nan nan nan nan nan nan nan nan nan nan nan nan nan nan
nan nan nan nan nan nan nan nan nan nan nan nan nan nan nan nan nan nan nan nan nan nan nan nan nan nan nan nan nan nan nan nan nan nan nan nan nan nan nan nan nan nan nan nan nan nan nan nan nan nan nan nan nan nan nan nan nan nan
nan nan nan nan nan nan nan nan nan nan nan nan nan nan nan nan nan nan nan nan nan nan nan nan nan nan nan nan nan nan nan nan nan nan nan nan nan nan nan nan nan nan nan nan nan nan nan nan nan nan nan nan nan nan nan nan nan nan
nan nan nan nan nan nan nan nan nan nan nan nan nan nan nan nan nan nan nan nan nan nan nan nan nan nan nan nan nan nan nan nan nan nan nan nan nan nan nan nan nan nan nan nan nan nan nan nan nan nan nan nan nan nan nan nan nan nan
nan nan nan nan nan nan nan nan nan nan nan nan nan 1.2257702172017395092 1.1696953078276015603 0.16269732203811079763 0 0 0 nan nan nan nan nan nan nan nan nan nan nan nan nan nan nan nan nan nan nan nan nan nan nan nan nan nan nan nan nan nan nan nan nan nan nan nan nan nan nan
nan nan nan nan nan nan nan nan nan nan nan nan 2.2016814404348408196 4.4142685121206284293 1.5301809221288587004 0.22825906967360728994 0 0 0 0.19742378509955851862 0.41034321275107032978 0.53987477518750004446 0.60814365228005140551 0.61563189374338411763 0.55171731488291531065 0.33684307300256699502 0.19110989067719022505 0 0 0 0 0 0 0 nan nan nan nan nan nan nan nan nan nan nan nan nan nan nan nan nan nan nan nan nan nan nan nan
nan nan nan nan nan nan nan nan nan nan nan 4.5193271458916512984 6.129979314581319727 5.2073151726003219508 1.6843517751504162305 0.3959156754861132832 0.43484628221880416987 0.33505035175481528986 0.16093280263920214934 0.41343973803811062684 2.855356682034095428 2.8011180529263390859 2.857807982851298334 3.3203134863973824409 2.3086095223659017783 2.632780177483699191 0.88644493303096572046 0.21899630416725629489 0.090706956349902972958 0 0 0 0.23538710526918560362 0.47094825545766344499 0.72835453399991501033 0.82158591854779872143 2.1047589145828529134 2.0918851530664417382 1.3723601830682230496 0.30441112113805940398 0 0 0 0 0 0 0 0 0 0 nan nan nan nan nan nan nan nan
nan nan nan nan nan nan nan nan nan nan 1.0622278582774322686 4.9659528564505519554 15.791548154061096909 4.6412181684553948102 1.0510781616303823682 2.0355769599661419633 2.9455252109241989444 2.5982738906154860814 0.73331925523180829796 1.1570303934757990572 3.5893298831685700456 8.1222076432486236541 3.8980145792226243984 3.4327993782138830348 7.5641803229948418874 5.1181916936381242067 2.6121517159751963533 1.2360443210986460372 0.30823702424536547628 0 0 0 0.41050131535863010335 2.6619311162191570119 3.5059415904512398754 4.1692623879592369818 3.1603916035578598631 4.3006151944336856729 1.7590563035127533276 0.43928281675082436752 0 0 0 0 0 0 0 0.049353672223798647489 0.10471730257313088819 0.15815689654922199248 0.16560519498968812035 0.073322904777653283293 0 0 0 0.27586830300109643765 1.4432692746818009955 1.6682441275530264235
0.27389553054487436601 nan nan nan nan 0 0 0 0 0 0.27390656969221438555 3.9317055039927133464 3.287426221468734866 4.3516173433889910882 0.82021201923051645366 2.3369836957730911742 8.1186590359865373756 2.7498155120094520676 1.0276923943411555573 4.2049234754880444598 6.6987974377444823304 5.1872741934384860585 4.2741198669429785184 4.5005703606098323988 4.5381739029488601389 6.5234387723781983581 4.949751720674363753 2.120727326275072766 0.63421117221176859235 0.39024916147145688461 0.34594499115505950027 0.16847686096099026565 0.60210783047044835747 2.1999715786413891472 7.3545430053230669287 6.8742767577933712175 6.487099825175521417 4.4586014442875994135 1.8891804672608625282 0.20364798338243728093 0 0 0 0 0 0 0 0.12984771395814537209 0.7661258332769937951 1.0935130361410370092 0.96695671216225576039 0.150625358242502283 0 0 0 0.95061706705004089812 4.2230979625061833005 12.251809592654947068
1.1823677147309719082 1.9185845842400524042 1.4037481312091135699 0.27331985129978153548 0 0 0 0 0 0 0.29942046465762700569 0.35430498484376049539 0.27272142247597819242 0.31903058369762948843 0.54380143448109596882 2.4053902746555029246 2.0900335496470914265 2.7225650530093568058 0.58729397383083481454 2.4750998196965650067 10.309141012729730491 5.1278904987207445387 1.6301180672887709555 1.8419957242275595277 1.7869432524276183116 2.7810921607278378254 4.5718956000108876836 2.2147783727493526307 1.7963912051165096262 1.7454737890344034223 1.4319069740425447446 0.28747874755954860859 0.36672072520126275386 1.8414972219589151869 3.5362455401703503099 5.0432669934153544489 6.9149003764627181567 4.8285607855977419334 1.7849178539165218016 0.45086818781658755118 0 0 0 0 0 0 0 0.15890576867165381869 1.0820777189815140584 3.0631735168796843105 1.1028356927436095969 0.16633348418989263306 0 0 0 0.68673176052690676485 5.3857593587060543783 6.1509281038019958388
1.4727311547868962016 2.1130520018704670449 1.643096001098427239 0.35995801358739654141 0 0 0 0 0 0 0 0 0 0 0.1263790235465213907 0.47801524044505105948 0.52697353886244413523 0.2194604592611233973 0.54902083347585706186 1.4879046903330377383 3.2296498159067725808 3.0229933132777935256 1.1268550264904722003 0.5633127051000068608 0.69159944260215810985 1.6989613321003163016 1.9461207129591082676 2.4759687418141345105 2.3321147905266714773 3.3110775877090947716 1.6460899407675528838 0.40996856188198027571 0.14091158555463037527 0.40705328567260368189 0.82091141961177027664 2.9051198369768664875 5.7905425742015648183 5.9539110511742769916 4.579314692879087545 0.81903860231682312776 0 0 0 0 0 0 0.0059680922767531277215 0.12058410617434459078 0.78322538476240244343 1.1049277455358550437 0.9742641923042235641 0.11359965064500376908 0 0 0 0.3513884126904131544 0.54436222546468160388 1.0904917542807426312
1.4105600394618722504 1.039396711743238777 1.0840703666075910405 0.15489593727547013025 0 0 0 0 0 0 0 0 0 0 0.0071868213624105732606 0.011666022447559612485 0.015123976146707625995 0.0055679666838910745613 0.14969745662662856112 0.35768643190083110328 0.35179150100598888251 0.75552318192747969228 0.54916637653004651831 0.041652143731150045869 0.066080738642527253601 0.30394412768417566895 2.0292146552264198611 0.56533942015003546544 1.4513138348304481795 1.0970873546273847143 0.72846406113849404562 0.2531254443762173123 0.26459486640364554555 0.19055823604476984645 0.14938908567997630228 1.1119193147041466219 3.7016052448023981647 8.7618571587291285141 4.8995148233346350608 1.6585927486465261715 0 0 0.12929337343619598522 0.60577888721633910141 0.88433265931266458182 1.064434163460008298 0.44189538414826939894 0.15038227121132477504 0.15790581986433877004 0.20934521275882175817 0.15137458628817782036 0.069857133295359016834 0 0.32108351097906812077 0.47367529098685307032 1.2109972163961884029 0.81296356754085374874 0.48926640554963291008
