src/SDSim/tmp/apis16
ncols        196
nrows        122
xllcorner    -12.166618000000
yllcorner    34.999860000000
cellsize     0.083333000000
[rows 88 to 109 of 122, columns 100 to 149 of 196]
13.210682544054021648 11.586675434195262469 9.622602827094695499 5.1024050732490575655 2.2420974321995266187 3.5667260230665411846 5.6643016185187464728 9.1487854956660825678 11.929007636560159611 6.4134109067988740449 3.2430010357651042341 3.1487189342743993059 4.1289904224052929038 3.4191028850727560595 2.8468040312285145532 1.9334279849574271815 0.96061192909866643941 0.54755796531626732548 0.29333612667370695393 0.18885550949608992388 0.21745934297272273561 0.27151484714012708022 0.44789328298089708946 1.1482810375416434567 1.6455653303645840779 2.8509220633913958665 3.7797735247004382586 5.8297921838641020287 10.723449615587533401 12.858587484568738901 12.820265451243077592 17.804704434029567039 31.399936957212471356 55.825875451521810078 69.258012584347738994 58.843674346862435698 nan nan nan nan nan nan nan nan nan nan nan nan nan nan
8.2105256650291149612 7.6719973661384877062 6.8739146736962197792 2.6863936620247370612 1.2934181374355382399 1.8893281081577992797 4.0061212673304371634 5.7206812485321805184 10.835346367099303322 15.165068792720930446 7.9564932686910561088 7.1767545359031421626 7.1472352739444584557 7.0535642145390831104 5.7194678919618615609 2.7789535856763096788 1.4264234909684230246 0.70610510528525038954 0.29213520733213516056 0.15460863503713495604 0.1740171911761941026 0.19970527062160545184 0.56286243691650694743 1.4051422775832074219 2.5043900769039915133 3.2778971004078329976 3.5390409035849961228 5.9390660473998710955 7.2584952905543245194 8.0577169439188072175 9.5983869773256138558 14.193679978616662751 26.061938143487346053 44.620282796072821441 55.53316988221906314 nan nan nan nan nan nan nan nan nan nan nan nan nan nan nan
2.7972595622798137605 3.0849365927157190725 3.9225696556518148128 2.0725621388930761668 1.2853173044969044003 1.8873174414702651447 2.6641499695401749115 5.9241442083775659455 11.696886770217128415 14.056920078542677999 12.035827850268292494 11.070797883176927812 14.655940645583269699 15.020843376281945325 7.5534081733774192102 3.2982994449733711306 1.0726403870723131284 0.5312089323562011467 0.2529471459338530348 0.18008928032115203988 0.33337360487408190801 0.62166527537168281281 0.98060222952100550842 2.2921373128305133626 3.8002715716639108301 5.7430322726580360637 5.1900447366449409259 4.1012749650928350675 2.9774246063244302896 4.6287390309693430268 5.3592341105976659676 10.040019367169305653 18.347427461052525643 35.593281993536727725 32.957397515872564497 26.90229905037154623 6.6561775636933742106 nan nan nan nan nan nan nan nan nan nan nan nan nan
1.6975214656284332015 1.7130408594378940812 1.7496738875443169636 1.3300365140741359227 1.116672524771922026 1.6416386325055467577 3.2156351123734978614 5.4530319344512614421 7.4610764749366147441 15.855906281707403238 18.897970725474582565 13.683570355046491329 15.672098447520470543 13.225187842926860782 7.6975941697329162139 3.7410826383045958643 1.5183587901523192265 0.62735185487704125951 0.36484264205741101517 0.34116853742629532631 0.61285123721581613587 1.4534946717524963589 3.1000272279405725051 5.4408707697810330117 10.758881008244555844 10.399611346554364033 7.8466857176752400349 3.3512523242007841162 3.2363815949659282545 2.5556794037634782413 2.0569439619241514094 nan 8.2806699282182751887 nan 19.588067321078849403 nan nan nan nan nan nan nan nan nan nan nan nan nan nan nan
1.4164122148325961614 1.4061985454791168237 1.4761557618053815499 1.2038908541079293979 1.1003124060771798387 1.1823688001438952266 1.9305166028626825625 4.2368758665536319086 7.7135320114934087243 8.4210207394023122163 7.0531051957621189175 6.4431969603148804282 10.690211278053560306 8.3874518200698418013 4.6396443426564006884 2.4451347055859962154 1.4971436212861988224 0.96108515372422376188 0.80299995411821667446 1.2469652204945227414 2.2756859947277199296 5.5360691108498292223 9.4247651275836847873 16.20750302107773777 18.635951400260395872 17.765652166862082595 11.799857197542303666 5.0258160411506622722 1.8760456844140649402 nan nan nan nan nan nan nan nan nan nan nan nan nan nan nan nan nan nan nan nan nan
1.8251768363184965871 2.834502273664285088 1.7352659371768408558 1.4768115996587389827 1.0636827377744466627 0.8783502173444777128 1.4375384869503007312 2.9103182190571756927 4.6574749430432360597 3.563448740708560436 2.7091079059645655214 2.0113400891867159181 3.3544581710478889036 4.4159532176833424799 3.4846146669899091819 2.5541860527410467085 2.5083173521816224394 1.749733316982799769 1.7612584393314636433 2.799394299145401277 5.463590809472479215 10.361171044298426835 16.412228043552651968 21.322899875929486768 23.643941327094992744 19.973622346071099543 9.9875679836371489273 nan nan nan nan nan nan nan nan nan nan nan nan nan nan nan nan nan nan nan nan nan nan nan
2.5749446221419507452 4.3899440987843894035 4.1182274909445037991 1.8691899340700721677 0.96063374982752125497 0.80442829916708624705 0.95299489373545431814 1.5699998589534358562 1.9513768797874870842 1.6559501481558254188 0.82925619834349240111 0.61941666356155289375 1.1277559997354771326 1.7227969912136713582 1.6838401535372846674 1.4410448839795244602 1.7004991019664059682 1.3887657079805268978 1.3182302742135942886 2.3611124486222792029 5.4976298467969799688 10.440343462397663643 17.095417418381646968 19.148672717527556841 17.699121899308781991 12.427107067671718355 nan nan nan nan nan nan nan nan nan nan nan nan nan nan nan nan nan nan nan nan nan nan nan nan
5.7390543039411650028 5.8505905618461966355 5.7743838094042763132 3.5382165353054038093 1.5908182676940667566 0.84640606908680005027 0.51435901116648641285 0.6191733663223094597 0.71443553280758254065 0.74046361033550112118 0.78837181089992725003 0.90519285516465686214 0.94548072136429195389 1.185081045471013228 1.2252729256223280352 1.0695768112702033203 1.1606047231646698936 0.97703671722965212965 1.2799936483263423259 1.5638191830901124746 2.9749128972623295475 7.7999298911406098611 11.35292590243344435 12.563187124179703957 8.7981541637597917571 nan nan nan nan nan nan nan nan nan nan nan nan nan nan nan nan nan nan nan nan nan nan nan nan nan
5.392112469294537469 6.6804461318470149678 6.071749388072258391 4.2203004086077662294 2.1207529232713837608 0.78828553493588982004 0.28627677708702353732 0.14780072592835966083 0.26099641386929423037 0.41138599186836899424 0.65788849455872844274 1.7312036925700455825 3.7021211056481964086 5.3947754632223707816 5.6675482747567427211 5.8408817213265802337 8.9644854580298982683 6.1659631390888183233 3.2631861967496504917 2.3655933019826442809 2.4706897265423908294 4.3004030510503810092 6.9459434277775322641 5.3343521103719693244 nan nan nan nan nan nan nan nan nan nan nan nan nan nan nan nan nan nan nan nan nan nan nan nan nan nan
3.7095132883584538419 5.3843437028323704041 4.0212598899960196874 2.7434084372787252981 1.1449471855209101268 0.35441338404908195869 0.20406414203391493034 0.1114497761799956993 0.21865989441729413723 0.4269758222020071381 0.6362347860809800526 1.0286973371102459129 3.66410097717980765 7.8140593555717927643 20.235401206673635954 30.762760604502798145 27.484468797719333821 18.317932939736497389 7.3721778569176521501 2.8871223511967465392 1.8651892586664373663 2.1930120382310853699 2.0355739568992103905 1.9588289782168799569 nan nan nan nan nan nan nan nan nan nan nan nan nan nan nan nan nan nan nan nan nan nan nan nan nan nan
1.615621596961898998 2.0041843431672186071 3.2289285878029909682 3.642377591272643933 1.8279127020122065694 0.98981649598074927798 0.50420346796101633835 0.63959933445622252357 1.6446994820799705206 5.254527240580839198 4.1772926346839547307 4.7574811150445750485 11.627065807850467394 18.239453102091637504 41.638032915402746426 63.801281060214193985 35.365525820499946974 18.395607615280781033 7.3416776616942440725 2.6433954639825714139 1.1083687947370826077 0.88230337622105192708 0.8146848572005522815 nan nan nan nan nan nan nan nan nan nan nan nan nan nan nan nan nan nan nan nan nan nan nan nan nan nan nan
0.89553885974569169548 1.5271029567119389636 2.2290919123765551291 4.0650393675662463977 2.4637726788287550583 0.599937308351312093 0.5170452051044613917 1.1491763109772525908 3.2842308894066083447 9.9853221551983359916 21.155905989453593463 18.525748239007249651 39.730296304512471295 65.153996870145348907 66.173837103466524923 45.454002034215449157 20.26789775485395495 nan 2.9518504820047408721 1.7143742460770308167 0.74958112378296060108 0.35971735194029014204 nan nan nan nan nan nan nan nan nan nan nan nan nan nan nan nan nan nan nan nan nan nan nan nan nan nan nan nan
1.2493262825327224874 1.4971556084926995744 1.9853291142160736094 1.6004807372572913415 1.6785342611336151464 1.0617476381900088356 0.66377661624382011674 1.1946597203473650062 3.5793049301268928808 8.6958903442128452355 13.777270834013700451 24.663297084092839384 38.348268017271749386 42.912179372764370555 nan nan nan nan nan 0.71504853209056562502 0.36803938126676138953 nan nan nan nan nan nan nan nan nan nan nan nan nan nan nan nan nan nan nan nan nan nan nan nan nan nan nan nan nan
nan nan nan nan nan nan nan nan nan nan nan nan nan nan nan nan nan nan nan nan nan nan nan nan nan nan nan nan nan nan nan nan nan nan nan nan nan nan nan nan nan nan nan nan nan nan nan nan nan nan
nan nan nan nan nan nan nan nan nan nan nan nan nan nan nan nan nan nan nan nan nan nan nan nan nan nan nan nan nan nan nan nan nan nan nan nan nan nan nan nan nan nan nan nan nan nan nan nan nan nan
nan nan nan nan nan nan nan nan nan nan nan nan nan nan nan nan nan nan nan nan nan nan nan nan nan nan nan nan nan nan nan nan nan nan nan nan nan nan nan nan nan nan nan nan nan nan nan nan nan nan
nan nan nan nan nan nan nan nan nan nan nan nan nan nan nan nan nan nan nan nan nan nan nan nan nan nan nan nan nan nan nan nan nan nan nan nan nan nan nan nan nan nan nan nan nan nan nan nan nan nan
nan nan nan nan nan nan nan nan nan nan nan nan nan nan nan nan nan nan nan nan nan nan nan nan nan nan nan nan nan nan nan nan nan nan nan nan nan nan nan nan nan nan nan nan nan nan nan nan nan nan
nan nan nan nan nan nan nan nan nan nan nan nan nan nan nan nan nan nan nan nan nan nan nan nan nan nan nan nan nan nan nan nan nan nan nan nan nan nan nan nan nan nan nan nan nan nan nan nan nan nan
nan nan nan nan nan nan nan nan nan nan nan nan nan nan nan nan nan nan nan nan nan nan nan nan nan nan nan nan nan nan nan nan nan nan nan nan nan nan nan nan nan nan nan nan nan nan nan nan nan nan
nan nan nan nan nan nan nan nan nan nan nan nan nan nan nan nan nan nan nan nan nan nan nan nan nan nan nan nan nan nan nan nan nan nan nan nan nan nan nan nan nan nan nan nan nan nan nan nan nan nan
nan nan nan nan nan nan nan nan nan nan nan nan nan nan nan nan nan nan nan nan nan nan nan nan nan nan nan nan nan nan nan nan nan nan nan nan nan nan nan nan nan nan nan nan nan nan nan nan nan nan
