src/SDSim/tmp/apis19
ncols        196
nrows        122
xllcorner    -12.166618000000
yllcorner    34.999860000000
cellsize     0.083333000000
[rows 22 to 43 of 122, columns 0 to 49 of 196]
nan nan nan nan nan nan nan nan nan nan nan nan nan nan nan nan nan nan nan nan nan nan nan nan nan nan nan nan nan nan nan nan nan nan nan nan nan nan nan 0.16451809158332791894 nan nan 0.091393363561692309016 0.092218091969163140664 0.068778402705547386775 0.068643608224010610463 0.12416038323211670003 0.21534704374411062222 0.25455006801119317572 0.21676618571416148007
nan nan nan nan nan nan nan nan nan nan nan nan nan nan nan nan nan nan nan nan nan nan nan nan nan nan nan nan nan nan nan nan nan nan nan nan nan nan 0.28012416383909055639 0.33285206403471734316 0.30338302552260726364 0.23448001118853470381 0.2042339289289541171 0.17321614680054897573 0.13415565474861243511 0.12547337231672869851 0.14390769108182155378 0.19901990606380517979 0.21922747139988293941 0.1929178474828809331
nan nan nan nan nan nan nan nan nan nan nan nan nan nan nan nan nan nan nan nan nan nan nan nan nan nan nan nan nan nan nan nan nan nan nan nan 0.18680854952579356576 0.30645201900423779673 0.3914338745107523998 0.44942099311968336517 0.40824701494396570256 0.3665383066634382847 0.33018060987310593468 0.22416438318839543298 0.1901609187580034499 0.16724217147989772769 0.17845798061611059526 0.18474827051202738493 0.18433634222700612249 0.18709772414022426967
nan nan nan nan nan nan nan nan nan nan nan nan nan nan nan nan nan nan nan nan nan nan nan nan nan nan nan nan nan nan nan nan nan nan nan 0.089473270836347401636 0.24910340129854635638 0.37748142143824198191 0.44953719462909097482 0.45734914905292584075 0.47986221276247742473 0.39505866544114603967 0.37450791860738447125 0.3582279100056667831 0.29436079785432262002 0.24128567364865402545 0.23565865818872674953 0.24634525316199815115 0.22952653208252540851 0.21267267880837512073
nan nan nan nan nan nan nan nan nan nan nan nan nan nan nan nan nan nan nan nan nan nan nan nan nan nan nan nan nan nan nan nan nan nan nan nan nan 0.37573112920697315786 0.45726445539437970966 0.46854608949833392861 0.4455287125730198472 0.48451052996735460843 0.47097698706150742387 0.48567028202840251128 0.44962772349898172397 0.41666522611842671253 0.40488059624422412242 0.39768818857849169701 0.39582021246314597063 0.28179221532783949034
nan nan nan nan nan nan nan nan nan nan nan nan nan nan nan nan nan nan nan nan nan nan nan nan nan nan nan nan nan nan nan nan nan nan nan nan nan 0.26656810968977584508 0.44208344576844893492 0.44397483065587300954 0.48736992155022113016 0.49005889484556158786 0.5156318865123310502 0.53131195486075522005 0.53630595779071588147 0.58204826555852307024 0.49866741698259398063 0.46828574417999146995 0.43988063223279955105 0.38146792848246169338
nan nan nan nan nan nan nan nan nan nan nan nan nan nan nan nan nan nan nan nan nan nan nan nan nan nan nan nan nan nan nan nan nan nan nan nan nan 0.20150610872485583136 0.36033835705018663065 0.41658376118267448351 0.44032475393295872346 0.37049787039961940005 0.49497472505037104495 0.53081480644327128093 0.52979303620663653618 0.53169013514112395402 0.49836253891804610516 0.41613523074104696864 0.33313434236965333568 0.25615926733307187169
nan nan nan nan nan nan nan nan nan nan nan nan nan nan nan nan nan nan nan nan nan nan nan nan nan nan nan nan nan nan nan nan nan nan nan nan nan nan 0.20314352287791825891 0.27452014354864812118 0.28211669223043256416 0.32966646104889490987 0.38152209959263022609 0.50642225342562097179 0.47875515638043220079 0.32909596549540676147 0.41543385266558430224 0.36936146919224427387 0.24569866209806545676 0.16378092014409953436
nan nan nan nan nan nan nan nan nan nan nan nan nan nan nan nan nan nan nan nan nan nan nan nan nan nan nan nan nan nan nan nan nan nan nan nan nan nan nan nan 0.20994470481356358738 0.29391844431019797934 0.42101466687623745333 0.46583104745418502102 0.37840477312287673639 0.30532175437673031437 0.15360839901276915342 0.2571316991485306791 0.22876422175268892878 0.15018760720340132431
nan nan nan nan nan nan nan nan nan nan nan nan nan nan nan nan nan nan nan nan nan nan nan nan nan nan nan nan nan nan nan nan nan nan nan nan nan nan nan nan 0.2100119142614366996 0.33779628115945387057 0.46127407724221547447 0.62796142546534738926 0.52019090959719882505 0.26263951150801606582 0.17945728679724465282 0.24077867766545787975 0.25336393326679634841 0.1900126827494565962
nan nan nan nan nan nan nan nan nan nan nan nan nan nan nan nan nan nan nan nan nan nan nan nan nan nan nan nan nan nan nan nan nan nan nan nan nan nan nan 0.069082381555594818412 0.24588396715258092895 0.40213159129566422578 0.69145209600300538977 0.79696181981336167155 0.7746342547064959394 0.35775615929945192573 0.23859343198437804601 0.3385792296748127983 0.35947610095883536507 0.43342364792334819867
nan nan nan nan nan nan nan nan nan nan nan nan nan nan nan nan nan nan nan nan nan nan nan nan nan nan nan nan nan nan nan nan nan nan nan nan nan nan nan nan nan 0.56789663673154133772 0.87186005392015697435 1.1107548577562034176 1.1130707222409756962 0.46335753475134894286 0.37181186050314396496 0.44026017104664688651 0.95224702846319908556 0.61225528846216437096
nan nan nan nan nan nan nan nan nan nan nan nan nan nan nan nan nan nan nan nan nan nan nan nan nan nan nan nan nan nan nan nan nan nan nan nan nan nan nan 0.20452683746977656787 0.4292874697810442064 nan 1.253138480901951457 1.8396180454593307196 1.3516408851557031312 1.023564846038989673 0.49370454701407828768 0.97792968728132889655 1.2782402708968139127 0.78242164248461520959
nan nan nan nan nan nan nan nan nan nan nan nan nan nan nan nan nan nan nan nan nan nan nan nan nan nan nan nan nan nan nan nan nan nan nan nan nan nan nan nan 0.74301966669912700159 1.316029289183576978 2.0334599409327509534 3.0008549974838687469 2.5755249639709609788 1.9038628059335858111 1.4871437761581771664 1.6605715365614848178 0.95695597931553411097 0.65481306517535764478
nan nan nan nan nan nan nan nan nan nan nan nan nan nan nan nan nan nan nan nan nan nan nan nan nan nan nan nan nan nan nan nan nan nan nan nan nan nan nan nan 0.93512289314790941752 1.7992605451024767937 2.8623713068009823957 3.9023387956465711568 4.4665748475594897471 2.5641736924063187608 3.640095296122156654 1.4074295228434252625 0.49437050677563554313 0.20819169310940879858
nan nan nan nan nan nan nan nan nan nan nan nan nan nan nan nan nan nan nan nan nan nan nan nan nan nan nan nan nan nan nan nan nan nan nan nan nan nan nan 0.56482920610151188257 1.3626840418852481651 2.2058461664872877073 3.3329089919745520376 4.4276545585682756112 3.9486695404917506735 4.3775224874310874057 1.2783759379675925238 0.55989916392820349156 0.19091764047949191796 0.09359082415097140506
nan nan nan nan nan nan nan nan nan nan nan nan nan nan nan nan nan nan nan nan nan nan nan nan nan nan nan nan nan nan nan nan nan nan nan nan nan nan nan 0.67018093819260216026 1.3852163954718059724 2.3761541860602330978 2.6911368836475642041 2.7763836621951454298 3.0117948959669105236 2.0605939410044245008 0.81468739017642510802 0.47334217523784410941 0.26471960849068787436 0.18237911311877536003
nan nan nan nan nan nan nan nan nan nan nan nan nan nan nan nan nan nan nan nan nan nan nan nan nan nan nan nan nan nan nan nan nan nan nan nan nan nan nan nan 1.6461198569876218656 2.4110115841390884484 2.5420808909535876907 2.8640145243105616935 6.0422416343460927379 4.6705585987906754752 2.279037044706654136 1.320629732072452045 0.43893185226832098778 0.14841743047689615054
nan nan nan nan nan nan nan nan nan nan nan nan nan nan nan nan nan nan nan nan nan nan nan nan nan nan nan nan nan nan nan nan nan nan nan nan nan nan nan 0.75068616008598554323 1.5009372104932339198 2.0880402375566622375 3.9218589168134281309 5.2297230699047538849 5.9622632212100539206 6.5312875042443945262 2.8228720249610388393 0.73926104720404439696 0.2964278106589566808 0.14619732828936402025
nan nan nan nan nan nan nan nan nan nan nan nan nan nan nan nan nan nan nan nan nan nan nan nan nan nan nan nan nan nan nan nan nan nan nan nan nan nan nan 0.7269638488730573167 1.46921052618196879 2.4483003374632628102 3.4199397332549876793 3.7198630133654111418 5.6100309317606695814 4.8200055809465993661 3.4792885376347513215 1.3016327086356980214 0.55073150128885950405 0.69481566078822698529
nan nan nan nan nan nan nan nan nan nan nan nan nan nan nan nan nan nan nan nan nan nan nan nan nan nan nan nan nan nan nan nan nan nan nan nan nan nan nan nan 1.3128421629498456813 2.5579937911047845311 3.5311591604454508619 5.2107820694649253923 6.4521309420504122656 6.4326753351058609809 4.5381722483270792168 2.9094294117661290144 1.5724372644087478701 0.34299441989575901735
nan nan nan nan nan nan nan nan nan nan nan nan nan nan nan nan nan nan nan nan nan nan nan nan nan nan nan nan nan nan nan nan nan nan nan nan nan nan nan nan 0.91995652538788019736 1.8676565123502895105 3.6134912299153971738 4.8759635082608756562 6.3569012123630033173 4.5896072333577313529 4.595488514534907587 4.8704421110066897782 1.7816825178989255107 1.18768051351376136
