src/SDSim/tmp/apis9
ncols        196
nrows        122
xllcorner    -12.166618000000
yllcorner    34.999860000000
cellsize     0.083333000000
[rows 44 to 65 of 122, columns 0 to 49 of 196]
nan nan nan nan nan nan nan nan nan nan nan nan nan nan nan nan nan nan nan nan nan nan nan nan nan nan nan nan nan nan nan nan nan nan nan nan nan nan nan nan 0.46059696993384435793 1.3914423095440637823 2.336931686490783644 4.4037262863895678677 4.3138489368953685243 5.0375943376794349859 4.0909288282470885889 2.4048438498064017566 1.4987665597540638096 0.86770582368052939781
nan nan nan nan nan nan nan nan nan nan nan nan nan nan nan nan nan nan nan nan nan nan nan nan nan nan nan nan nan nan nan nan nan nan nan nan nan nan nan nan 0.29062701634472415391 0.87803672407203692263 1.8640098795123716258 3.1245428864011750569 4.2795279663946210746 4.4373183484149363309 2.9906496181063739748 3.737248605543579405 1.6538345765425537248 1.6466365387875039339
nan nan nan nan nan nan nan nan nan nan nan nan nan nan nan nan nan nan nan nan nan nan nan nan nan nan nan nan nan nan nan nan nan nan nan nan nan nan nan nan nan 0.55720069738558486439 1.2688626145501316067 2.348713355032145067 2.2748589583767433453 2.9522800939886195692 2.9016402750380789755 4.6067603914776755758 4.8046517583829251308 4.3512635919813433816
nan nan nan nan nan nan nan nan nan nan nan nan nan nan nan nan nan nan nan nan nan nan nan nan nan nan nan nan nan nan nan nan nan nan nan nan nan nan nan nan nan 0.31612531966220275281 0.76334850697962874921 1.2607732940898082052 1.7911630107351645957 2.6308257909078007764 6.548826616414152646 8.5038350539923808213 8.7038456273642381689 4.5967459842327045294
nan nan nan nan nan nan nan nan nan nan nan nan nan nan nan nan nan nan nan nan nan nan nan nan nan nan nan nan nan nan nan nan nan nan nan nan nan nan nan nan nan 0.15532597114171989294 0.36156307328614367691 0.71763849775114352258 1.454396321188799801 3.5608704773734163318 5.5240371708171949194 13.10805945744660761 10.115090391976073292 4.278762023796649494
nan nan nan nan nan nan nan nan nan nan nan nan nan nan nan nan nan nan nan nan nan nan nan nan nan nan nan nan nan nan nan nan nan nan nan nan nan nan nan nan nan nan 0.15715570697185340943 0.3922235761587050118 1.0730247322023858114 2.6040293363122040127 5.9597446367525703792 8.0510878371414804633 12.824416562425154709 8.3851646309623308895
nan nan nan nan nan nan nan nan nan nan nan nan nan nan nan nan nan nan nan nan nan nan nan nan nan nan nan nan nan nan nan nan nan nan nan nan nan nan nan nan nan nan 0.09651812411381638368 0.29598455337742468618 0.72611958650296792861 1.827240153638844733 4.2622622282401341209 6.1467564512829602208 12.429379771841519542 10.851068817375821851
nan nan nan nan nan nan nan nan nan nan nan nan nan nan nan nan nan nan nan nan nan nan nan nan nan nan nan nan nan nan nan nan nan nan nan nan nan nan nan nan nan 0.041045158605792469997 0.15255674030318261414 0.42554264120412432781 1.003325701339134568 1.9787235954571842367 1.5324530978573189799 2.5651415084693649504 4.6412499057541376501 13.015254771831118674
nan nan nan nan nan nan nan nan nan nan nan nan nan nan nan nan nan nan nan nan nan nan nan nan nan nan nan nan nan nan nan nan nan nan nan nan nan nan nan nan nan nan 0.33413763972245674738 0.9361035224135542121 1.9517554298178798611 1.9360776684778275847 6.0973113831128431528 5.0202969045272487492 8.0289094374207863325 10.023772895862386179
nan nan nan nan nan nan nan nan nan nan nan nan nan nan nan nan nan nan nan nan nan nan nan nan nan nan nan nan nan nan nan nan nan nan nan nan nan nan nan nan nan nan 0.80261812489955552952 1.9719281159059964814 4.2203853313899362121 6.1307064418465806455 5.2166401176060617217 5.0363763639583352116 2.5382109090411257846 4.1625596553608215089
nan nan nan nan nan nan nan nan nan nan nan nan nan nan nan nan nan nan nan nan nan nan nan nan nan nan nan nan nan nan nan nan nan nan nan nan nan nan nan nan nan 0.6610646543054459201 1.2157464118631775563 3.5382130404114224831 8.4043056827161741751 8.704270075543023566 6.3616490103800806821 2.7271943328782581872 3.393334838575968071 2.3247636073195767636
nan nan nan nan nan nan nan nan nan nan nan nan nan nan nan nan nan nan nan nan nan nan nan nan nan nan nan nan nan nan nan nan nan nan nan nan nan nan nan nan 0.70355526151130320933 1.3828731453264226925 2.1233801769272266924 4.7132740613289696441 10.225273931085922641 15.503253543005744319 9.8202019990942801542 4.8308322898781579369 3.6436057084532311734 2.9777227634120939648
nan nan nan nan nan nan nan nan nan nan nan nan nan nan nan nan nan nan nan nan nan nan nan nan nan nan nan nan nan nan nan nan nan nan nan nan nan nan nan nan 1.6329498718161850057 2.7239146408462691085 3.4201732818142960291 5.7311140389973234122 10.455305012432601686 10.625353032217347504 11.978895595923034989 6.2132761278180312914 3.5006154671230218511 3.9100697870809715262
nan nan nan nan nan nan nan nan nan nan nan nan nan nan nan nan nan nan nan nan nan nan nan nan nan nan nan nan nan nan nan nan nan nan nan nan nan nan nan nan 3.3554103280245257679 4.4742830057355202911 4.6336015292531884668 5.4465253800578912191 6.5444229224281924573 5.5385663834703064978 6.4533521071006916259 5.1490669149605530208 3.3919957169522558793 2.8845672005014808548
nan nan nan nan nan nan nan nan nan nan nan nan nan nan nan nan nan nan nan nan nan nan nan nan nan nan nan nan nan nan nan nan nan nan nan nan nan nan nan 2.6985421834421163823 4.8750431071993016729 6.4822350229377008191 7.3681416604243521462 5.8986556078238727707 4.4409888179460175195 2.9221223012604462532 2.7158343014389978443 2.3182480261741220673 1.7647832384915329573 1.5658530550615237242
nan nan nan nan nan nan nan nan nan nan nan nan nan nan nan nan nan nan nan nan nan nan nan nan nan nan nan nan nan nan nan nan nan nan nan nan nan nan nan 2.46670013212270689 6.3761885800643902655 9.0368816468247530338 9.8743994983369205443 8.7065007350144085763 4.8652623060585851178 2.3425586783013327974 1.29040625126659525 0.90078422105288735722 0.61080969627637560215 0.71759503200547647417
nan nan nan nan nan nan nan nan nan nan nan nan nan nan nan nan nan nan nan nan nan nan nan nan nan nan nan nan nan nan nan nan nan nan nan nan nan nan nan nan 5.9462316720859815788 9.7750977410065438278 10.257478539606676549 9.574298955068018202 5.0407900329434189857 2.7374409666406918085 1.2520017378071468528 0.53767692348342066566 0.35698123556330807471 0.33794449311904761757
nan nan nan nan nan nan nan nan nan nan nan nan nan nan nan nan nan nan nan nan nan nan nan nan nan nan nan nan nan nan nan nan nan nan nan nan nan nan nan 2.0754624918112285492 4.3844236092113595404 7.0056602626108386289 9.1867034890947589787 6.793427929101085283 5.1253120208583267114 3.7031906221644881327 1.1412192293411853594 1.1393855617245920442 0.92679040432963322171 1.1025191445645143862
nan nan nan nan nan nan nan nan nan nan nan nan nan nan nan nan nan nan nan nan nan nan nan nan nan nan nan nan nan nan nan nan nan nan nan nan nan nan 0.49174740098490438145 1.3448111058115321814 2.7036189252572562225 3.9488026860897078585 4.646109844413906842 4.216229468054831564 5.385802646930996751 5.2331219030618729704 4.0531279580370647153 3.5229571715527012721 3.3120935579385895053 3.7394240163441048175
nan nan nan nan nan nan nan nan nan nan nan nan nan nan nan nan nan nan nan nan nan nan nan nan nan nan nan nan nan nan nan nan nan nan nan nan nan nan 0.34931936746688824202 0.75875761707983335747 1.1793909399452955356 1.626963843522786668 2.1376973801044747425 3.1839313740094969951 5.0471121541486345663 5.7313092916159478207 6.6517483228130229733 9.1131088179535719718 8.1137802875311297868 4.9600553904917052961
nan nan nan nan nan nan nan nan nan nan nan nan nan nan nan nan nan nan nan nan nan nan nan nan nan nan nan nan nan nan nan nan nan nan nan nan nan nan 0.37788415529774832535 0.644269444205154862 0.7739004804401781179 0.75793386601637591227 1.0294684378249585599 1.7918772239753197884 3.4697781101132889603 6.153442880593803288 9.0953321262269817282 14.509187823505181214 15.814294121316523345 12.143360287184082225
nan nan nan nan nan nan nan nan nan nan nan nan nan nan nan nan nan nan nan nan nan nan nan nan nan nan nan nan nan nan nan nan nan nan nan nan nan nan 0.64125239689627300255 1.0297061943135570328 0.88557983245514526605 0.65765813379657789284 0.54523031229810681175 1.095733335734012881 2.1693555556705641507 4.19021403317633645 9.1864353808561407533 15.22673767422239699 21.025389501770813894 16.51732476063085997
