src/SDSim/tmp/apis1
ncols        196
nrows        122
xllcorner    -12.166618000000
yllcorner    34.999860000000
cellsize     0.083333000000
[rows 52 to 77 of 122, columns 0 to 57 of 196]
nan nan nan nan nan nan nan nan nan nan nan nan nan nan nan nan nan nan nan nan nan nan nan nan nan nan nan nan nan nan nan nan nan nan nan nan nan nan nan nan nan nan 0 0 0 0.39220299999056618123 6.1963475420131706173 23.817119046244449976 8.4864247955624989572 3.9975734002237741649 0.55123715689044994193 0.04479675582709920223 0 0 0 0 0 0
nan nan nan nan nan nan nan nan nan nan nan nan nan nan nan nan nan nan nan nan nan nan nan nan nan nan nan nan nan nan nan nan nan nan nan nan nan nan nan nan nan nan 0 0.17569269089979225318 0.38375910169174559661 1.0240897671260646984 4.8933972857062713047 5.0678019604342940951 2.9730744843230874075 0.55894028745523116619 0.11690049176724051638 0.06912313934639285895 0.15144270214446092782 0.23243628152493653327 0.14693257062202058627 0.05931169504438393858 0 0
nan nan nan nan nan nan nan nan nan nan nan nan nan nan nan nan nan nan nan nan nan nan nan nan nan nan nan nan nan nan nan nan nan nan nan nan nan nan nan nan nan 0 0 0.36939821168027098253 5.9019722917188159883 5.8726589579479693271 5.033190188405948895 0.63301803322121863449 0.35628366419407730969 0.17549889722708195139 0.053079727380074270826 0.20920782475594995597 2.2306907322277220729 2.2159333105851990453 2.0224507733612546723 0.18142283823101601481 0 0
nan nan nan nan nan nan nan nan nan nan nan nan nan nan nan nan nan nan nan nan nan nan nan nan nan nan nan nan nan nan nan nan nan nan nan nan nan nan nan nan 0.24453489819094742508 0.26961721997276982821 0.10913433890860733955 0.56471516030734636438 6.3946630180781145469 41.974956964732427878 6.2671499628976370389 0.57624044258617490577 0.5175334905068189606 0.56798542899557680208 0.92949904186099774339 0.59085340778873851608 2.8853346572515343738 15.732541298630533078 2.6916212172418676474 0.2223459040279147092 0 0
nan nan nan nan nan nan nan nan nan nan nan nan nan nan nan nan nan nan nan nan nan nan nan nan nan nan nan nan nan nan nan nan nan nan nan nan nan nan nan nan 2.6259783064478536829 2.8787960086915265201 0.24372605732963698033 0.41657881633944515709 6.4712644400735648276 6.3260135353604587394 6.9564049991046754684 0.49893456104621114466 0.54564480495870959498 4.2774071255445225148 0.99129990819087876464 2.3174870164381240478 2.8723728196309088467 2.627120477232697926 1.0907193627954112625 0.054202000080285833716 0 0
nan nan nan nan nan nan nan nan nan nan nan nan nan nan nan nan nan nan nan nan nan nan nan nan nan nan nan nan nan nan nan nan nan nan nan nan nan nan nan nan 12.177262516554870686 3.3543291315870487068 0.47515036953019412769 0.29236867364201241104 0.47005450545789539962 0.58073293630294753331 0.45118331590456095537 0.28474905560675750626 0.59430118533574716189 0.65591850326090828105 0.93066023895066141147 0.45446388971890133712 0.39620427418383541429 0.18894932535667560702 0.049900066601949621958 0.021154074953766092287 0 0
nan nan nan nan nan nan nan nan nan nan nan nan nan nan nan nan nan nan nan nan nan nan nan nan nan nan nan nan nan nan nan nan nan nan nan nan nan nan nan 2.8409187201863890238 3.405538410379271852 4.6082845839568067348 1.9403944338855534379 1.3909221720515869691 0.085692987488247995831 0 0 0.018619025753029913584 0.036690083504113457646 0.067642586443799224138 0.059390869618404368291 0.038908564505037150638 0.019396878180354099053 0.0078926907506092439798 0 0 0 0
nan nan nan nan nan nan nan nan nan nan nan nan nan nan nan nan nan nan nan nan nan nan nan nan nan nan nan nan nan nan nan nan nan nan nan nan nan nan nan 0.69322695689223956528 5.875623313685053084 7.5960635196283297077 13.892307022149946505 1.9275642784998783252 0.13872867830713528359 0 0 0 0 0 0 0 0 0 0 0 0 0
nan nan nan nan nan nan nan nan nan nan nan nan nan nan nan nan nan nan nan nan nan nan nan nan nan nan nan nan nan nan nan nan nan nan nan nan nan nan nan nan 5.6897260307813652958 36.869124537830124666 7.9439969854384733239 2.1308823350516243877 0.093942153091710750568 0 0 0 0 0 0 0 0 0 0.20575958341086017511 0.42650686700070550295 0.59258612589946124682 0.4034554504533697239
nan nan nan nan nan nan nan nan nan nan nan nan nan nan nan nan nan nan nan nan nan nan nan nan nan nan nan nan nan nan nan nan nan nan nan nan nan nan nan 0.43668033532741395986 5.2328512322469453721 6.1857300809894768534 6.880719454204511365 0.63589646347064554543 0.2000065101996925665 0.23360826156049036006 0.097823430526536442331 0.060701132681016602144 0 0 0.15333118826418368208 0.30665038357249163603 0.53755258179480336356 0.29549778837138473975 0.61263840625461796208 6.6081158622367430766 7.3993603865968289313 7.4339896818470503348
nan nan nan nan nan nan nan nan nan nan nan nan nan nan nan nan nan nan nan nan nan nan nan nan nan nan nan nan nan nan nan nan nan nan nan nan nan nan 0 0.19638630750392252478 0.40940046122653162008 0.65501422992632130082 0.45529588086723138396 0.3606956918361009512 2.2043235897019544112 2.3435922783885443366 1.9531834025209811045 0.13255841168317333834 0 0 0.25757209023338628606 4.3758509145991419942 5.1916608257503815693 5.3963915125985426613 1.0867412903449962247 8.109630933716037049 52.996167802054081619 8.0344669415980796146
nan nan nan nan nan nan nan nan nan nan nan nan nan nan nan nan nan nan nan nan nan nan nan nan nan nan nan nan nan nan nan nan nan nan nan nan nan nan 0 0 0 0 0 0.21042302411347493796 2.3141693931400215689 13.511109959268489789 2.2907214252550236466 0.65781204055524211682 0.61252026547182980565 0.33284439466263071594 0.62002335373955386189 2.9882976618175254302 38.369483880780713037 6.3624276042883884941 1.0687609830423425716 7.4367832901131620815 8.0261573727120811839 7.5484542674466128531
nan nan nan nan nan nan nan nan nan nan nan nan nan nan nan nan nan nan nan nan nan nan nan nan nan nan nan nan nan nan nan nan nan nan nan nan nan nan 0 0 0 0 0 0.13030431199242820117 1.9791759790072060987 2.3026201018099943241 2.5046877249624963646 6.7224515334764340935 6.995242259537599594 6.0795661724416207861 0.66460768232431566283 4.5976188209882096203 6.2690121871648170071 5.8983859753224923139 0.5915786753851343116 0.45973540553000924458 0.73293846377105165146 0.47688548786386364409
nan nan nan nan nan nan nan nan nan nan nan nan nan nan nan nan nan nan nan nan nan nan nan nan nan nan nan nan nan nan nan nan nan nan nan nan nan nan 0.48441254554336277138 0.51543461974503290701 0.24452548353370306966 0 0 0.066546402958615191725 0.1370074777822393175 0.20448355457657996226 0.76506645002257556154 6.8063165456193894798 46.528723767274030365 7.003130494798855743 0.7923969794432874636 0.36139881279372998435 0.54386936611886094184 0.39696173811222884575 0.17836909314493107348 0 0 0
nan nan nan nan nan nan nan nan nan nan nan nan nan nan nan nan nan nan nan nan nan nan nan nan nan nan nan nan nan nan nan nan nan nan nan nan nan nan 4.8801996733197556821 5.1675946354099018265 0.52140407840089642022 0 0 0 0 0 0.40278055014148894664 6.6939546322486886964 7.0011939608491298159 6.5798702813444371884 0.42207734817713088438 0 0 0 0 0 0 0
nan nan nan nan nan nan nan nan nan nan nan nan nan nan nan nan nan nan nan nan nan nan nan nan nan nan nan nan nan nan nan nan nan nan nan nan nan 4.3813589095871545709 19.596434694016966915 5.6056043394656844825 0.7171146453350387695 0 0 0 0 0 0.21772664249112944068 0.40892304662558665029 0.60867655625316718915 0.57265176813788232213 0.50843364539173674377 0.45080961204209069049 0.2984864632030002074 0.16258087919793212661 0 0 0 0
nan nan nan nan nan nan nan nan nan nan nan nan nan nan nan nan nan nan nan nan nan nan nan nan nan nan nan nan nan nan nan nan nan nan nan nan 0.44069530636249837352 3.5137600095291641189 5.0750816075002891381 5.1729177661937466581 0.52366983693108215547 0 0 0 0 0 0 0 0 0.27834566071793720443 4.7083612597399380206 4.8772203647775480562 5.1098955097047324969 0.3126552242381287483 0 0 0 0
nan nan nan nan nan nan nan nan nan nan nan nan nan nan nan nan nan nan nan nan nan nan nan nan nan nan nan nan nan nan nan nan nan nan nan 0.3365262341861903761 0.67560048721709309305 0.70218708338181567985 0.86813344671824010934 0.47758036221299426938 0.23289154184332563902 0 0 0 0 0 0 0 0 0.44684371510534320882 4.9178090038502162429 34.071320656190678733 4.8746770704085475856 0.4457202693609525479 0 0 0 0
nan nan nan nan nan nan nan nan nan nan nan nan nan nan nan nan nan nan nan nan nan nan nan nan nan nan nan nan nan nan nan nan nan nan 0.30111554906304627277 2.7541652765763346977 3.7856373405239862606 3.6774794325535187234 0.40862124199066274244 0 0 0 0 0 0 0 0 0 0 0.29689154283349761254 4.7100542429963612179 4.8688245485303633941 4.661841046731437288 0.30571015833734144218 0.022462188144356548536 0.015684969860465018676 0.0074738837944106429126 0.076142548416924540899
nan nan nan nan nan nan nan nan nan nan nan nan nan nan nan nan nan nan nan nan nan nan nan nan nan nan nan nan nan nan nan nan nan nan 0.45104087456799957234 3.1326557720206467117 12.549604422650224578 4.0646309355826506504 0.64608913574899651255 0 0 0 0 0 0 0 0 0 0 0.14705675234506013216 0.29522053853167889992 0.43828284475366574569 0.30407529023739421348 0.42261154155583702252 0.33700806676544070584 0.36446350650352643541 0.10396184367313329733 0.20320526413190315163
nan nan nan nan nan nan nan nan nan nan nan nan nan nan nan nan nan nan nan nan nan nan nan nan nan nan nan nan nan nan nan nan nan nan 0.29713977379483491603 2.8987572079511547685 4.0110818491778728045 3.6741569552635691132 0.45133263222564223849 0 0 0 0 0 0 0 0 0 0 0 0 0.18439901526742255577 0.38917681763044809085 0.89169613260427793566 3.3606061608237882687 1.8066331844899332637 1.3973664102736444992 0.34682324500159555924
nan nan nan nan nan nan nan nan nan nan nan nan nan nan nan nan nan nan nan nan nan nan nan nan nan nan nan nan nan nan nan nan nan 0 0.14852489748289052218 0.35581533369410656142 0.55940778067683050168 0.40407337210842098063 0.22564620678305141732 0 0 0.0022870870211580658984 0.0049633076484869604467 0.0076864529291692587631 0.0050863370824546418753 0.0025070111719280442457 0 0 0 0 0 0.36382359218947246671 5.8298295263791324317 6.5506208645200780794 7.4207746325203007842 9.6176961346521814278 1.479597985939787419 0.29554605336468703358
nan nan nan nan nan nan nan nan nan nan nan nan nan nan nan nan nan nan nan nan nan nan nan nan nan nan nan nan nan nan nan nan nan 0 0 0 0 0 0 0 0 0.0048598512220291035374 0.071832480646550872505 0.080745955026867363702 0.071799171286593466146 0.0052372097731945314522 0.18337406115179896715 0.39159971533873405569 0.59808346950327906377 0.40625693789243311205 0.21072444545054419551 0.55162111830001514523 6.1852814567970337833 42.901453798085917413 8.2607788733470002285 2.3007395767977003587 1.5515508387635021936 0.24084035080462140588
nan nan nan nan nan nan nan nan nan nan nan nan nan nan nan nan nan nan nan nan nan nan nan nan nan nan nan nan nan nan nan nan nan 0 0 0 0 0 0 0 0 0.0068764792025387960761 0.075360150844208315113 0.46411127772398313995 0.076774319452387149165 0.0073994820996616684355 0.38933205874207788 5.8418392581145663911 6.9833803228516453387 6.5645758311971089682 0.42931969580977868972 0.37467734726333323803 5.8122729166152025115 6.3852707167738609328 8.8155168165512627354 2.9258951426147246089 2.3160714625738565431 0.18516840471667206369
nan nan nan nan nan nan nan nan nan nan nan nan nan nan nan nan nan nan nan nan nan nan nan nan nan nan nan nan nan nan nan nan 0 0 0 0 0 nan 0 0 0 0.0049839990026736540746 0.070179708421725606193 0.076699702975256175974 0.070146921332949765948 0.0049607861934643712742 0.59266262597660368527 6.980375965991494347 45.362282982310560442 6.972886899316163678 0.64470494264220712388 0.18672335177471449663 0.36281647895094643053 0.78438655505386034594 2.9401825073355474238 16.658965340746682671 2.3368627464853108933 0.20830498879882167196
nan nan nan nan nan nan nan nan nan nan nan nan nan nan nan nan nan nan nan nan nan nan nan nan nan nan nan nan nan nan nan nan nan nan 0 nan 0 nan 0.03662403354553162016 0.057353615825590821553 0.038965318922729190454 0.020822202434144020805 0.0049234328013693304249 0.0075369737969580219081 0.0049828964854597493361 0.0025084926318214052776 0.40642640840912963585 6.5106851144649811047 6.4015173153561875097 6.1068190667256896376 0.42687202726032813516 0 0 0.14437448175273176476 2.3983149177264539986 2.5448375333223061112 2.2652358200466498062 0.14033659507658835519
