src/SDSim/tmp/apis5
ncols        196
nrows        122
xllcorner    -12.166618000000
yllcorner    34.999860000000
cellsize     0.083333000000
[rows 66 to 87 of 122, columns 0 to 49 of 196]
nan nan nan nan nan nan nan nan nan nan nan nan nan nan nan nan nan nan nan nan nan nan nan nan nan nan nan nan nan nan nan nan nan nan nan nan nan nan 2.5216235838615324028 2.8744431872457871791 1.6133232375592696517 0.45280959386313202053 0.11511295152657299856 0.11459051314045638759 0.29444321300649634043 0.99654273721677033571 3.2719565337675522443 10.61569286634149023 12.379312561759238775 10.638605169250682891
nan nan nan nan nan nan nan nan nan nan nan nan nan nan nan nan nan nan nan nan nan nan nan nan nan nan nan nan nan nan nan nan nan nan nan nan nan 2.0140062789197537008 3.7850231092049262394 3.4478741176561635839 1.7504289159016797051 0.48867135670853412144 0.084046426337019905506 0.026912604493201153222 0.076487898938835521823 0.39719038160118486092 1.8535482710551329788 3.1663483443211664081 4.3245350928739787477 4.7067156631508719755
nan nan nan nan nan nan nan nan nan nan nan nan nan nan nan nan nan nan nan nan nan nan nan nan nan nan nan nan nan nan nan nan nan nan nan nan 0.83135833261383373927 1.6821460966065076015 2.9638390596114518871 2.8996294981002415092 1.6157666106521553218 0.42414378587764456352 0.07386191550748184842 0.0095252011062649539347 0.025064439849556561374 0.14861183909676359272 0.37113735300840228204 0.70370654129127940823 1.304979644524339788 2.8655390278275958416
nan nan nan nan nan nan nan nan nan nan nan nan nan nan nan nan nan nan nan nan nan nan nan nan nan nan nan nan nan nan nan nan nan nan nan 0.57914218435935793661 0.96615469867293202189 1.2837394587094455023 1.7411977780217458012 1.4686111680252447176 0.75650714254193596187 0.27682848747346960883 0.050701516928195425327 0.0052412561127855349444 0.0066637176225172074784 0.023909810514629873529 0.057788600372667940641 0.15612798274698180823 0.71106492961003187059 3.3326840442528116171
nan nan nan nan nan nan nan nan nan nan nan nan nan nan nan nan nan nan nan nan nan nan nan nan nan nan nan nan nan nan nan nan nan nan 0.39516107174370601607 0.93174604413435668793 1.5334289774721336919 1.5438815116375363967 1.084094567539750642 0.70500041837487226193 0.25901787507190415782 0.10328254435628327068 0.023442834731036494428 0.0025995632630914800726 0.00084918021428976577999 0.0020961392664702546175 0.0076319788595490371808 0.068533321202374361536 0.53345935768005936506 2.4973840502236246408
nan nan nan nan nan nan nan nan nan nan nan nan nan nan nan nan nan nan nan nan nan nan nan nan nan nan nan nan nan nan nan nan nan nan 0.48983432363312795488 1.113355882548390241 1.4812371896868170573 1.6396646100729215245 1.1175116422283892792 0.42537143770098989615 0.11535593814869231355 0.025485916868481554853 0.0073214992391443366876 0.0019901178978955188018 0.0015133993643527646634 0.0024544344808212024273 0.0068427963498912409285 0.045319825890825400638 0.30082983592904227743 1.3214559522867761476
nan nan nan nan nan nan nan nan nan nan nan nan nan nan nan nan nan nan nan nan nan nan nan nan nan nan nan nan nan nan nan nan nan nan 0.41147090875975544932 0.91438734014512434989 1.4854244453901124245 1.3137739946302453564 0.96211087204594658573 0.3277673206306742637 0.066492410954539546419 0.010830658753502140842 0.0073884555520525134475 0.0083547301374788558725 0.012454603539251778502 0.023301498881465054075 0.050724936784299561043 0.091572300383622726172 0.19452303635221690481 0.42589227037728133451
nan nan nan nan nan nan nan nan nan nan nan nan nan nan nan nan nan nan nan nan nan nan nan nan nan nan nan nan nan nan nan nan nan 0.076520221028659060614 0.23665519812059818139 0.53874847669574577047 0.74565638536058598262 0.72073623567861799799 0.55312514957353797751 0.18426159411283032918 0.037127376564210883003 0.016493148381603435493 0.028037769339908126531 0.040456669315979326695 0.049790471506479520858 0.13230346175910565054 0.32952163992218280741 0.6526370480089803694 0.72331576838189171053 0.80457359788926219313
nan nan nan nan nan nan nan nan nan nan nan nan nan nan nan nan nan nan nan nan nan nan nan nan nan nan nan nan nan nan nan nan nan 0.042314639332496815916 0.10071730234514822411 0.17347556997431842762 0.22945758208763664121 0.25289932959001792945 0.16316166202414164599 0.086074801952369550673 0.022070197123832596686 0.028658353108665685083 0.082529335037378470652 0.11069150693004120578 0.12692118487414719152 0.36680758827364123853 1.323945653712454984 2.7626108625416474496 3.7741035972036116597 3.083281488006538229
nan nan nan nan nan nan nan nan nan nan nan nan nan nan nan nan nan nan nan nan nan nan nan nan nan nan nan nan nan nan nan nan nan 0.0089204426142330209976 0.02200247354508756345 0.036306115907684635702 0.047115513584487858645 0.049455208735901708128 0.041963888563138151966 0.024527953006219904708 0.017483893498940469152 0.035534671491848933422 0.097762443972099544176 0.18170881284240977815 0.16896780391975374513 0.59701235779185468644 2.7157719431420872525 8.097982869421208818 11.786303924412186106 10.028097423047729109
nan nan nan nan nan nan nan nan nan nan nan nan nan nan nan nan nan nan nan nan nan nan nan nan nan nan nan nan nan nan nan nan 0.0003836556198560190506 0.0011099074519607618223 0.0027858714011914620899 0.017612692107604830533 0.022212664611358394484 nan 0.049905044870680898006 0.063698879121640850087 0.048733887069299021422 0.055330813834813676044 0.090713056007320186369 0.10846680798533546441 0.1640166782434242243 0.71505173712103675676 3.6542796743889551792 11.745825624145803445 22.496137635491592732 11.894549311552790272
nan nan nan nan nan nan nan nan nan nan nan nan nan nan nan nan nan nan nan nan nan nan nan nan nan nan nan nan nan nan nan nan nan nan 0.00062077340448826007994 nan 0.14908442055818346694 nan 0.26172826779857660817 0.27490148929594315774 0.19179157091927234724 0.11985510348999942054 0.094722394138170851186 0.10291737556036220647 0.15422460417099095875 0.68278155481216429301 3.06387185240139992 10.126235012119574108 10.864137691473827019 9.4834510312350275285
nan nan nan nan nan nan nan nan nan nan nan nan nan nan nan nan nan nan nan nan nan nan nan nan nan nan nan nan nan nan nan nan nan nan nan nan 0.51408789437114921217 0.80817467451662650113 0.75193007781009912893 0.61822297745945775649 0.45674233239053146916 0.28433027541831551455 0.4196290010374085222 0.44795926132810059972 0.42777899612461811607 0.67429735103614840686 2.2399003931884911012 4.9223182177255822012 7.2350575375891530427 7.449144107775899748
nan nan nan nan nan nan nan nan nan nan nan nan nan nan nan nan nan nan nan nan nan nan nan nan nan nan nan nan nan nan nan nan nan nan nan nan 1.1683621391945295809 1.6269946542454447602 1.3251899930479493772 0.88578122155763994172 nan 0.91550887081963827629 1.5296648331949871391 2.0680320345539082716 1.5159690332764821363 1.2824151842250750555 2.3042558234538659256 6.5002503385214485121 14.012038942916341 15.184687160296446606
nan nan nan nan nan nan nan nan nan nan nan nan nan nan nan nan nan nan nan nan nan nan nan nan nan nan nan nan nan nan nan nan nan nan nan nan 1.0484403801089814401 1.3700269486346616787 nan 0.54922692536266182195 0.7780810916309235381 1.5919216878512723046 4.6509046437165864063 4.7981214258230364678 4.4962815269196338974 2.1279040651029834663 3.138758923986506133 11.432749974374379676 20.204020198140231201 28.060938217833047759
nan nan nan nan nan nan nan nan nan nan nan nan nan nan nan nan nan nan nan nan nan nan nan nan nan nan nan nan nan nan nan nan nan nan nan nan nan nan nan nan 0.71224865164336170764 2.3946158912896899906 5.5012574352260568133 10.301222276838744918 5.9393598599012698003 3.3063924010672245402 4.042050004199904123 11.453635052899244329 25.914407049625282298 19.535322370038649353
nan nan nan nan nan nan nan nan nan nan nan nan nan nan nan nan nan nan nan nan nan nan nan nan nan nan nan nan nan nan nan nan nan nan nan nan nan nan nan nan 0.9402760181168332565 2.3785980920142204553 4.9593685130602906952 6.6028351872058657079 7.3263549825075289235 5.6882714511857184192 5.5497387199964860471 8.0965528632731817993 11.024383198421348951 10.715832310762374746
nan nan nan nan nan nan nan nan nan nan nan nan nan nan nan nan nan nan nan nan nan nan nan nan nan nan nan nan nan nan nan nan nan nan nan nan nan nan nan nan 2.252072238141629601 4.428392216433255868 4.4331243775322217715 5.4440029808732948169 8.040293923791978159 9.6411496029750853864 9.023797661988778529 5.4625363855021173976 4.3554979931402861837 3.106595978670275926
nan nan nan nan nan nan nan nan nan nan nan nan nan nan nan nan nan nan nan nan nan nan nan nan nan nan nan nan nan nan nan nan nan nan nan nan nan nan nan nan 5.069093406384832079 8.106885160510319821 8.7350969908289339827 5.7078626838050334769 9.0537078780904440833 15.287017396348161924 9.9333204407187363216 4.8635164345023396137 2.0110358617306101081 0.96846523640715642678
nan nan nan nan nan nan nan nan nan nan nan nan nan nan nan nan nan nan nan nan nan nan nan nan nan nan nan nan nan nan nan nan nan nan nan nan nan nan nan nan 7.1407875005454286566 13.61151216306728351 8.9621901010657154529 5.6075436676506544842 6.905585405318745984 8.6254667130004865072 8.0200432974507229744 3.7721104265192808569 1.5382860284450761146 0.74394017876238982545
nan nan nan nan nan nan nan nan nan nan nan nan nan nan nan nan nan nan nan nan nan nan nan nan nan nan nan nan nan nan nan nan nan nan nan nan nan nan nan 3.1135171832513250934 8.0544214987029398856 9.965302025144504583 8.5498999381331035607 4.377071589816663888 3.3058267817004853839 4.0626685322186428806 4.0053090977354655067 2.9449653955234253999 1.2866001501255055484 0.70700127053933381482
nan nan nan nan nan nan nan nan nan nan nan nan nan nan nan nan nan nan nan nan nan nan nan nan nan nan nan nan nan nan nan nan nan nan nan nan nan nan nan nan 5.2755527214256741075 7.7861018336854703747 5.2341310225429857894 2.7544103275825380095 1.9393559496222645411 2.5471131002159497214 3.231471400968132901 2.4365323777087892765 1.2143379247604835225 0.6906683831169461163
