src/SDSim/tmp/apis12
ncols        196
nrows        122
xllcorner    -12.166618000000
yllcorner    34.999860000000
cellsize     0.083333000000
[rows 66 to 87 of 122, columns 0 to 49 of 196]
nan nan nan nan nan nan nan nan nan nan nan nan nan nan nan nan nan nan nan nan nan nan nan nan nan nan nan nan nan nan nan nan nan nan nan nan nan nan 0.71934042942094689188 1.0613686620541813443 1.1825738869132238484 0.81384698275316080807 0.73226946909319867718 1.0104788619528046745 2.4292755373189303114 5.6133100882120636754 9.3348834142247394396 16.93386266030169196 19.740466002983776406 19.003053373179941588
nan nan nan nan nan nan nan nan nan nan nan nan nan nan nan nan nan nan nan nan nan nan nan nan nan nan nan nan nan nan nan nan nan nan nan nan nan 0.48942739648783162298 0.87938294371865188825 1.1905436187175331142 1.0838009894584201831 0.735161923526085892 0.47473276255500385101 0.61233158383344310494 1.2613900875229926424 2.9355712626776511165 6.6535519711204411664 9.2523471610160115119 11.903679132841038069 14.795078060118870056
nan nan nan nan nan nan nan nan nan nan nan nan nan nan nan nan nan nan nan nan nan nan nan nan nan nan nan nan nan nan nan nan nan nan nan nan 0.2588123480461454462 0.46826829876882369863 0.90540372906577748502 1.1072101287978832751 1.1674392702429117197 0.66677311035274100526 0.41130069971073157653 0.33614365349786218262 0.67463613983124237627 1.4760631119118587939 2.7875739151332816768 4.688377999035743926 7.7591972976454535171 10.435168611228556657
nan nan nan nan nan nan nan nan nan nan nan nan nan nan nan nan nan nan nan nan nan nan nan nan nan nan nan nan nan nan nan nan nan nan nan 0.16682228393768802621 0.29222328953613518898 0.46089919232197124055 0.79639867094101490785 0.94911804033466873332 0.7115716377393125347 0.56869020969486205885 0.32146898539832641228 0.18848974450745081821 0.27333169604972484823 0.65316867508442710832 1.3439773869790774263 2.7395546689478962321 5.572613796663502761 10.345967527176107126
nan nan nan nan nan nan nan nan nan nan nan nan nan nan nan nan nan nan nan nan nan nan nan nan nan nan nan nan nan nan nan nan nan nan 0.093328419476976537394 0.19872258896577910114 0.35476539268588486165 0.4741190331563935878 0.61516027143073226391 0.77032119228662598864 0.47826602134888934748 0.35089256737430241095 0.20537402704699020406 0.10432826740150677458 0.11543574648051062315 0.24289907604260732588 0.58534678379655580294 1.6837787757228768193 4.0641596980708927234 8.3519072572790111764
nan nan nan nan nan nan nan nan nan nan nan nan nan nan nan nan nan nan nan nan nan nan nan nan nan nan nan nan nan nan nan nan nan nan 0.10475515072796083571 0.20662346756244806545 0.25389671238853150914 0.4187196864448289868 0.56493562440487266052 0.54647802773899378792 0.4024602011022810899 0.21280369491221570732 0.1153231043311898768 0.072845611748248273454 0.092495889055565674863 0.20222530388421600112 0.52610573719879949461 1.2776955342317775077 2.9676173581782050448 5.8594439215381486363
nan nan nan nan nan nan nan nan nan nan nan nan nan nan nan nan nan nan nan nan nan nan nan nan nan nan nan nan nan nan nan nan nan nan 0.099604086913730391362 0.17567692028885179001 0.2909423940673065978 0.34196740997395097539 0.50128942624020667029 0.4037838637141309972 0.27116252921549560684 0.13310523000259733006 0.084667719097096375003 0.092649105567157663543 0.1947905105205452736 0.42560702962383206716 0.88775861201388961419 1.5622912646611966103 2.6199265448242012866 4.7320267519246863586
nan nan nan nan nan nan nan nan nan nan nan nan nan nan nan nan nan nan nan nan nan nan nan nan nan nan nan nan nan nan nan nan nan 0.034688821961191405874 0.080014751008089537998 0.155703778414529731 0.22209789644489177918 0.28861172051718303466 0.36969361499081354605 0.2599856285323626226 0.14733787873215423159 0.095331621543120095841 0.096670702736070368566 0.1775145680646351698 0.42568949880436057764 0.98444353209434520835 2.0190033134424050232 3.6122911233682981624 4.2403982629770702317 6.1259394743986703702
nan nan nan nan nan nan nan nan nan nan nan nan nan nan nan nan nan nan nan nan nan nan nan nan nan nan nan nan nan nan nan nan nan 0.033322750944922104044 0.067252463410337318117 0.10308647632445537556 0.1519733099831030998 0.22146822780103120332 0.21469755924987493634 0.19882813003982041655 0.11351243220536486045 0.10021947696526205263 0.14514609429841765498 0.30904212150968835005 0.73980246186411380283 2.0329127152222974395 3.8358824859032227828 6.726557727724370217 8.8319439869447258218 9.330339452326452232
nan nan nan nan nan nan nan nan nan nan nan nan nan nan nan nan nan nan nan nan nan nan nan nan nan nan nan nan nan nan nan nan nan 0.017139104983131051019 0.041369198691691928815 0.074864631258601072039 0.10169091491524662185 0.14285748982031776233 0.16899530164133674814 0.15005493710264700136 0.11984181656805621696 0.1208443307941534095 0.20083481495620328361 0.40705557786318985469 1.0656557306996636836 2.7631734244944032852 6.4443582119161053612 11.019666700022780148 16.677747698451394598 16.18266604936749431
nan nan nan nan nan nan nan nan nan nan nan nan nan nan nan nan nan nan nan nan nan nan nan nan nan nan nan nan nan nan nan nan 0.0027643386034232643456 0.0092396501605382236333 0.020686694442279017492 0.072436656701250295987 0.095434894115515145341 nan 0.19507282934280645303 0.24851397929300222955 0.20829055047940137069 0.25147224663995693117 0.32040533008809490845 0.56780146161995193044 1.3110768809787658462 3.478530523948237807 8.1860020713406740356 16.62774234400324147 20.939291844095944128 19.145329357370368228
nan nan nan nan nan nan nan nan nan nan nan nan nan nan nan nan nan nan nan nan nan nan nan nan nan nan nan nan nan nan nan nan nan nan 0.010515072147865015678 nan 0.21974463527437412824 nan 0.43426752338167412537 0.50482134621975027766 0.45931795123981900009 0.45970593485877958573 0.6640161709239795762 0.97014468413988619311 1.7260205323422341817 3.953915844854009265 8.5349351157487163277 16.46861204480050489 17.608108182282155241 17.226373805152480401
nan nan nan nan nan nan nan nan nan nan nan nan nan nan nan nan nan nan nan nan nan nan nan nan nan nan nan nan nan nan nan nan nan nan nan nan 0.42718237298041578098 0.78582607522900405073 0.77189392532038614281 0.73948219022888561636 0.72473685313835023436 0.91515572705654213426 1.5829974012515573012 1.940479401126177228 2.487217915755637776 4.2783389973718399801 8.6828656674209749866 14.195727724419866078 18.177409394164541823 19.076145724586869079
nan nan nan nan nan nan nan nan nan nan nan nan nan nan nan nan nan nan nan nan nan nan nan nan nan nan nan nan nan nan nan nan nan nan nan nan 0.65221256256891224634 1.0249182479697036552 1.1841284839334513812 0.95108294425789485782 nan 1.8245729143663105276 2.8597405567343674448 3.6940909939255193173 3.7644959978741816542 5.3876900510407743639 9.6897423902556027997 18.908457852506387553 25.606053379355159905 26.495060692986601936
nan nan nan nan nan nan nan nan nan nan nan nan nan nan nan nan nan nan nan nan nan nan nan nan nan nan nan nan nan nan nan nan nan nan nan nan 0.47052548334246818706 0.72302645894117212322 nan 0.88575963594300699544 1.7357034984910173492 3.0008712685345422244 5.1515420038301185102 5.1850498301548482161 6.0278398297908220016 6.8154210796024141672 10.817626558044924678 21.927841710621173377 29.420680966336032469 29.173996278700013107
nan nan nan nan nan nan nan nan nan nan nan nan nan nan nan nan nan nan nan nan nan nan nan nan nan nan nan nan nan nan nan nan nan nan nan nan nan nan nan nan 2.3045083649671620485 4.9054649748875558402 6.4732718066341199403 8.2289024788904825414 8.1904184792679437521 8.7997659916911814548 11.680232457353543651 20.733390391674060282 28.789187896896006436 27.308300490083031065
nan nan nan nan nan nan nan nan nan nan nan nan nan nan nan nan nan nan nan nan nan nan nan nan nan nan nan nan nan nan nan nan nan nan nan nan nan nan nan nan 2.7282603475835056628 5.4882287792649684377 7.0699181718941721542 8.6744595296672013518 10.34143985226550555 11.240588902393760407 12.431537761218638849 13.872472181412078385 19.108513057300019256 19.408312876049659934
nan nan nan nan nan nan nan nan nan nan nan nan nan nan nan nan nan nan nan nan nan nan nan nan nan nan nan nan nan nan nan nan nan nan nan nan nan nan nan nan 3.3860439876319032848 7.1551950864004183472 8.1462535631091679278 9.3626694064399842432 10.315954109378258963 11.259752712448866774 11.242685622886204655 10.336966051629149277 11.874916374694537424 10.888609632578083009
nan nan nan nan nan nan nan nan nan nan nan nan nan nan nan nan nan nan nan nan nan nan nan nan nan nan nan nan nan nan nan nan nan nan nan nan nan nan nan nan 4.3568762131846963115 8.2570065562829366712 10.943990923829840511 9.6388094509463009274 10.991227992037769567 11.502417923435121594 9.3479054041004125963 7.9443420472821966172 6.9661598769194759129 5.8983262608320332632
nan nan nan nan nan nan nan nan nan nan nan nan nan nan nan nan nan nan nan nan nan nan nan nan nan nan nan nan nan nan nan nan nan nan nan nan nan nan nan nan 5.8732175090716536303 9.2794651161619885471 9.5842571272226955159 8.7962833771589146181 8.6563824629435739411 8.8680576840848441833 8.1487558291682979927 5.9451712281102508939 4.9558060597139057535 3.5594350609264715501
nan nan nan nan nan nan nan nan nan nan nan nan nan nan nan nan nan nan nan nan nan nan nan nan nan nan nan nan nan nan nan nan nan nan nan nan nan nan nan 3.2044658648733586048 6.4893722581929997872 8.3562659640854057841 8.224629946935460012 7.4189500003317681021 6.6244915403268009868 6.3935561752158323046 6.1669181001973401024 5.3191656744115949351 3.9253511473257458597 2.580764398447350505
nan nan nan nan nan nan nan nan nan nan nan nan nan nan nan nan nan nan nan nan nan nan nan nan nan nan nan nan nan nan nan nan nan nan nan nan nan nan nan nan 5.3283797267435399903 6.7991353463103214594 6.5069852021551515264 5.5320702522967906134 5.5631908170934032398 5.3996922630097774487 4.7677801653359690448 4.7014295591451809031 3.4517550669267089702 2.6704937752141981733
