src/SDSim/tmp/apis9
ncols        196
nrows        122
xllcorner    -12.166618000000
yllcorner    34.999860000000
cellsize     0.083333000000
[rows 22 to 43 of 122, columns 0 to 49 of 196]
nan nan nan nan nan nan nan nan nan nan nan nan nan nan nan nan nan nan nan nan nan nan nan nan nan nan nan nan nan nan nan nan nan nan nan nan nan nan nan 1.2498652176399271951 nan nan 0.25242441716191210688 0.1614636379210050432 0.076391841591578524273 0.087657715359380439235 0.31307862818330828292 0.61547215512702602158 0.73152343372067485383 0.57417338699023878767
nan nan nan nan nan nan nan nan nan nan nan nan nan nan nan nan nan nan nan nan nan nan nan nan nan nan nan nan nan nan nan nan nan nan nan nan nan nan 1.7916493730331750633 2.1978771837392048205 1.8805349553174264265 0.99568302921689033624 0.56305270629785064695 0.30894407822915276318 0.14990054020025975201 0.13616032806926162135 0.2111864436349325802 0.36288846384953910018 0.45261056441706981612 0.44917076496427554844
nan nan nan nan nan nan nan nan nan nan nan nan nan nan nan nan nan nan nan nan nan nan nan nan nan nan nan nan nan nan nan nan nan nan nan nan 0.52431027039253352839 1.2143345461351835457 1.8717744286070105986 2.2875224751143261592 1.8966783635598107871 1.3792802760138056506 0.87870424148631598449 0.41374795530977365177 0.23649448521896751507 0.14923394280334609241 0.17419839752727855897 0.26804656469326421098 0.40568349609628817642 0.5647822901175684196
nan nan nan nan nan nan nan nan nan nan nan nan nan nan nan nan nan nan nan nan nan nan nan nan nan nan nan nan nan nan nan nan nan nan nan 0.21681930850471642369 0.6902719290546885933 1.1779760438831627933 1.516650995337342378 1.5480260757111421466 1.5039183004530918275 1.0984307108095832106 0.88497265033127259226 0.68169516991759671054 0.40738856140378193471 0.24016412332165426591 0.23375967323269913889 0.38548101473545964835 0.60134805690496373476 0.83648496509934444632
nan nan nan nan nan nan nan nan nan nan nan nan nan nan nan nan nan nan nan nan nan nan nan nan nan nan nan nan nan nan nan nan nan nan nan nan nan 1.0994498477250393975 1.3100651655368789061 1.211113564093217132 1.0251671060911757838 1.041504747472858039 0.9910840977222009629 0.91523253890544764566 0.6954797256281148865 0.51949383623144096411 0.48990157455807764597 0.66393953384520554284 1.0865495290555498009 1.1590221435920255999
nan nan nan nan nan nan nan nan nan nan nan nan nan nan nan nan nan nan nan nan nan nan nan nan nan nan nan nan nan nan nan nan nan nan nan nan nan 0.94025458376760084889 1.4387616280151727111 1.1867973585650497537 1.0255897032292533577 0.90460496520615629734 0.93950686893746715445 0.9765417067938116924 0.94951328110481358902 0.96757047434649978701 0.78540270166884484926 0.83460763600067677803 1.1166859123838210888 1.4394000324696902826
nan nan nan nan nan nan nan nan nan nan nan nan nan nan nan nan nan nan nan nan nan nan nan nan nan nan nan nan nan nan nan nan nan nan nan nan nan 0.83519041221244683104 1.3740668809309697362 1.2865910117952354952 0.95769060687266449605 0.60143576191671588305 0.75772820292210207871 0.92978281371495041796 1.0806024183530213989 1.1516836795908602653 1.007114489273584379 0.7907103763033328514 0.74529088760591621909 0.76472822215786928624
nan nan nan nan nan nan nan nan nan nan nan nan nan nan nan nan nan nan nan nan nan nan nan nan nan nan nan nan nan nan nan nan nan nan nan nan nan nan 0.83310936948490399434 0.8711082291589187232 0.57838995787456315423 0.44651518816403240608 0.4817895940865510318 0.81951339136910561489 1.0249443768329964399 0.80514363474062722315 0.95936519076345527779 0.70358273758159262101 0.43970799513242309065 0.3419930799850323111
nan nan nan nan nan nan nan nan nan nan nan nan nan nan nan nan nan nan nan nan nan nan nan nan nan nan nan nan nan nan nan nan nan nan nan nan nan nan nan nan 0.33035374693518487765 0.31450214436429235754 0.4583770442073356044 0.67457689037951140687 0.72378003767053655793 0.69960399590464628083 0.3309184525087063844 0.44413346243078155595 0.32835394727559868988 0.2405629074693283187
nan nan nan nan nan nan nan nan nan nan nan nan nan nan nan nan nan nan nan nan nan nan nan nan nan nan nan nan nan nan nan nan nan nan nan nan nan nan nan nan 0.18792878092403997314 0.34159955927464036307 0.55486977579952923012 0.92491866436225034231 0.93136549419167846686 0.53187349821518881132 0.33985134449189463579 0.3382378996030885876 0.30676779547068466769 0.28799055069957546493
nan nan nan nan nan nan nan nan nan nan nan nan nan nan nan nan nan nan nan nan nan nan nan nan nan nan nan nan nan nan nan nan nan nan nan nan nan nan nan 0.04882791774266413698 0.23073928476926577891 0.4960425345637322625 1.0318809410525076053 1.4404155087631860255 1.555953408612288813 0.76858354302306763906 0.44264222354124443948 0.4251983843213242853 0.36472289625209458608 0.55762875971364578298
nan nan nan nan nan nan nan nan nan nan nan nan nan nan nan nan nan nan nan nan nan nan nan nan nan nan nan nan nan nan nan nan nan nan nan nan nan nan nan nan nan 0.76422671298334365897 1.5324357079845594143 2.2120968877638760297 2.4836230004646147052 1.0297653882625943389 0.6947848421008430142 0.51305042351787055743 0.81448010919591440349 0.62268309020487233596
nan nan nan nan nan nan nan nan nan nan nan nan nan nan nan nan nan nan nan nan nan nan nan nan nan nan nan nan nan nan nan nan nan nan nan nan nan nan nan 0.14562651196451620317 0.39379812156044896598 nan 2.1230706106535226496 3.5566742929207872947 2.7366534406008153901 2.0839115009925976985 0.81109528147702658618 1.1352748035363344759 1.0527511818178600933 0.61930514622835508565
nan nan nan nan nan nan nan nan nan nan nan nan nan nan nan nan nan nan nan nan nan nan nan nan nan nan nan nan nan nan nan nan nan nan nan nan nan nan nan nan 0.7000171271442704457 1.7152133586467821491 3.3158947433438124008 5.2521722608246115271 4.6426942452744182077 3.1757037466678443849 2.1675805670403249792 1.9272413368203695772 0.87450875594946864133 0.46440270431949143282
nan nan nan nan nan nan nan nan nan nan nan nan nan nan nan nan nan nan nan nan nan nan nan nan nan nan nan nan nan nan nan nan nan nan nan nan nan nan nan nan 1.0222716625426171433 2.4798994074608278204 4.7503369636312804403 6.7576354163857530466 7.3751448730110666929 3.8329598673320690594 4.7423826000710125328 1.6875018348237804666 0.49554484599195769423 0.16279431424442447618
nan nan nan nan nan nan nan nan nan nan nan nan nan nan nan nan nan nan nan nan nan nan nan nan nan nan nan nan nan nan nan nan nan nan nan nan nan nan nan 0.55579540216800937813 1.6430417022420273909 3.3728071992589185868 5.891687276076705615 8.0485642285930101281 6.3545496659931233197 6.0272702626392957725 1.6235238612901232713 0.66584631343961764305 0.21114361669278672307 0.094665974989830092845
nan nan nan nan nan nan nan nan nan nan nan nan nan nan nan nan nan nan nan nan nan nan nan nan nan nan nan nan nan nan nan nan nan nan nan nan nan nan nan 0.71550065851631583502 1.8697761344573047282 4.0300115145725943222 5.1208482903237682038 4.9524769250382245644 4.5924229500319677655 2.7108186649214998099 0.95934280462167376147 0.5360820837450485099 0.31534348629546021803 0.23346644939147498388
nan nan nan nan nan nan nan nan nan nan nan nan nan nan nan nan nan nan nan nan nan nan nan nan nan nan nan nan nan nan nan nan nan nan nan nan nan nan nan nan 2.2829615124801114767 4.3010758065124861105 4.996065025051804831 5.0423708423710822402 8.7175298686918925029 5.5859565392134689077 2.484587323403146808 1.5207165676529239562 0.57510547432258551925 0.22868225088680976809
nan nan nan nan nan nan nan nan nan nan nan nan nan nan nan nan nan nan nan nan nan nan nan nan nan nan nan nan nan nan nan nan nan nan nan nan nan nan nan 0.75123053803323280864 1.9324997848786431565 3.5122147159498440239 7.3823074306639400177 9.0970049840337789959 8.2268850903201862224 7.5471646729431824951 3.1653024886444121044 0.90654744587665070377 0.44285561174022786135 0.25563231510757672416
nan nan nan nan nan nan nan nan nan nan nan nan nan nan nan nan nan nan nan nan nan nan nan nan nan nan nan nan nan nan nan nan nan nan nan nan nan nan nan 0.64145506110433081481 1.6130100079359317444 3.516800201021487382 5.604999249642376391 5.6731662113192253827 7.286524310530984927 5.3859921410016342591 3.8827456659181955878 1.6602782494654761969 0.82435789266976111644 1.178265658018323947
nan nan nan nan nan nan nan nan nan nan nan nan nan nan nan nan nan nan nan nan nan nan nan nan nan nan nan nan nan nan nan nan nan nan nan nan nan nan nan nan 1.2226327305182245198 2.9544147893026373453 4.6684130358574451591 6.838083047035202533 7.3063231416322329537 6.4793293456662262031 4.607698892319748829 3.2686585183958536405 1.9167343742230962267 0.39218674336187103746
nan nan nan nan nan nan nan nan nan nan nan nan nan nan nan nan nan nan nan nan nan nan nan nan nan nan nan nan nan nan nan nan nan nan nan nan nan nan nan nan 0.71283670739272397832 1.7495322421571373184 4.033995412685710491 5.4879075490104574087 6.559074132967443127 4.1807325399095098817 3.8774643038730998157 4.092271397517435183 1.4901452565466870581 0.8023721712995892652
