src/SDSim/tmp/apis23
ncols        196
nrows        122
xllcorner    -12.166618000000
yllcorner    34.999860000000
cellsize     0.083333000000
[rows 69 to 91 of 122, columns 100 to 149 of 196]
0.21172819615252416736 0.27204862314439121063 0.31045414657915543222 0.28663543058395174468 0.36840144825861564915 0.37586362591625199769 0.37885204313531256615 0.4271800798792237952 0.31678492956616705056 0.30941275828775910428 0.27114600530838661729 0.23734851327263944976 0.1927337133382729939 0.15747431884664192525 0.1014056212882176039 0.076116671979075581356 0.058990591436984346485 0.053627603017611227831 0.047653160531290532365 0.047956782739688334771 0.055495480988031996306 0.070412765017660000622 0.097873665376969010143 0.12583413347447333641 0.15377755736175854895 0.177451559971742584 0.23704621384385707317 0.41371778266533948409 0.99640560794696730884 1.0536420077525916472 1.2129542034308391507 1.8010611101433973147 1.4988233371054422438 1.8633794891561141771 2.4767799489505866184 9.7412165625782023426 47.517101579073226958 80.996746498205340004 100 99.149136375337505456 100 77.478790081153462665 nan nan nan nan nan nan nan nan
0.31463134920272217698 0.41795035980079187077 0.42327006645048781408 0.57946483155971639789 0.64173874561880928091 0.62057048573638995403 0.735110393688781949 0.65264200706700370436 0.56444574903787758657 0.48810324730281545724 0.46198454096183200202 0.32692140260895252712 0.26818166968365753089 0.21433855951796881856 0.16725959533050183126 0.10471812970795137121 0.080154715251939512299 0.079319413726394491504 0.074021676519508264325 0.073770575082193284855 0.087181929746806552384 0.10625747289768178172 0.13927940113687878321 0.19044628380469394435 0.24900612002548613844 0.27755078855573461771 0.34655203039758386563 0.52220312604740992679 0.53173400264923464942 0.98270853950143044475 1.7276014057849500283 3.1549363009889921372 3.543704127537656845 1.5269708327857103303 3.0779359259427367945 19.466636894620055642 30.110703111815990241 91.475058370750829795 99.855040171443206987 100 100 93.767644000197122978 nan nan nan nan nan nan nan nan
0.51134291229778849885 0.60168323950072821749 0.74170124038803075806 1.0918850941740774196 1.1327360177040279865 1.1144659025014356235 1.0388345913282921451 0.90707810570681113305 0.74982240158273616437 0.59626295182447908161 0.53012206610893630732 0.36952054348744378665 0.29906141110659872906 0.22924535814933053035 0.15891624821307631654 0.12505630364414657696 0.12325550013307112751 0.096495180331988186784 0.10316651542438493028 0.11279830130560627999 0.12888997817092026632 0.19349273248555529103 0.2094943891431675087 0.30946298813049183396 0.42201252212288387078 0.57733423210637535572 0.49239028766851555829 0.6960914440798036118 0.6325824106212406539 0.82127988984540600814 0.90202901896028109263 1.1658485731264198737 1.5123008294785715844 3.6984087138194845501 3.3498966260253908445 9.5646388350709781179 61.237378933388448843 84.348760657391579798 100 100 100 100 60.813615565872360946 nan nan nan nan nan nan nan
0.54178785114043570559 0.79009323416205856638 1.1608795296426588362 1.3586529666659632465 1.4517143026535126449 1.3285808654857040878 1.2174024828805001253 1.0709690702584615529 0.85324089765363841931 0.55109188745117887454 0.41816723276687939315 0.36098358410409187025 0.29250707831319094909 0.19853365197065483971 0.16155572588421215907 0.13577947060670375601 0.13611484637488577287 0.12832793120792274078 0.13259897689625763095 0.17790823564326618822 0.22118729539365600267 0.2578582407476381344 0.33014395483664210618 0.50464732590224536946 0.64044862264597002266 0.73335530709897400747 0.77655340694161567594 0.85094433108205647098 0.73425993181142690247 0.51923348175435879437 0.41316110102372533008 0.52811183529582272911 1.1550818391350419212 2.489767356503208795 2.5317740789139366875 16.2429616884187773 54.83724700337891278 100 100 100 100 98.252279840455443605 70.2401554573851854 nan nan nan nan nan nan nan
0.65721949694103110051 0.82942608778666548908 1.0037750201760533564 1.3249703633605818265 1.4209097409110196253 1.3677488293397006558 1.2053539287414696268 1.0398488921333632895 0.83983041377401024263 0.61936544014014816018 0.39039524676224807154 0.28518320551128722995 0.24777673733346211593 0.19416928983881159843 0.16438828206208397353 0.1556469973130269191 0.14232251662852479779 0.13174815989417726358 0.14796699113295894157 0.20369354512011017544 0.25774772601424772445 0.37255434523831476579 0.47796841303909959331 0.54307737689060042729 0.62411567237776754968 0.69038386030672782567 0.7664244650378588819 0.59799158999660551039 0.42417679526972107418 0.30635337587357008848 0.27172111221640171674 0.33870587009595276573 1.1103434697491612049 2.0111210032715636231 4.0836361037737543001 16.098557246986437974 54.094377082267271817 98.240847238058591984 100 100 100 96.371058346299221853 54.16182357086726995 nan nan nan nan nan nan nan
0.62087121880824280851 0.76171862205920282118 0.89975284645887354529 1.0095523832737225423 1.3004104317311813155 1.316867255478202603 1.1760249764623287305 0.88120582316930728961 0.65974179314606806734 0.51705523331553360222 0.3691980107344833284 0.28612854422729405712 0.23558118208263939541 0.22237980328347181636 0.17621269107543197086 0.14372074918978100522 0.12401294963427489382 0.13728714783453457859 0.14648890955461335572 0.17598188060073383099 0.25552820147203642032 0.3784006224145583519 0.44270128953625598189 0.48865459812555739338 0.43750129349273425561 0.39716536787797629415 0.4052016501101438628 0.38555751951949096545 0.29099978617251925916 0.32995756117410063313 0.42722712030050763454 0.7635743606518413662 0.97435506955753381497 3.1787181815293288345 5.13729795590494831 11.143074592647790766 48.050539769763702225 96.670486152852703299 97.835144962617476949 99.047775935331586084 99.023938574602979656 91.532005342695782701 62.656879412038421151 28.536900933116644552 10.960145666914135276 nan nan nan nan nan
0.59263294098777485885 0.69457890296520186091 0.78458220032767667096 0.86130876688059054835 0.82507243639639205046 1.1886933902795790985 1.1209233598809338339 0.78480758669886918621 0.61648169543414510496 0.48349368313903817729 0.37323362668481430138 0.29511585309712579095 0.25385514990868840446 0.25207071670669650709 0.19150678838521617564 0.1556931221138230792 0.13036295402598463422 0.11983728703233520463 0.13587468137627914389 0.15474520945379213743 0.18139387919427804596 0.22270565574983555712 0.35683107669001734585 0.28511346701379391977 0.29875045474782108146 0.31112202096439550703 0.34158923719367662031 0.3503042359146548157 0.38864263839190804628 0.48677868632925780368 0.72881806970939067014 1.2375627930186798853 2.0224616534103554422 4.7806131504645383856 10.602499683779109674 25.151162264353580156 29.707443202091873502 33.693873659874114423 84.797101180668917664 93.155707331500707369 63.409108712998545343 51.723205836227727161 36.304262773893547944 32.118416648959147608 18.569735433286201243 12.325500047820540317 4.8806806842099170751 2.0758928859750271911 nan nan
0.63956324837194378219 0.85568401740399435695 0.7802799194711127484 0.82295441923996592859 1.0519719938537148707 1.1156282817347318304 0.89548248681594266873 0.7360715624261936485 0.58130866985766349586 0.47117665943814057705 0.3786061854630861645 0.32021836909801504323 0.29458826067611998401 0.28727085876523672514 0.21461804995894739889 0.17483605995043202674 0.13735371872300591867 0.11647258172331233228 0.10377930189813489026 0.11740601502465866646 0.12895797124739807882 0.16022142525517621414 0.20903385172951297055 0.25809720991195750361 0.31490053493286668251 0.44337544797179295752 0.54550802413091714627 0.66135817741806979253 0.6584735480103004468 0.82406096776206272381 1.6069908747693402162 2.0912762291617599253 3.3091411953872968965 5.9185705278487477088 16.552523911137626556 21.126077704651027744 9.9073502508791673193 13.849558416716714504 24.75508710593338435 11.769601897553711112 51.148181737594462959 31.84768866339828719 15.358339227729793208 23.268543501575447152 21.931839386471910558 17.711663177461350216 9.0794657866552412884 3.5187824603446564709 1.1041356114701093016 nan
0.89612149975359545184 0.86698859125076932486 0.89475626374593575374 0.92365149401350676861 1.0078598576528985387 1.1570704978781580774 1.0338851780078457399 0.71171511505635665085 0.56380800990653212601 0.46810589982072209336 0.39668149384284079328 0.3684531106715814297 0.39030052545545562692 0.32150478397439591349 0.26604731339819737146 0.20351673905210279636 0.14887039431980689241 0.097658067205601134519 0.093591153802148219221 0.091980210210529850245 0.10898164099059513832 0.174492862543551841 0.30501265949794548193 0.47486490194381575369 0.76109649441214533017 1.0473310286586043905 1.8361044265795258834 2.0740844332803605177 2.1974577497518774649 1.7294263674295455857 2.3119390930343142188 4.0701309917049339759 7.1335276273604559805 13.194544834386961796 35.704179655550660755 32.170556313838858387 26.501010182017456174 11.807087013183720003 10.984184156073286687 21.281490796557484657 17.313094538491327512 25.155800190607717326 11.808454393671409477 43.640387452436584681 29.010867549158405154 12.842467121557513465 6.0250972693197795138 2.3130485884989560041 nan nan
1.1980456593419277489 1.3572395081930317406 1.0918512010378451649 1.1155181107341458624 1.2981561991811911838 1.2830091191467722922 1.0507161326391991629 0.70772321750193334378 0.55509137259363960926 0.4612469747416024779 0.41258175556330745071 0.43329370451408405485 0.53560306247443345562 0.4820658304754113499 0.3180188105557480438 0.20075458984587915556 0.11961835492536165848 0.10616614505084326359 0.12239557836832994087 0.17245040830708957547 0.19572752338439894371 0.35024543336207797362 0.69517052585758953853 1.5381694237510781242 2.7520318948126760716 4.2457423452020970345 5.4494322020518604077 5.7720620358531444793 5.99072043317186953 5.8955043693049073994 4.8366919180773990661 5.7501453188805777827 10.542435874615513569 28.084909507522858974 49.381823178114260031 48.225397382090825715 26.415299307941747742 31.981229098427238711 32.89120894188216937 22.138555589366184506 40.721965274048102401 39.75482466942329296 87.113718803093320275 10.243694617881965669 33.595617467693976721 nan nan nan nan nan
2.0375590251309767531 1.4964120354280279201 1.5879601969040857412 1.3627567399032465278 1.5816932982167635213 1.4845616995683692529 1.169440367186836971 0.73037056558596846756 0.54379637645347345121 0.53837553978808783128 0.43195766135982344158 0.56504796254932387889 0.71337399823757652317 0.62944204777503964809 0.3681593671691955616 0.18072894459050120597 0.13463176211858271514 0.12992661400824656592 0.20782410282659088963 0.24971967357509441965 0.38483691130019093141 0.65175863734437777808 1.9367589027316964856 4.6907748597291600845 6.7437967413471433531 13.692135128778897268 18.397136089238571799 19.024456681731670926 14.028897368278393287 18.759978663022629064 17.892532561816743453 7.8315275622651094878 18.448129119537320264 24.891102705771043446 51.591432073042014395 76.248054506268644559 65.124387674856279773 33.232133347578709959 86.060973235863784225 82.475899799574449389 100 95.671335320575778383 68.99139794742350773 41.438397292542354933 nan nan nan nan nan nan
2.855440117278780221 2.5320906971802767949 1.7539652439109991722 1.8962078698527677911 2.1490131897587447796 2.0559823032213295768 1.6016897990473315527 0.99084800263047023705 0.6812508190430816013 0.55599993746172848841 0.65898208521503753854 0.72350938037467327213 0.8136979586388415342 0.47127001053498984717 0.34072165126798831247 0.32274942272703982526 0.12914282087934780829 0.20418896491373966784 0.29140582814056353866 0.52418264713810380773 0.68441907546271352203 1.3082915219646140681 3.4313019648721234667 9.4661586149390029021 19.983347346538671729 29.998548758292578498 37.623965609936270482 43.924029272812830982 32.021829321260945278 41.767220818669038351 36.003204771808931639 27.505035704055220691 8.9313708312943766998 24.981664495080696753 69.299994441446955307 97.002373205049622129 95.634969384522776181 100 100 100 96.789662528631765781 nan nan nan nan nan nan nan nan nan
6.9374541773098616915 6.0186280077312366288 3.6977150557563684963 3.2318135362306530389 4.2548496124893819825 3.8125064572742339841 3.2971678784466322831 2.0598723591065648542 1.3335688160998340202 1.0837409194584708416 1.0811607193886094702 1.0204900391219389189 0.93554981797959990697 0.72896221972340025097 0.25969305549489235529 0.17278069761238584734 0.21842514824109593441 0.2380378833804706884 0.40552727241591718377 0.52380659598664269794 0.84521710893721446745 1.764992028308087324 4.5752099049808991893 15.459425382033341378 32.65380141560159899 69.303068416503620597 88.571255605778119957 69.328546703428230558 94.092546387172504296 77.636313240367101685 62.992089481159723618 46.276190783233708714 36.756535042581411687 43.961890945116678608 65.454083651872863925 97.434122962018051339 100 100 100 100 84.156963949363728261 nan nan nan nan nan nan nan nan nan
12.060760769148211935 10.943305292756075886 8.8470258050491938917 8.4824011610592133792 7.7227076183217135963 6.9112327511257101165 5.3302482720065853528 2.9904348708828369929 2.4509874885896310026 1.8341968249853697337 1.1267056208418886332 0.65972683985145208485 0.4640021806317372044 0.46314547072172579378 0.20119019150689748665 0.1340484855093528882 0.24134723750319572733 0.22869548264042677266 0.38265227760512288135 0.32410726532498779218 0.54118398902476250178 1.3961729576133072861 5.1862059719010966674 14.805852851319944108 51.936630838257265452 95.639167294274244568 96.348361392482630094 95.83140860614609835 98.514302755758805574 96.276387600460296312 95.53114567922730771 53.033576755677586334 43.536668042841156989 75.663113361377554611 97.654299992213438486 87.942090608531401585 100 100 100 90.962387929980422996 nan nan nan nan nan nan nan nan nan nan
16.248841400208746677 15.741914479422097983 11.470571383541859234 9.594514736571380098 9.9286399038707564557 8.5326945622352798893 7.0148983048981969901 4.8470012569539813185 3.7478743938785270551 3.0762508777871633292 1.0469515274689165096 0.50558204830031017174 0.48872216149724301282 0.2792706830706798149 0.1317609190191595947 0.089899654065605433262 0.1322326219363976485 0.13134380580193666388 0.19569723281675388549 0.24441648563902390601 0.49326910961825376489 1.2167675349024484888 4.2143599500933675017 23.994568637144123358 49.308571174608900378 92.993759477357983201 95.214802335022895363 93.395333180900536263 69.208576011486002244 100 99.22909963465679084 97.091659746772307926 97.018632675836997237 100 100 97.151675400236342739 97.442003217284863581 94.552044254159227421 90.144508231006312826 49.104263040922162986 nan nan nan nan nan nan nan nan nan nan
19.622747540160929702 17.511028405026443977 12.608418256652681677 12.129947575395636505 11.127156169384264217 10.75691845506791644 8.4081718196618222549 7.9882746899028163057 7.1639139271201148773 3.1417316185316059851 1.1903798382856665139 0.45410199674309437157 0.76498176376593363113 0.20424657319356295804 0.088693186879489210872 0.090852632500079674727 0.085309647358532803008 0.086280719778033379552 0.11985752939484455026 0.18217494979429504909 0.41926991312155720282 1.5546989193363687232 3.248258085129148931 15.119475833985584146 45.010331323607850607 69.816576500637495428 87.789096073263777953 89.580816422603177784 71.093228143848762102 90.029505854871828774 100 100 100 100 98.127968127578569124 96.730341128843164711 96.585610288722094197 83.632097396218100016 nan nan nan nan nan nan nan nan nan nan nan nan
20.951537151652384949 17.845490568149180888 15.612525733434098996 13.408785448413947705 12.429833121658614203 9.4531145213531608817 10.439057562954157987 10.244701300251284337 10.882187720198563952 8.5110018016365600602 1.885388005218065155 1.2115986434877534794 0.44546790895036131319 0.17575003108017125952 0.14010156300524703732 0.10727251554356383167 0.12815482230878050274 0.12187401145376712541 0.14452264739241413305 0.25495011779080367642 0.77992471521215334107 1.8044213187893838324 5.558473966154207524 11.929595226212050818 23.005025590375918654 39.172259548197359891 84.270345227896200413 90.377789219252008479 97.635525040137181918 100 100 96.886380491606118426 96.999472065730884651 96.075038842802442218 100 99.61461573427764904 94.669174804881151886 58.581045980608507762 nan nan nan nan nan nan nan nan nan nan nan nan
18.964474719128734392 17.428095905039377556 15.417090070370067068 14.543155762207955917 15.751116376383563988 16.941033977493276552 17.40824679793821872 15.92973277024124279 14.483131125816228746 10.235034700313175193 4.0120321998406129893 0.86503994371687575882 0.50120117615558412716 0.33909530646648733399 0.40475765244456707315 0.38323791066050588716 0.32704782559087175464 0.22985696376779468642 0.29946399579096710797 0.48874988666961449724 1.1518842589355340333 3.0056417036155527178 5.0195341097775596495 11.009137706916897415 12.472642639073399096 31.31297819467533472 63.294042277342121849 93.764395970152392579 95.070190521833239927 96.148044722905837034 100 96.792476613463918511 96.130011228436416104 99.687714919354888821 100 100 92.894251192755305624 nan nan nan nan nan nan nan nan nan nan nan nan nan
17.712400985303005996 16.549315059863655364 14.582721215480100696 14.431446768101459099 13.638935806345850565 14.581852680877357642 17.806938251467496315 19.241397782361669755 17.203950060954852574 10.223637258553713636 2.8149042742874748058 1.2734800764958287278 1.4993356415603891207 1.4446152099009570424 1.2123700148590854653 0.94605092150311664856 0.75710562538901726715 0.54683997326704492092 0.49546040931919782535 0.74119870540266208359 1.4959724775567981858 3.9928082776278852606 10.165224230416626483 16.952630851346235374 21.510263345068647567 22.083887186989940687 58.717250746514793036 27.190365532227122713 79.206146818084206984 99.264371771820705703 100 98.259978686414314097 98.474121806748499353 100 100 100 87.770148663194930805 nan nan nan nan nan nan nan nan nan nan nan nan nan
14.253474809829187464 12.869070315827562112 11.494062910207121675 7.2586380750128434158 4.502111594118786364 9.2623413438144144294 14.46461411918718909 19.515861671238411645 20.270637887072656014 8.8938555762710613806 3.7076224639079287115 3.3319323103178728473 4.530506094960101926 3.8963310210583426141 3.3166004898609759977 2.3145837174272414494 1.2578419781437226721 0.90044297582269083868 0.78418862743990880304 1.1291560037711152464 2.650053079419841584 5.7526254014543836135 13.325562670479778049 37.891413328954662632 47.236248621538834414 56.873421505968778433 63.98924649659956998 79.932785472591746156 100 100 98.808244076862465022 100 100 100 97.453765078635797181 87.059520350426609525 nan nan nan nan nan nan nan nan nan nan nan nan nan nan
7.9645993531960153078 7.6779576916040577217 7.1940107250817622031 3.1455189228535971324 2.0342629639622211712 3.5582565297838555374 6.9395877064732500727 8.0406818833869841967 12.085172686222810157 14.258475306496730894 6.9162048217872058586 6.7410129759889176881 7.4688014382716119144 7.7951755645891092072 6.4583708838767428517 3.2301873875604378838 1.8786061815350592052 1.3236507553434122553 1.0578712181261265002 1.434817900418634995 2.9557717756115060581 4.7062777857093536227 17.349538558293804869 49.989876125577289656 87.319102659355493756 98.525223122005925802 95.553717325209206024 100 100 100 100 100 100 100 100 nan nan nan nan nan nan nan nan nan nan nan nan nan nan nan
2.4313746499137351975 2.7189106659926016718 3.5203211983361968329 2.0203657363775300304 1.4753560154758598166 2.2698857580177520532 2.8277904393084507539 5.2713928508817913254 8.7834629265673473952 9.8089397754006100172 8.7754832029262086479 9.5064709567838008297 15.008927760859783973 16.436286942165612146 8.4133108249677892587 3.8404798685068035624 1.5370513645761121335 1.3434455449908309088 1.5186141724583777091 2.4367245313761887182 5.8210565641688676308 10.938308761466934982 18.511289958384356424 46.304048294756562143 83.728171320587534865 100 100 97.597170503883958759 92.138648439439975846 100 99.245077028043084511 99.040621718439865617 97.02164087820159466 100 97.943586695798160235 84.611796276195576638 20.448750340829832339 nan nan nan nan nan nan nan nan nan nan nan nan nan
1.3293101915003153746 1.2523771750262568947 1.2976344579201717355 1.0646020234607758148 0.9920732993235408248 1.4275595845596602551 2.4573419061465662239 3.6348144848594468037 4.5618156231291395741 9.3386145311444259676 12.269706924550987992 11.550197744733278427 16.053208164331852714 14.51547422817625943 8.6963869595954026437 4.6214213659212779461 2.7346840552511730849 2.7510218749961450335 4.4098144448469742684 6.6152765119400802618 10.470111126869760199 19.81917394453096648 36.386587832243669993 62.260935990435903875 100 100 100 83.439579684960776262 99.48761898463486375 95.769484490230524898 59.804123405347851872 nan 54.518207470917658952 nan 71.907870266715320895 nan nan nan nan nan nan nan nan nan nan nan nan nan nan nan
