src/SDSim/tmp/apis9
ncols        196
nrows        122
xllcorner    -12.166618000000
yllcorner    34.999860000000
cellsize     0.083333000000
[rows 88 to 109 of 122, columns 50 to 99 of 196]
2.3119522511937278253 2.4073401894203865226 2.0472610379954629956 1.4711957433587830035 1.0636696994863823473 0.76361804888605444575 0.79190131983897260604 0.87434168876811857452 0.94789929710612863545 0.94100550113811221031 0.82457240123403408028 0.55248340555706643151 0.28739707561777078082 0.1708933376288160888 0.36109163368409813444 1.2200835196931780757 2.4797135233033587021 3.5251343102783749828 4.5949101876940288136 5.7463979270259066823 7.1381268205415961958 8.1808651462459813786 9.2494846159230768023 7.0378267569435024598 4.0517386710913063652 1.8158926580803558259 0.95852488329971352599 1.0099550061725055539 1.1408933905675571197 1.4070293930620900724 1.5254694489019169357 1.4040402579307447173 1.0555282217732275818 0.75502144503857870905 0.72348625857584636378 0.94021472622298452038 1.2984277714812624271 1.5733607799324855758 1.4971837372819170042 1.2816331664929319079 1.0311570148596598262 0.88110738606766281222 0.84490018101169761522 0.97745292180530196635 1.7426064513269152734 3.9625889576919726132 7.3498766790346934386 10.655373046142459614 10.441398899464164884 9.9150475692529322913
4.7114162519213893532 5.4073780215160729412 4.8216668006083986953 2.9499111319521751362 1.5668253038444168723 1.0846967959561357731 1.271538044832480896 1.9904203359346832602 2.8692110304791347275 3.1421185990814035627 2.8542141271684160486 1.9096833466509344213 0.8802516871503012208 0.34447880842053246742 0.26604642241486942122 0.55224426993014441578 1.0819683135941811081 1.454870862667869913 2.345616723144126059 3.1040172014429301406 4.8671489065090112192 7.4241475321078134186 8.2232214460815349355 6.4449792637205085555 2.879152101922022311 1.2009719883423970455 0.5684055130416801882 0.37123120182988461613 0.37282700480290625888 0.4942574385609257992 0.43650485022762364196 0.38363315635653216784 0.32702289034641784937 0.36265937601399672596 0.8444774275352127102 1.8322058973031762896 3.0010933704442730452 3.6567649242538284859 3.5323082029366439372 2.5737272918666698196 1.9101654618162209331 1.4497462911747609482 1.2282940187139423927 1.0791445587473169621 1.6760553684253858275 3.616017158060158998 7.1112743433772012125 9.5898757142862471881 7.8976121050253480504 7.6825273630502577404
8.5070650850850633162 10.321180176913403059 8.4700252744859536591 5.0176114912301983395 2.864998806766775985 2.3732615929777964858 3.5252666173394935356 5.7675954269481168879 7.9378718765738671692 8.4881684349056385486 7.8683549330181188353 4.500435829564512602 1.9000404004927236024 0.64569325666148602583 0.25433571027713625101 0.34022003858024274514 0.57628680140083865524 0.92882258539130169162 1.3551023745777956986 2.0402535348050023778 3.4139550048059428278 4.3931840004369595576 5.0662263487679215501 3.5608292251706701315 2.1491116161271972551 0.86422468055623535843 0.26513432840019357517 0.11806798198512324927 0.096414184919822107367 0.098869414415334630486 0.10274709458794924199 0.096833508591878239558 0.13088171697750700107 0.35639264104123519195 1.0404108986984954566 2.7533943653964598752 5.1870543237431059325 6.6084204347335093743 5.8544285235385444821 5.2304306979476358208 3.507914329671761422 3.4436919995622670143 2.5554543186751450534 2.0308716619154276728 1.4863289688916294651 2.511643674472435972 4.5743314965463994781 7.1401926310752124039 8.5825326805391419782 4.7507061850185934304
10.046582113593176544 13.723127952853689138 11.07764485141449029 7.7126121361310513436 5.3584485934540300178 5.6862306924713363898 7.4741484797290995701 11.694368300078654244 16.099406549922310461 16.846828709242423372 13.33671861937292924 7.7912784115144848585 3.1592377317755109267 0.93603377266617793229 0.3611715098470509866 0.5787431331184821337 1.0022098768227445387 1.6590029183195584839 2.1855595306521249377 2.3233214923434695187 2.3980382262356898515 2.7815373952754196551 2.5198072549557855027 1.9524985252610940201 1.1159876726352617737 0.54631128974689291411 0.20171359307512656822 0.079224315644660023294 0.046131934632036832034 0.033864875674675228023 0.031565076226339819354 0.047314302931862166346 0.12113054639258358236 0.40902414500898087724 1.2807980290141085522 3.016824924950918696 5.7306759516629561801 9.169573709483586299 7.936940200479170926 6.6835463168674706935 5.7429597362296709306 4.8459795534736116451 5.0547045354240136561 2.5802469543230017734 1.2679765892818959383 1.4241404026687338735 2.788423499692841645 4.7604570881672012561 5.4507981036922732443 3.3804697132823671168
8.5043847369166201133 10.626396341908964871 11.954645412206351907 10.135001578508967768 8.9432630113892894741 9.4611362537611221057 13.648404364578890835 19.026024437098559616 23.104463798248513484 24.420663201093468331 17.728238925932945591 9.2107102616161871111 4.1796922722375136061 1.2239679267157923537 0.52285580151168331575 1.1234243504370846622 2.6531965740112166685 3.993025082720231822 5.0488515624808343318 4.3449910987315929489 3.4778097511713510492 3.2697025125185232852 2.7374064209664217273 1.9157137055311403984 1.1648067986248982209 0.58039982387096289429 0.3281693783446942847 0.19673049244645912648 0.12744300274637601622 0.073262224276394311007 0.057514840566772321151 0.086163783468113402941 0.20500452549218772802 0.51383694426243220477 1.3654515205735244798 3.1304989092130393047 5.7085229227949501052 7.0888462600335646613 7.2271940936816321255 6.3146423949283247978 7.1632833424708124426 8.1447760436121257044 6.4667302500422509937 1.7143491364185463599 0.90253413017456385337 0.79811999814991541058 1.3909687257236293956 2.4463598592401325504 2.1880902582039136739 2.4299464655145559533
4.2686347537480138215 7.3996030471600544587 10.161855915008024098 12.638474082294729683 12.773864602727519113 14.421029282564859386 15.290516964984849579 23.048495587650826621 27.747273598365783442 23.067050770162776274 20.192359652592163144 11.267593576399217881 3.8802434804165084614 1.2760451609968936904 0.67652102259094371028 1.4807101591281637276 3.7655835643263206869 6.3563766933433853978 9.155916353345196157 7.3004223727888897244 6.2484257952005357595 5.6716042243538131729 5.0101998669549301368 3.2356179777716786994 1.7636859621503258033 1.106630506952885451 0.80244363707917232276 0.57942723671114204631 0.3730618756299827754 0.23641027278526630107 0.18275684319033314029 0.21769892630496412433 0.38087517245203061922 0.69921916598147249022 1.2807104118419310179 2.3666333615217181041 4.0601271923060933133 4.9468273647919609459 5.0728497634859195387 5.6733432676150279406 7.0036022485630367029 6.9728885959848403431 4.6423541715928156037 2.6482465851738878904 0.80027613361191718422 0.47499325734790931453 0.5413645737668196789 0.80756723637166760721 1.033797464180205683 1.2676719360701109718
2.1819787089402105096 4.5931752100556098029 8.2771371911792179787 13.126029045761534064 14.245825353065708185 14.308839951042253702 14.228491449228144461 17.759807982084382161 24.699406575122164753 20.687788650391038203 15.606415956787513366 9.0730804071090247476 3.5254559384196451077 1.0684380754989091233 0.63771990371738429548 1.7707018776050711395 4.4311803440532528953 8.6470413003142176933 10.237463914943594645 9.9062865735279306278 7.7833118083735559622 8.166682378032604106 6.202105272478742215 4.0210673816147624038 2.6243272802226740303 2.011578690218333243 1.7703994346501368273 1.4189333905388195056 0.96512616822194208233 0.64640506969570954432 0.48740688359921036099 0.47184406569941411691 0.66922503652748688285 1.0417608173653341019 1.3500747935532975141 1.8956161228637906646 2.1624311786570844518 2.5334470031513918187 3.2336878174458436597 4.2299583819699302367 5.0022610598326950893 4.9700549394831643468 3.9910260036423053087 2.3851563469379803983 1.3270426796807841541 0.8165836187505052246 0.41873058241866534246 0.55061529330548530936 0.66053832945695423184 0.95517904703228395658
1.2042037124978168805 3.266446038929372353 5.8944810708759680651 10.57516389104772081 13.350429192598680217 11.87933285161808783 9.085827325220467543 9.4060508735703756145 11.193627780848604658 11.235478625951687448 8.7597816966301476072 5.0035663587429928256 2.2187942928367045958 0.71609778961726844315 0.56029965307818219156 1.5798991706641050126 4.0632701853690802452 7.4935556548217094885 10.378336060079085712 10.204034903834203973 10.233502826741350589 7.7995528692817321925 5.3594776921238125311 3.894994198899521809 3.3319246163421509799 3.4421437959395255746 3.4369314719011025971 2.7699336527693305676 1.8058091586847715426 1.2176809669161681171 0.97401937444288466672 1.0706403091946734563 1.1160139847136192337 1.3751045557477994397 1.6863974996211530399 1.3925815869221047638 1.4105857695948751385 1.5464677772479871187 3.0863122615656690684 4.9347374982923257747 6.19140182154993024 5.8763019698128893253 3.8958878699513102006 2.8442037690622781199 2.4397746541538549714 1.8085487749306918825 1.0840631848308959206 0.84032626355444706157 0.90381438121883972414 1.7987759269884338043
0.85177460403027693836 2.4732018922048251142 5.0800501862826559218 7.4751330617886297958 7.3515451186701099573 5.6016555224577793126 nan nan nan nan nan nan nan 0.34872047860908728101 0.37674050584768570271 0.95723402115210687313 2.3461167831281253271 4.2327074550850483092 7.2858173510595696243 9.7247407168123523036 9.7047286872508173872 8.2376951891162573105 5.3725593130180762103 4.0261027908639679396 3.8925219168634450639 4.3163806020552213383 4.5795579277555082953 3.1689756477413513203 2.2175736566911590231 1.7692537263745884424 2.0586157275740188943 1.6850012477796461052 1.348929831931562795 1.5006061270790085338 1.4824338210096719148 1.1511033646023733912 1.0663897624490941141 1.8287637659815532132 3.9711524208808421932 7.5411556406767896732 9.7700550455324215449 9.5243671321983907063 5.2164181420424453606 3.8073437226076891626 4.6158265764544443854 3.7878761268663336814 2.489667563811304607 1.2278808539652616982 1.0993759259956255026 2.0094125800929680814
0.46619180731941989304 1.1884305554440164343 2.5814132013987847181 3.0401466486310191328 nan nan nan nan nan nan nan nan nan nan nan 0.43775822870417568922 1.0122610860100742514 2.262939214653208353 3.800171812541189631 5.7751328608323397873 7.2998960383341042757 6.050379993603116624 5.1634774714880862234 5.2486969093552140464 5.7643994442704054038 5.8494822205040826191 4.6564014330688427989 3.6334111180015948861 2.8708741828818378217 3.0880702922389819953 3.2405623517358161934 2.4833825779009250923 1.6412274663945793929 1.269759870841671745 0.89290311236404207307 0.69603662943961941423 0.81661578888557317946 1.9166378174155469516 4.9322839333170769294 8.9398606935815010388 12.859138581122246947 11.846902844085194673 10.403908653264357653 8.9331325079396748379 8.1420547669138976232 4.6241836926925090623 2.4545794613995184363 1.7170186256700197269 0.78917154133199951538 1.2201431948593675081
nan nan nan nan nan nan nan nan nan nan nan nan nan nan nan nan nan nan 1.9767925161098773845 3.5490387315692815129 4.0810738109594595358 nan 5.2450161267861750147 8.1070442531043891421 8.565967880686914171 7.5012887500582907663 5.5948693588999258708 3.8648238704951811684 3.342170311223780832 3.5752640803472854891 3.816602139348234779 2.7283535220948036404 1.531429567707170758 0.82516880405245107699 0.37550637128194108705 0.32633201013190077378 0.52855793796191086198 1.4755438360417909571 3.4898517555652981414 7.4856157566316490204 9.3207738536619082481 10.660537235727389316 9.8013505203772588459 12.843385910700227726 17.46625931142716226 13.235618583658501635 7.3098556147340740807 1.2925851466515232424 0.62511713097946608464 0.77118773996919631752
nan nan nan nan nan nan nan nan nan nan nan nan nan nan nan nan nan nan nan 1.9406112223952238782 2.694777612954975865 3.8500256551676650396 5.5873170229813098331 7.9408056579154537857 10.286975086340731877 7.8329081189657925322 4.7400299996828110238 2.9545871081398380475 2.6068077030661398474 3.0938576543757712045 3.3297921290001388783 2.1979216451605498861 1.1383641776240580601 0.38252752518008403815 0.17507777250114373024 0.10988001613900644227 0.27908316637691488182 0.81411764801257402446 2.2654116552858423184 3.6440283136147044729 5.4489795624095496152 5.7270514373367999994 7.4998979063177140247 8.8755898668897881265 16.667386631396382768 13.380111141889518223 7.2239191977032488623 3.2661885074653693728 0.63463861080608829912 0.34728460119572240883
nan nan nan nan nan nan nan nan nan nan nan nan nan nan nan nan nan nan nan 1.4063502395380567123 3.0904061459889216046 5.0557004829954115266 6.4345743229594916102 7.0474760836577816647 7.9097576065646881815 5.1326472245637964065 2.8646531295123058847 1.8820189934475890503 1.6606668858017124002 1.9668728503174672806 1.8251637757872487544 0.50227821355443635909 0.45034035151068491087 0.22760898009340571613 0.086109807687132028375 0.035689823865879995168 0.10994942687376063617 0.40925979021448039008 0.72841890177296908515 1.4019838743397805558 1.6428075304682461244 2.0925725337972256312 3.1172561858496607989 6.1228927094020901833 7.9154721404583465727 6.7023857829718229695 3.4906714271003944638 1.6025349247010414189 0.63758194354532349291 0.21757353591855135844
nan nan nan nan nan nan nan nan nan nan nan nan nan nan nan nan nan nan nan 0.90126918438237224596 2.6490144219719065077 4.4071396911652476192 5.9817259940457798706 5.4015433278900655267 4.3327202373930004953 3.1877081075087478901 1.9050897574812688529 1.4171169860136658691 1.6551752768907102009 1.6664035409239454921 1.1324730022099305238 0.33492448959086690286 0.16709209001196440036 0.092514425078008305503 0.020826193668331414305 0.010652223157473500112 0.047414889242044490347 0.10193288723367843751 0.21016033027039612846 0.3270438264126724337 0.48478268656784534452 0.57835427673689099315 nan nan nan nan nan nan nan nan
nan nan nan nan nan nan nan nan nan nan nan nan nan nan nan nan nan nan nan nan nan 3.4039801065566077654 4.6602973587028522218 3.9711980210070527697 2.6848262732126597641 1.8066743669565323849 1.7986664475720992584 1.74075982539758356 2.0006542167543406308 1.9643886231696561229 1.1329513900880814337 0.52960773510021486032 0.17801001368733196384 0.058529991148808274692 0.015539133033815506063 0.0061466905779041835015 0.011929624829596746985 0.026480024075339780865 0.051031285073831519905 0.078929811594860260771 0.13422609524903464373 0.077487348098151359599 nan nan nan nan nan nan nan nan
nan nan nan nan nan nan nan nan nan nan nan nan nan nan nan nan nan nan nan nan 1.1497712355892453218 2.2750810779615591173 2.6963375116576751012 2.4650282894240582721 1.7528321120029741742 1.4819636932858666345 1.730856813444241471 2.3451126728743951766 2.5233571994507650871 2.0905878013870173859 1.1916128060321762305 0.53351398067307775896 0.17918173174655310786 0.045652987900744013139 0.011049136535835214074 0.0027786442382897141683 0.0021711488878291274052 0.0042842042654414810854 0.0085325817349223686409 0.01387504033576970365 nan nan nan nan nan nan nan nan nan nan
nan nan nan nan nan nan nan nan nan nan nan nan nan nan nan nan nan nan nan nan nan 1.4008266710272907485 1.372366736288957334 1.1855882301292535175 1.272362291552528113 1.4571460468601526994 2.1254684041415430329 2.493277173595931373 2.3858581347675049678 2.1619034163178243446 1.1458851733043375898 0.39456427112489633746 0.13788847184053076855 0.034505676197476263523 0.0066422319503689399717 nan nan nan nan nan nan nan nan nan nan nan nan nan nan nan
nan nan nan nan nan nan nan nan nan nan nan nan nan nan nan nan nan nan nan nan nan nan 0.66386756666531054893 0.91570936851834106029 1.2333394944058428955 1.7601842967898388981 1.8799148713801934196 2.3859346503621399194 2.125569080574829961 1.8762029905645594141 1.0666433115750180161 0.39183885644828675421 0.10138502102175481201 0.024773059520784582177 nan nan nan nan nan nan nan nan nan nan nan nan nan nan nan nan
nan nan nan nan nan nan nan nan nan nan nan nan nan nan nan nan nan nan nan nan nan nan nan 0.57916841619191672397 1.0399341236541235212 1.5536952316983378974 2.3423059722213825928 2.3758212626264030298 1.8838720434411879712 1.3056424074195858154 0.73019738452300941844 0.28236606587772827837 0.075615117569339196368 nan nan nan nan nan nan nan nan nan nan nan nan nan nan nan nan nan
nan nan nan nan nan nan nan nan nan nan nan nan nan nan nan nan nan nan nan nan nan nan nan nan 0.71190291718648723851 1.1938216385378070949 1.5084359701794256559 1.8473517809228681141 1.5412813621889744908 0.67445458683381520615 0.34599941972707265458 0.13377688542993063092 nan nan nan nan nan nan nan nan nan nan nan nan nan nan nan nan nan nan
nan nan nan nan nan nan nan nan nan nan nan nan nan nan nan nan nan nan nan nan nan nan nan nan nan nan 0.75892105783883123671 0.92649438953522977869 0.64320224110706991638 0.44068990009773845173 0.15390963314825076291 nan nan nan nan nan nan nan nan nan nan nan nan nan nan nan nan nan nan nan
nan nan nan nan nan nan nan nan nan nan nan nan nan nan nan nan nan nan nan nan nan nan nan nan nan nan nan nan nan 0.13638168811194714691 nan nan nan nan nan nan nan nan nan nan nan nan nan nan nan nan nan nan nan nan
