src/SDSim/tmp/apis3
ncols        196
nrows        122
xllcorner    -12.166618000000
yllcorner    34.999860000000
cellsize     0.083333000000
[rows 69 to 91 of 122, columns 102 to 152 of 196]
0.025994637009576389286 0.072812635487070814788 0.17546908852568682269 0.36636330952586149134 1.171944326739776665 3.4635634344870758206 5.9377415207571493383 4.2936262240246767519 5.0003673665316670238 8.5858691554175123883 3.8268314787917727671 1.1675344669886298377 0.14224626273861074033 0.021439959613786568199 0.19094857840903767254 1.3403975164493928673 3.838220461965479835 7.3993846933097664476 3.7884194207071715255 1.2556912102248649621 0.20235647331555842166 0.033819385832318561713 0.095195201992606087726 0.30291372755690254559 0.36895626598198694168 0.38262695541689345502 0.17334507751376371232 0.023712174997714458718 0.0012145310887184536212 0 0 0 0.00010304877751813852974 0.0035268934145890025803 0.050401144194881369875 0.27294664695678094724 0.33765607079637632859 0.55534609220197950208 2.8331201247926847131 2.7161202272452804607 nan nan nan nan nan nan nan nan nan nan nan
0.05498180694512330019 0.32600755787085944348 0.63694227721699181455 0.92678156951074075476 1.5066220335481630421 3.0943615741876233649 3.4867646160575418435 3.8515638026202250188 5.1551129336370564715 4.4077828315416818228 3.5555887432597379494 0.99318479074685028785 0.17133873037666352834 0.019025404452815947165 0.15963141007919878778 1.0307997350233408795 3.4834520690955801392 4.015542580099936032 3.3805867093572126159 1.0742560482349257089 0.28234407420248708309 0.1332811074575930288 0.19679972132564993448 0.40937907447407628769 0.81559530457038076356 0.48738863949771560335 0.14238761241765210408 0.032898656159780478858 0.0095125819117386403029 0.0062911936195028331925 0.003886943864349068356 0.0010291492665030128363 0.00044877653926926846899 0.0026628397107231510828 0.017804360013007409363 0.052771325700225316102 0.093366981209580479639 0.62212523782516115922 5.2911675361284471464 21.931284124005117064 nan nan nan nan nan nan nan nan nan nan nan
0.29009600589753409272 0.9586488732223592546 2.8992368880644154849 3.482117328369354059 3.3155426621261034903 1.6662608210349763027 1.4212501367338319369 1.8556659314987267173 2.5939056277508552029 2.6103005610972185302 1.8638043589511674725 0.90912761009338682872 0.13453566280425377499 0.015473498355919424602 0.097262065264613881133 0.50927285739280536703 1.0464523797709224251 1.4419240988572419315 1.3264229584944531304 1.377728802169083222 1.0302728093434772028 0.82566584211376359281 0.64562929175665662029 0.73666064386875340642 0.61805906900750517963 0.69460689188361379731 0.2700146566460364661 0.15486053474763236681 0.097579455212136734232 0.075710916832151670119 0.041688048574767558319 0.027880985430526507296 0.0052711959756901530239 0.0032585553508500393442 0.0067145020546179714008 0.0074918358590928650631 0.034915637942435545638 0.65526814369625008272 7.1148205367392245435 27.234386924410095787 46.141534561992976649 nan nan nan nan nan nan nan nan nan nan
1.8498919984511299486 2.3736204859867231498 4.6729298958004186204 8.5131525400763479183 4.8847865020497929223 2.2842999828109342708 1.0480048428457440224 1.1057670555395557876 3.1375100349707460978 3.9681549656104113666 3.3038522070176021828 0.84253166765789033743 0.14485284546423476959 0.011419519154798380214 0.032961035987508352507 0.10320021071120978606 0.21245706588502652479 0.41142042507619130953 1.1012482138934900355 3.1931170036568254922 3.7184077096230714332 3.8210440917588295306 1.7196840536874602456 1.6214989837530833228 1.9359576322296301321 1.5999470704881662009 1.0501205451488826448 0.61064690786872533046 0.54313918416020023905 0.39792473807391487428 0.27088762252904596828 0.15763784610489589566 0.060838439523115253604 0.081048514318557446368 0.057534410642500900812 0.047274274730516124832 0.092398898143847302267 0.67749566886705658852 5.062659580857241437 25.729614089999959248 23.996900025169768611 nan nan nan nan nan nan nan nan nan nan
5.2020603995131686759 5.7234488203362428038 5.2988278668576533903 8.0872317075800843611 7.975424846291986114 5.1781200004767198308 1.4270822820573239031 1.4244771418755119985 3.4402854066004389111 6.5256635093088899424 3.3378111494917663826 1.0274795964439709106 0.14784867972821927329 0.013401935311332057593 0.0069242131287724608193 0.03735767440051308147 0.2070728388603212955 0.59384356780141644983 1.7807285793986185052 4.9262593719906808687 10.643418155310564899 4.6710894832128655452 2.5502906223371288874 4.717528017298134202 5.6744293356116601856 4.0544320411611129984 1.4350498639144642077 1.6323979012491840468 1.5336682817205933294 1.1555725860436318886 0.8621894718812680436 0.65235594911058492062 0.64484745466891091326 0.56684125280293562454 0.39040736525803454438 0.16437118095903874293 0.61519109909824676308 1.5162789902946374188 4.7476918599453359349 7.7430177781137841109 6.1490188789168538364 nan nan nan nan nan nan nan nan nan nan
11.675705962598051713 5.7519605635794528453 4.3277099392135767175 7.1477167382730870671 13.14023314947503529 5.1983716508526498501 1.5326854096998889787 1.011272426465425589 2.7567808113304690387 3.2788316300385980107 2.6630112813119590776 0.86783616776922489766 0.18953398010391819817 0.060076229423106787542 0.030629142991674435104 0.070452835024824300714 0.38153371422085025078 1.4951524614521327639 2.8366719361060406257 5.8393978001719117898 5.1807752497393888547 4.2122821602052669121 2.3419268058319793191 4.1075192545544307876 8.3393097116992365159 4.0565185841186233162 1.663527057261405151 2.1912545295309464599 4.1100675553692402886 2.6051118647400666184 0.99206104962773578038 2.7668205121253208745 2.4330890383068828342 2.1427394635919840837 1.2171820934997312769 0.54053311525407654603 1.528452644089167034 6.4487068715453395029 8.6769134548742119506 10.607703764474997854 6.7175119374860425836 4.145688345655256235 0.8202706359622190524 nan nan nan nan nan nan nan nan
5.412535531375256781 4.9485603608277983767 2.6576521734709395162 5.8415319776475591595 6.218949635762022865 4.1676201670455581549 1.099336308284321051 0.57206959554450553807 0.81654567865049565434 1.0785826128483009256 0.95157071243950663852 0.80985134938520109138 0.52883810882880466497 0.33648754912444828191 0.17088752618134822603 0.094113616748730130612 0.5109955196303451741 1.7000128920882040529 3.8081171781380573904 2.4721894721301849174 2.1305816254976623902 1.0649996989480974285 1.3694214062105427576 3.3906921255366904155 3.9796879322979679117 3.2907084072055066137 1.4490980340557029216 1.9804557094210608614 2.3994346663918668661 2.4413089475508518156 1.4028844484745166543 3.2636989037928554325 9.4422377494409577281 5.9869426240754686219 1.8431498779087926998 1.2176522360958932367 3.4166296501348809578 8.7270384229198416648 17.943776906761137013 9.730300617707239752 12.600523995667224142 4.9431288186641255678 1.2023397289394248677 0.17179684512489720727 0.013680003240818958132 0.0026283899572775372595 nan nan nan nan nan
2.040788812648676398 2.9731510972508901069 3.687488493094180253 3.4714996558773911772 2.0735773241411732393 1.1927728353940711958 0.55805032108713914507 0.15142032758151352523 0.13908495945721122133 0.20783647459161311288 0.49693317043591994642 1.4455289038446634819 1.4503503765172980344 1.1886606002039266095 0.34612185510155446533 0.11876531960021376177 0.34373880931725830923 1.257751143043170261 1.5211677272887322854 1.3444825588750981549 0.51854113895753728425 0.26782764505063294536 0.54349108917580080114 0.99618136490224040713 1.2833928147551842969 0.99925290914702835643 0.72840401156770062663 0.63380404812819735039 1.0473813884301390598 0.75610052853861609012 0.85737511337160388081 1.9775175263337156917 4.1667536293759726007 3.9343493250751557788 1.0710320744430559259 2.7142728662489146174 5.6389936819721251382 3.0602513882043900217 10.70611108341099893 9.3240308128370052998 3.151788323462126673 3.815823232943098553 1.4738571101963453547 0.58094458296295869992 0.19164907278196716134 0.0070900527812843491815 0 nan nan nan nan
0.88320879024347731523 2.4690698281785721235 5.246103483816280999 3.0871473599293608459 1.2826341192086503362 0.3862341351225413999 0.10987207860132709725 0.03456330140553084268 0.014031405354096701879 0.081892203136841076883 0.56247169035235722312 1.5475226751836868022 3.1440475684517807942 1.5698248416657269999 0.57124596559661777739 0.18512651083609371616 0.26709988023727471163 0.37986267383326199898 0.49432548258526975982 0.46828522805405614626 0.3270973737859059205 0.13553825404836000734 0.11921782945955626543 0.15411648489925530714 0.22241804879951379559 0.20075037412448881735 0.15153340968544021239 0.12681493504178345533 0.15145391234294852678 0.22847990567879719603 0.43050033697219791673 0.7346019142883608577 1.5154160971730967766 1.2352291265797310515 2.1129803110253044807 3.2848301256171610341 7.1183472740817039792 6.7930881733410899415 4.0203516833156731636 4.3554479574008020393 2.3293880137304001643 8.7296270043162156327 5.7376979109351129438 3.2382356227005333338 0.18688795001354427394 0.0068729437200873884362 nan nan nan nan nan
0.57798212350349653654 2.2532216657302344132 3.8995123708870229606 3.7600694592276737716 1.8054281458331451482 0.36314784356391593967 0.047660581083559395987 0.0041259310178389093857 0.0041354329307190622333 0.066283507371789465723 0.45000099479329314089 1.5829149966739231026 1.6516748551136728462 1.4811325316040844235 0.78981176801971808565 0.76505738464858441539 0.68209438040120673463 0.8519571012032338686 0.87097849944666594357 1.237199967071606288 0.97060668374594827323 0.72184627906673715092 0.20220929887878449915 0.095310944783907960987 0.056961478711308313749 0.027874504330119617007 0.011747568421779470624 0.011974461664351683521 0.043694550895221291598 0.37670841287916057016 0.81452056687438556537 1.4859600998776671954 1.2405888855691631356 0.87995723553272808815 1.1018422214492491484 4.8024195933325382057 5.8325676711786771378 2.866302201866710142 2.5007039449766144124 5.1739064981523572584 28.635520812130906165 5.5555585771027082842 24.204612741011231947 nan nan nan nan nan nan nan nan
0.41674681764466675604 1.1029034705088789359 2.8329272279970547643 4.2731369757353663275 1.7969725133527512106 0.41395862263641919343 0.046267203553771722724 0.002476365336649958681 0.0022869563707859506992 0.040004645201653442343 0.2789601822055837177 0.52457426306224586021 0.68618547738609414477 0.79879033895178930269 1.9355250053314232428 2.3088340344018294381 2.643514628609286099 1.5578263479427487681 3.6372894141012852565 4.1621401546118468318 5.1944301866556461533 2.2144954494101698472 1.0473374224508442687 0.79488774453186250568 0.4050071445529071501 0.060588768185747321482 0.0069913632991734373304 0.0071148987511001939021 0.10599106999452756472 0.44552034470177348524 3.8941437111104635349 3.7796622558709973561 4.2807301901701020341 1.6526125683686208045 1.6154319110795765102 1.5624896684769455923 3.1962170115808596904 2.0752074445468635666 1.9516093794035640485 8.3341695600444900549 26.789071700949957489 41.738274979302900647 nan nan nan nan nan nan nan nan nan
0.1309490413176163659 0.56318150114392329098 1.6382394224100771396 1.8170229112456877107 1.3512581924535456146 0.29609152097692120753 0.038608322435221172075 0.0018778349749824993498 0.0010713077302214482709 0.017597002658295637229 0.072753297730442270663 0.12218906540907290004 0.30336539197745582275 1.3807464106768618795 2.0574031370606919999 6.0343835680001820521 3.6209623400032322493 3.2882880299680357084 5.6593872066283896771 12.749758251314233348 6.5955061247803739022 5.5925883712905735123 4.6548834199498907438 3.7503122279467961953 1.0697077729720563255 0.33853038252631401095 0.10052534741250174211 0.052236544076711410867 0.12506843997502875565 1.1133571625844735919 1.5084764048478194187 8.8411032141817784691 5.9423304940974910338 2.6799171954368037341 4.6490654969122315876 7.0016219822578635856 6.9953045177104744567 3.8515854538042173516 2.595174885756837746 nan nan nan nan nan nan nan nan nan nan nan nan
0.058654500729519012947 0.20167260487422117299 0.45876249553900450007 0.57144844281403939235 0.43264737078274645432 0.18943916128015350631 0.024869270213912834239 0.0014403956070677349701 0.00032261401920549460107 0.0059550275588488178063 0.079968283381548835309 0.41685039543286273034 0.60718265021881101529 1.3401656273782922568 3.5450240480194579185 3.7053270510659364056 4.5707762541679795021 3.4294006607765386008 6.8179724128498291336 7.1955747814142094754 6.4295152519676435077 5.7849634606453648189 12.389412248050890142 7.7450047716942647114 4.7503544203854755068 2.138352087951866487 1.2967424243963718844 0.2086672627530261892 0.14260360625501303233 0.7437169980239866085 3.8744654419253317101 4.7592225814929038918 4.508473367624934447 2.6879914321887468098 6.8607514211899482959 20.982702485114646862 13.760117010927118031 9.3439564779513428761 5.8406347193047301047 nan nan nan nan nan nan nan nan nan nan nan nan
0.020680979632095541215 0.043111889527497872232 0.071472623318808797821 0.083225982749602744892 0.06752171772623280499 0.030325390618961660383 0.010434923518771172316 0.00067048377920435244665 0 0.0061756849283974386486 0.095254306892504317372 0.66472978168761764906 1.5840592932874129062 2.4551841401530096753 4.4399575889628861702 2.7561095905881520807 3.2817251180365087926 4.4158518060501128488 5.0291291053084856699 4.9719779322659816145 2.7091524144580878541 3.4263623455340170842 6.9426242739356034406 17.077660571111501042 15.654772515757064966 13.392913377513561812 3.7590678003422790532 0.7655259249866595006 0.15021070995023313999 0.40901116846452140186 0.7676017447470381283 1.5618252436986148624 1.3378599717213228715 1.526404618847512662 7.3321568582928842162 9.7819273913247766217 15.018364365857323151 19.19441119336728363 nan nan nan nan nan nan nan nan nan nan nan nan nan
0.092140323231894818989 0.032558572099578353409 0.0057868430069681212405 0.004190097751342797272 0.003386622324535949486 0.0024761738914075188955 0.0023773751652235233789 0.004215024447617758338 0.0043322973411456643794 0.01265131094405679002 0.13315766111103669034 0.71177604639187719293 1.901514333558124159 3.3687254499308965094 3.9471626025804811277 2.0430065585355992042 3.2165503213699908613 5.0088480619691644335 8.435748857059484962 4.084346752132981706 1.5760244417628661573 1.362462726601991303 3.822929679417029547 15.263017451442127737 45.771762516018796418 20.092678373267762737 5.8073369757157466964 1.4568815809490320845 0.20802825051682791169 0.081105612968749241087 0.13877074774033576476 0.1885012362253245255 0.24870943971175843434 0.93181701682061901515 2.6988317929299752151 7.1579589246955608317 8.8212661412819901585 6.4674013937527004003 nan nan nan nan nan nan nan nan nan nan nan nan nan
0.70030296718876849926 0.10091375463630219977 0.0080760904311463852651 0.0018411241632467680723 0.00066297749648532629946 0.0024564744090377018705 0.035305098691828712409 0.052946362047734202294 0.078920589221321238438 0.080142078448446826822 0.2495184223842417115 0.48719648018502825781 1.3730077779500746704 3.0042119616969786833 2.9439596751206429381 2.0515931728913301413 2.3808815119698749641 4.1590764469906202905 3.6774475035790965549 4.0631274533374970304 0.7960886412723406913 0.43666089807818764257 2.1803315352033458829 10.583822387657860986 17.281866926074926027 27.919706677579878118 6.5164746039294740854 2.0220785859575971521 0.51838200954142465982 0.055322231254115214472 0.049155678809351642522 0.11964571114939503982 0.23966005365221398904 0.53315490632590190057 1.7378402829253023487 2.2240752966359642606 nan nan nan nan nan nan nan nan nan nan nan nan nan nan nan
1.5615295195267957507 0.2594200902022225641 0.074150377203303335927 0.031111913469499992424 0.011618552777594829545 0.0055205641005633184631 0.089672062884216030554 0.57053301631042208086 0.46008102759290697703 0.82481273663878729163 0.4521368652907825636 0.32032608811969337514 0.76085434873164037306 1.2966580378933234563 2.7125041762032653381 1.7502563913603139678 1.7023777019215844408 1.769274076746653046 2.423857342254159164 1.3582366831937444651 0.7725629165285580191 0.19672494562262116125 0.82617617219178896004 2.2895298204576839396 8.4115647841748550917 10.572394309701333981 11.248635857623682455 4.7130008657471833544 0.77811928175789435436 0.089887647787451327441 0.21768354937232697877 0.91540898374849510866 1.9068039189769294683 2.546157117922950075 2.0025853770469890236 1.0070449871305346967 nan nan nan nan nan nan nan nan nan nan nan nan nan nan nan
2.5066285735987761107 0.92601145521971861552 0.57730386722620685713 0.29145721845735539368 0.043735083801177389307 0.020849997151568471637 0.16486309928076423037 0.91593721506726066828 2.4773086845339769013 1.4006701302911024332 1.0875374376717057423 0.35634893383990456917 0.42238418849777453756 1.2344258758161523737 1.5418030559578213001 1.1885565806008608902 0.79530534050660750545 0.72853403610625533382 0.61914368976401068512 0.47268319197787472818 0.13498729356559180381 0.079666963062585555155 0.11205491716359144982 0.66870354781842689107 1.886425908619382863 5.4928672809620717743 11.497855064494158839 4.0677246404536608892 0.94548472162162988663 0.11351233649347898524 0.42205909401837138351 3.0849195702151868126 9.7285761253185256692 12.179193254323415374 7.823854662915791458 nan nan nan nan nan nan nan nan nan nan nan nan nan nan nan nan
3.6683281084834717944 2.8851926762937227799 2.1953949619973061047 0.51989911308840541793 0.2720748849620293619 0.26915004309874390742 0.38473722097445550716 1.1559694702321696713 1.797045463132701304 2.8654732470458421645 2.0820416406977888535 0.83218392560717824313 0.39628856937033007934 0.49020480842582386805 0.62305848402426822208 0.45786721213319103718 0.2550583973636197932 0.12578577327213347203 0.088010827357174289953 0.059827355920206007345 0.029199484587762995769 0.0071946281540779871352 0.026283667971917466788 0.083922621465155805565 0.52273495438614381303 0.86744821068899757854 2.3441494310630299758 3.0722368738484937545 0.6234651435552805987 0.10827229989331295379 0.59083162473797279368 4.0514864315457410626 17.016746059699755733 28.919043060600799322 8.2872114421613538582 nan nan nan nan nan nan nan nan nan nan nan nan nan nan nan nan
3.6488782988866579338 4.7616908398739745678 1.223956437028657307 1.1270956596974790465 1.4800287994318437335 2.2816990751187438136 1.9935667994560708483 1.4564329941652371936 1.7641882153437224989 2.6454682293766635937 3.3867564552305795544 1.6026816795424059237 1.2240610232754374209 0.86609015808073985809 0.42124285638331349091 0.13777772843585830986 0.044029194422669629128 0.017139829147872036319 0.0066090840610688247891 0.0034793909289945199395 0.0015299846127902034208 0.0009034074200869706946 0.0021700897891905866245 0.023983729287561345034 0.10586606329008990679 0.29086767842454491761 0.60698423661272393748 0.53488715355716431876 0.29258184486723537443 0.072645668611720240482 0.47326562353115153581 3.326346438739078426 9.7258053892298637066 9.8721967782263568836 nan nan nan nan nan nan nan nan nan nan nan nan nan nan nan nan nan
3.2316081440727417728 1.4377805340516467414 0.85792473898382937136 1.0847869771358211732 4.9794362782991417049 5.3912247724627437861 7.301877468061037213 4.3871449845054852901 2.9011164207673258986 2.6436203626528484989 2.9412080177571002793 4.8351566838574875362 5.404220485984287059 3.4642914528705772703 1.0390566158598417701 0.14396403428133222602 0.0097945586792538112675 0.00094726853858535244816 0.00047140802449368294407 0.0004634246363443963795 0.0010319316357633077051 0.0016300312729683871446 0.0022943411867541348148 0.0071620988624416367582 0.018521863961213223121 0.049156537409333123101 0.065012271398755011598 0.06132670221528060267 0.034305905902816360986 0.032233382842396907098 0.24420599561300462832 1.234514828626368077 3.2258158855305154589 nan nan nan nan nan nan nan nan nan nan nan nan nan nan nan nan nan nan
1.970498732976686318 0.58083276577768483406 0.36931007413993910404 1.5336388706444670227 4.4669021293439996612 14.845124025558879666 9.2665570468272804305 11.081291926272390569 9.3212609802316670482 7.9754223706044156117 5.0827555732896101404 12.978268276521756519 15.235876873419829991 6.7276439112050852032 1.2381439763102113361 0.16905410947994659043 0.0088260724470487651044 0.00018482692259156073339 0.0039725892309847021799 0.012216643626537269235 0.021934709726233261179 0.036292775220887724119 0.042145841741223454002 0.042563773335051499624 0.030720890066798386964 0.021257470352888059584 0.010651421532318473481 0.0072064377625879645628 0.0021643693854389023379 0.0079777987313616963855 0.054987531605041453653 0.37276057615839719439 1.2297311928130743031 5.12411576562222848 3.0340165820028293098 nan nan nan nan nan nan nan nan nan nan nan nan nan nan nan nan
1.1946983567989739594 0.21519199427574967065 0.17969342151656478301 1.0592510174820561897 5.0625297478054074318 6.1785770635603789458 6.6396115941680813322 13.518469987059750892 34.2813817545658992 10.306601336545877956 5.8847804017601612614 11.637226588401132332 18.86912384018631883 8.0138569525795482207 1.7283849549907994714 0.18712669108026316889 0.010057037645273301379 0.00051099453940829707519 0.010575305002346026273 0.1020180120662906309 0.24361149681587582205 0.39654517511951981046 0.47957248717331824039 0.37337930279971159875 0.26801999688856981141 0.13497796908371365032 0.095124134420280503921 0.012034467364023561375 0.00037388172113959666689 nan 0.0071920996445481279527 nan 1.0273216876527084818 nan nan nan nan nan nan nan nan nan nan nan nan nan nan nan nan nan nan
