src/SDSim/tmp/apis1
ncols        196
nrows        122
xllcorner    -12.166618000000
yllcorner    34.999860000000
cellsize     0.083333000000
[rows 78 to 103 of 122, columns 0 to 57 of 196]
nan nan nan nan nan nan nan nan nan nan nan nan nan nan nan nan nan nan nan nan nan nan nan nan nan nan nan nan nan nan nan nan nan nan nan nan 0.16967785772965049418 0.21271093322957548843 0.48983940227295497127 0.47716497400494306547 0.43879419142603226511 0.019677442325399769479 0 0 0 0 0.20320338785668121129 0.6161274000877420276 1.0263949628552651028 1.0608117500352238771 0.64262108101092485501 0.24179744073790745973 0 0.072273082817363526464 0.14400737186669465562 0.22633087495609938156 0.14961920939464296021 0.070652969291037689969
nan nan nan nan nan nan nan nan nan nan nan nan nan nan nan nan nan nan nan nan nan nan nan nan nan nan nan nan nan nan nan nan nan nan nan nan 1.5535362687194465003 1.7960242786904960788 0.73255175716049747425 2.0605113958242657901 nan 0.17212614924757196899 0.26372748350376995496 0.41477647416944940506 0.26089706838337295425 0.13831458494301746009 0.14054302369158591657 0.76662396240469399267 7.5034003125595472028 7.8124693014655353096 7.3369647922629388503 0.53776910368752273151 0.1251276721032227035 0.23090377230929681751 0.20262362782669252059 0.18387994607798555102 0.072508734382674328023 0.035178277228462874471
nan nan nan nan nan nan nan nan nan nan nan nan nan nan nan nan nan nan nan nan nan nan nan nan nan nan nan nan nan nan nan nan nan nan nan nan 3.3563343778592877875 1.8122629928586406756 nan 0.46151700529542938334 0.45294177301826032966 0.28615507071517787274 3.986559019865995257 3.9005162443016923035 3.8951913165869154199 0.27194247032015628207 0.27346146822152961331 5.2413886540335399289 12.230567523968755239 51.835969834300641423 7.6000362283124562879 0.81507518435665915479 1.9936487315190396519 2.2284224802147996058 3.3830149831719866782 1.3136501096716459713 1.1125971199945992041 0.070842832115176598839
nan nan nan nan nan nan nan nan nan nan nan nan nan nan nan nan nan nan nan nan nan nan nan nan nan nan nan nan nan nan nan nan nan nan nan nan nan nan nan nan 0.055853228708305155403 0.44321849122097478624 4.17420830073200122 25.591012176162468705 4.1707137784968626448 0.41162006325396555129 0.39712282557453043585 5.1899413964742340255 38.592675257138857603 12.092093659399381522 7.2798190043746613398 0.65395849152427754092 2.407256157479921832 15.732483660505456768 3.4601089150710651055 8.3177082959348318525 1.2807874429513188552 0.10499829339782240645
nan nan nan nan nan nan nan nan nan nan nan nan nan nan nan nan nan nan nan nan nan nan nan nan nan nan nan nan nan nan nan nan nan nan nan nan nan nan nan nan 0 0.26161457496901047159 3.7061506121027774086 4.2720900083546844428 4.4593353993445443706 0.98401661025240882985 0.82343910306331769 4.3231043388562042651 5.1012259323822037871 5.0866607897399997995 0.74133237548096486691 0.35277026482745504898 2.3738113552697681641 5.2416530202616229417 6.5090410221512957634 4.7382311917640267396 1.5921265360322831572 0.22949716676035397667
nan nan nan nan nan nan nan nan nan nan nan nan nan nan nan nan nan nan nan nan nan nan nan nan nan nan nan nan nan nan nan nan nan nan nan nan nan nan nan nan 0.52426570580441678171 0.9521180705409443279 0.73279527014771284055 1.0176912307244601053 5.6032805338728195466 7.3226306294370333561 7.1718357800984993133 2.0695502275720554231 0.52582178252126088314 0.28321630468627001509 0.14094361191465826222 0.066102123358844022682 0.38459451763083407627 3.4720787673041151322 24.730430980878047365 8.0786784460047762479 4.9383563395344234337 0.34190128569507860501
nan nan nan nan nan nan nan nan nan nan nan nan nan nan nan nan nan nan nan nan nan nan nan nan nan nan nan nan nan nan nan nan nan nan nan nan nan nan nan nan 5.4876127974041555291 6.5340080263724296117 6.8925888312060861196 1.0354544118051192125 6.0494944525410536684 36.291487112336781706 14.521965604174805975 2.108427981538781637 0.16993181302477741723 0.020342661726740013384 0.030607412763230895658 0.019826818851072736116 0.18461349329138299069 3.0921871020420645948 7.3735961157028251378 31.259391873164833697 5.0735425572484587065 0.4510357741022520961
nan nan nan nan nan nan nan nan nan nan nan nan nan nan nan nan nan nan nan nan nan nan nan nan nan nan nan nan nan nan nan nan nan nan nan nan nan nan nan nan 6.0966734959687851614 36.299661800943518131 6.8592139772427724864 1.1563775646665352959 5.2586719539913460153 7.0973599893243894954 6.9977913909939823967 1.8433311851838354301 0.1628595668556089282 0.30226403456955297511 0.32291481233243490845 0.30638798845241477231 0.1068444247173025996 0.47539358845763246553 4.4765163306272404142 4.8764515064215911977 4.4963050039783141187 0.30043675633427058269
nan nan nan nan nan nan nan nan nan nan nan nan nan nan nan nan nan nan nan nan nan nan nan nan nan nan nan nan nan nan nan nan nan nan nan nan nan nan nan 0.8011223001445211267 8.2192997090145194505 8.9446257411565373019 8.5549112335765027382 0.83076238369916111104 0.47385093399905764411 1.4963346532483405849 1.4826290827357893054 1.2379484633115629411 0.15282418534091651852 0.30972928418411815876 2.036708115685324394 0.32655345784943096143 0.030961736806448324905 0.13635394989832921864 0.27827772156462349251 0.43706130028774448082 0.30777596954487107528 0.15192752554026256462
nan nan nan nan nan nan nan nan nan nan nan nan nan nan nan nan nan nan nan nan nan nan nan nan nan nan nan nan nan nan nan nan nan nan nan nan nan nan nan nan 3.0750812768065132197 15.084408384749771415 3.1243345366730821411 0.5005650978617784963 0.15120302341823765868 1.0753870702204786358 5.6625879419607407783 1.1373953473048052931 0.18162298933255971445 0.2958288737989467343 0.3098035621353680269 0.29620873186208707128 0.019242115017789634956 0 0 0 0 0
nan nan nan nan nan nan nan nan nan nan nan nan nan nan nan nan nan nan nan nan nan nan nan nan nan nan nan nan nan nan nan nan nan nan nan nan nan nan nan nan 2.3450539788728690382 2.5797886790850723671 2.4901875755203475293 0.18848348859580579817 0.16800802577955706307 2.3428183926133483439 2.7897991055020034956 2.6619450437540375098 0.19906870645603014225 0.019275401486796562428 0.029810930711698532813 0.019751729611971968747 0.009805282907275118115 0 0 0 0 0
nan nan nan nan nan nan nan nan nan nan nan nan nan nan nan nan nan nan nan nan nan nan nan nan nan nan nan nan nan nan nan nan nan nan nan nan nan nan nan nan 0.20828101089109318789 0.31992461100322511225 0.39748148044250997124 0.52501247627391001149 0.88100521643261564542 2.0773520150799154038 9.7732531788504335424 1.8553684735531190686 0.21600815199378600728 0.23013226850355864017 0.45379300593659427365 0.67627910399658031082 0.46483564618904316124 0.22580736692615877015 0 0 0 0
nan nan nan nan nan nan nan nan nan nan nan nan nan nan nan nan nan nan nan nan nan nan nan nan nan nan nan nan nan nan nan nan nan nan nan nan nan nan nan nan 0 0 0.39216677942372690779 5.9077204838755648098 6.5760284936324984173 7.0599031581922808698 2.208233538606001467 1.661984788580880501 0.12188934560335823454 0.45503691072096952297 6.6667419590721195277 7.2539452240233108782 6.5913635810976334284 0.44732760279597194586 0 0 0 0.25348416186722810828
nan nan nan nan nan nan nan nan nan nan nan nan nan nan nan nan nan nan nan nan nan nan nan nan nan nan nan nan nan nan nan nan nan nan nan nan nan nan nan nan 0 0 0.5664225684149717388 5.5925458136921557539 32.80609984004526325 6.6790080692124460526 0.81440358109588228963 0.12075118135452762858 0.055301714834206185112 0.68580294821345799683 7.121875926555743419 44.659017080089924434 7.119255262161409803 0.6914314241807821837 0 0.14045934522942188361 0.2710939466725259539 0.90816993747234975309
nan nan nan nan nan nan nan nan nan nan nan nan nan nan nan nan nan nan nan nan nan nan nan nan nan nan nan nan nan nan nan nan nan nan nan nan nan nan nan nan 0 0 0.36933444943533544347 5.0865684672506707997 5.5781869226604694489 5.2918071312209100654 0.43430525466280700542 0 0 0.44967329556883883779 6.6076993590602786099 6.9289589432875740016 7.0356187367139400024 0.93943079662390127638 0.7127050414592883687 0.74466994674494912942 4.3930898822131494441 5.4017657612595106897
nan nan nan nan nan nan nan nan nan nan nan nan nan nan nan nan nan nan nan nan nan nan nan nan nan nan nan nan nan nan nan nan nan nan nan nan nan nan nan nan 0 0 0.39833007650406909717 0.88266980271294270821 1.2479207976879325148 0.85059650899051120199 0.45568675891944732115 0 0 0.22611793056145623737 0.41634736428044027967 0.77130105014755168114 1.1359395899606392621 7.2616170174008543015 7.1972315380559335196 7.4851377010963604519 4.5944653362624681137 28.571672474147298715
nan nan nan nan nan nan nan nan nan nan nan nan nan nan nan nan nan nan nan nan nan nan nan nan nan nan nan nan nan nan nan nan nan nan nan nan nan nan nan 0 0 0 0.34709797997555091875 5.092744388413189327 6.392603189095065197 5.9321382125081649761 0.4906984366817052079 0 0 0 0 0.18340985810866311523 3.327426371202454547 10.081777489923972269 42.766691617338921105 7.4120805469060746518 4.3526389920446089121 4.9444701872207819093
nan nan nan nan nan nan nan nan nan nan nan nan nan nan nan nan nan nan nan nan nan nan nan nan nan nan nan nan nan nan nan nan nan nan nan nan nan nan nan 0 0 0 0.77646377555791645797 6.5931213647203525952 31.810785329371377372 6.2879366683019508599 0.74215821410798654689 0 0 0 0 0.27504690144687821141 2.9570720274439556974 22.367142188956890436 9.8007146740633785953 6.9068523397945282838 0.7118158053139023167 0.88101136642732547077
nan nan nan nan nan nan nan nan nan nan nan nan nan nan nan nan nan nan nan nan nan nan nan nan nan nan nan nan nan nan nan nan nan nan nan nan nan nan nan 0 0 0 0.54192046543125571567 5.2974454610305095059 6.4358163407858617333 5.6621557370627408901 0.53799381451287098255 0 0 0 0 0.18193473558038952831 2.7862841829905908853 3.4048179929281050526 3.1974067319737105031 0.69262315684753616996 nan nan
nan nan nan nan nan nan nan nan nan nan nan nan nan nan nan nan nan nan nan nan nan nan nan nan nan nan nan nan nan nan nan nan nan nan nan nan nan nan 0 0 0 nan nan nan nan nan 0.29326687721292693523 nan 0 0 0 0.087336394153747304303 0.20346588706510659872 0.32059196814334844916 nan nan nan nan
nan nan nan nan nan nan nan nan nan nan nan nan nan nan nan nan nan nan nan nan nan nan nan nan nan nan nan nan nan nan nan nan nan nan nan nan nan nan nan nan nan nan nan nan nan nan nan nan nan nan nan nan nan nan nan nan nan nan
nan nan nan nan nan nan nan nan nan nan nan nan nan nan nan nan nan nan nan nan nan nan nan nan nan nan nan nan nan nan nan nan nan nan nan nan nan nan nan nan nan nan nan nan nan nan nan nan nan nan nan nan nan nan nan nan nan nan
nan nan nan nan nan nan nan nan nan nan nan nan nan nan nan nan nan nan nan nan nan nan nan nan nan nan nan nan nan nan nan nan nan nan nan nan nan nan nan nan nan nan nan nan nan nan nan nan nan nan nan nan nan nan nan nan nan nan
nan nan nan nan nan nan nan nan nan nan nan nan nan nan nan nan nan nan nan nan nan nan nan nan nan nan nan nan nan nan nan nan nan nan nan nan nan nan nan nan nan nan nan nan nan nan nan nan nan nan nan nan nan nan nan nan nan nan
nan nan nan nan nan nan nan nan nan nan nan nan nan nan nan nan nan nan nan nan nan nan nan nan nan nan nan nan nan nan nan nan nan nan nan nan nan nan nan nan nan nan nan nan nan nan nan nan nan nan nan nan nan nan nan nan nan nan
nan nan nan nan nan nan nan nan nan nan nan nan nan nan nan nan nan nan nan nan nan nan nan nan nan nan nan nan nan nan nan nan nan nan nan nan nan nan nan nan nan nan nan nan nan nan nan nan nan nan nan nan nan nan nan nan nan nan
