src/SDSim/tmp/apis11
ncols        196
nrows        122
xllcorner    -12.166618000000
yllcorner    34.999860000000
cellsize     0.083333000000
[rows 66 to 87 of 122, columns 100 to 149 of 196]
0.57764948621046141586 0.94021438238205412574 1.3997611662044957548 1.6971248246295773665 1.7574776279480219809 1.400437699886612819 1.6103749732113812332 1.367547096640570059 1.0955719379202373265 0.80346095479384826987 0.77904871266498487703 0.66224903329148643305 0.48527400562127587236 0.35386671464711721979 0.19654623493808848211 0.16743436962176713734 0.18463727717575043052 0.27024371197397450972 0.30303618157814588008 0.34539749290956234251 0.26652070777240532973 0.17765696017529683526 0.11386211864836733032 0.077847599652918653135 0.053918374249631889628 0.056646348130262133558 0.04192274870632332201 0.046145684886703598748 0.022688938531580635921 0.014077598253423310309 0.011008758048232999624 0.011303406664629507897 0.012370460252165262419 0.015526024029285094563 0.043124185378380537614 0.084875288469823464976 0.24021915621569989163 0.4890855326534678249 0.68669153839559382568 0.79182878217487895345 0.7718318417442044943 0.67656136479465445177 0.45779990875281340035 nan nan nan nan nan nan nan
0.33490572494082432309 0.56101299699351647732 0.90619552669203518036 1.1252500807063303689 1.2735592341832702168 1.4452676830787145601 1.488628219447097667 1.513120911839520577 1.3831204624260713398 1.2224838162796827223 0.86335806296845751806 0.68746554919446911658 0.49986526129880748393 0.38148562998890717113 0.23509990103416084084 0.16387924640572751334 0.25036889272027124109 0.35228794830300802499 0.44299076086821259635 0.41259611133934454008 0.35498267195242322325 0.27358687859965563627 0.15581794393792108844 0.091658982987634307626 0.06468420132471414119 0.052257962345660366466 0.048869898092858611582 0.042461597267039651038 0.042620309308951782878 0.018779459453809103225 0.0088924536660784404829 0.0077091559264356830303 0.006332266256208348397 0.0051977403882056127937 0.012640077528131973481 0.090935830739974146675 0.37357080951958854254 0.96602405486904274756 1.512970737543095634 2.262865778985140075 3.0539351150160101156 2.4405866132768814225 1.2748179876527838683 nan nan nan nan nan nan nan
0.17351034372971341213 0.26533237220066457906 0.45932107902789676146 0.61511770633794049523 0.79501282768453551686 0.96649351563175811552 1.2261033731172157335 1.510832498733606144 1.58491513514577953 1.464760209179994721 1.3105877182702398986 0.90126039411725777928 0.70741073842895552115 0.43840194712219843209 0.25738722784204864924 0.19918321406515093752 0.2616820957033250683 0.42461751148267512512 0.53645556425618012852 0.51717267862475146956 0.45359390356142470502 0.38462072761933563392 0.23369409432189902631 0.13701386950123772834 0.094401743548823024987 0.080680448164516499476 0.073712248347045872254 0.09152805295378675654 0.077578413963790754382 0.043124954629225144276 0.024983063983892252191 0.013404342536997647384 0.0092577754368401588697 0.0069123807284699094813 0.014726611493784498227 0.051387355013250944624 0.4300477357220758301 1.3721252721590977419 3.0786860476347324145 6.0519718056252296279 9.6002080018280668838 7.9063104867886586646 nan nan nan nan nan nan nan nan
0.16553367133241528308 0.21664647304738743339 0.30923668914299579091 0.39102352997008227309 0.65000935799791859093 0.86466179214601412983 1.1294516711332078795 1.5831184796878976506 1.4483211007250946789 1.7019632732784408802 1.672073865964988082 1.4837336613778751016 1.0413357198106418799 0.63583656210886918547 0.28780814277300148518 0.19336320649669955229 0.25174816706097580266 0.43939598340763025286 0.58359393125579828165 0.64692621786819337615 0.58564934768311660562 0.44825817041710114275 0.32425966696295882574 0.21835468081548756181 0.16720595780129937635 0.14303768842675915196 0.1382299738846468895 0.15663994728322991334 0.22479114957826065724 0.12767320772814796936 0.071636495167466285316 0.058107143841097975978 0.034297989770060356707 0.027466474091745102237 0.021885882261954363315 0.089742100171452274249 0.57053097962759857786 1.6673073909732394338 4.6768568178473941543 11.013137919421378541 24.021807665051859715 19.766109452882059117 nan nan nan nan nan nan nan nan
0.28536656659980763617 0.32388122192529772425 0.38397754504521830476 0.66162476330425423754 0.92130892934425301366 1.1049843360729691977 1.5694738974463675607 1.655414715209621912 1.7608815682698566452 1.9099001111931590557 2.1702809866278749418 1.6145696916932446019 1.1963753070955951419 0.72436793792028708605 0.38355719798536042076 0.19395597162300329264 0.22333111139056230354 0.40966445914688121022 0.59066885539556479578 0.66400491431773356332 0.67020737913676498021 0.57914033694255828699 0.48083218160699892074 0.41083526105266610084 0.37609609996146314836 0.32474587682810246436 0.31164270182668118991 0.32077764577958323144 0.21515298341269498139 0.21150231470761737818 0.17951818399127583703 0.16950779521136161154 0.14887675000391417668 0.05731458792004137659 0.055769992636650361773 0.18728481733833918232 0.37615253099257900393 1.9218961786561084004 6.1844961375860973973 18.025631678288377202 40.216026378318126433 51.849675407351647038 nan nan nan nan nan nan nan nan
0.60432243784775141471 0.64132293606626267213 0.8665860830318852237 1.4836732924587552329 1.8294752028710983272 2.0796934003244818001 2.1074197931762110869 1.938499742107848256 1.7904370696142455355 1.7675547126977393386 1.9527899299780331344 1.5060575062353174225 1.1346000796665949295 0.67774318933057542402 0.31443048840853371484 0.17696543202956557805 0.21599665287172117867 0.29885947921565952923 0.49114306214632791336 0.64877362702755925206 0.74301591850448256427 0.98672867689334187169 0.8320216677223761792 0.88402755576672009674 0.88889895532858920202 0.94563755102821622778 0.66522428062431737672 0.75559105329459974598 0.50027879378712447611 0.38171976478787733589 0.20988690281693650475 0.15659365184215545685 0.16681111805062664999 0.31136881610862959802 0.13292261931885065995 0.16896759939337721579 0.89109174127709556146 2.1278643784508641801 7.6642873195601959324 21.998304994272480428 50.790871616472735184 75.675912184501839874 55.202748537331778778 nan nan nan nan nan nan nan
0.83770894393656736288 1.1668357120595609366 1.8170811830262880715 2.3519278829632788153 2.836026367896649969 2.875254369661746523 2.7000335836812228152 2.2767633398649338439 1.7884810719291504011 1.3193834089851417257 1.259665782214818508 1.2780814268920468457 1.0070442312252230188 0.53859416049192310183 0.28235342685555381292 0.15310468867621462863 0.15654577593402094204 0.24142438251359613077 0.41077304838085254568 0.75018418148649335109 1.1186250898743492765 1.3725370022053158259 1.5524643241956994633 1.8440196413835097111 1.736015177147554267 1.6175558571228849658 1.4571619975135590153 1.3557518793551859293 0.91450389507172524794 0.46860790537946478418 0.24417907408922862045 0.21061743538519148156 0.30898559078836190794 0.50478789614957608745 0.23291604499003476514 0.60439456393416324254 1.4866682284649628265 4.0904366867278802999 10.107842749522538028 23.564048292909511417 48.928335918458436993 80.028687621682877307 59.911946375342580495 nan nan nan nan nan nan nan
1.2467420131705420072 1.654360322861035737 2.1071071533095233619 2.9236610125872748434 3.3449018156579257699 3.4355618852288554166 3.0280138966531913169 2.3904257904013972436 1.7151130270042964643 1.2907396326877229598 0.99820958154038608168 0.88179073052654610709 0.76613691266578254346 0.48110470677590611022 0.26724762026669485193 0.1584048642755656322 0.13085205205606947887 0.18685461371939443564 0.367912054732278615 0.77721163970668571963 1.2995347885904560137 2.1033942543287360571 2.5493949836794635999 2.3339507269550807678 2.0964138630786912643 1.9358705423972961679 1.901303940923610325 1.2895143857619253414 0.75864337499982892332 0.4382535131306879439 0.29442905541349240206 0.24661385446757524975 0.55894339793790237536 0.70542557572955599809 0.69798212580355456502 1.2472049175023574019 2.775599880592488411 6.3958151921465571377 12.661644179570027191 25.515943303678700005 48.808507239379075315 60.705844448538009317 37.47682473537186354 nan nan nan nan nan nan nan
1.3172138472043830593 1.838313431931026587 2.3492832483174304059 2.6549290590803904522 3.4696570626158536044 3.6039470720405186732 3.169126107276220683 2.0985943150403754132 1.3121581637466828152 0.9462238855377919089 0.76201449731202719473 0.70371987452070694502 0.59315925428521576457 0.47679918550177191605 0.27859208215611974691 0.16108375380311959479 0.1226087055868102238 0.18775524132387089171 0.34976721120625675621 0.66901357204969136294 1.3020719658113866224 2.1701113692334250693 2.420215559155415086 2.2885306185663005785 1.6854958632433731935 1.3283917331589278898 1.233164360157343209 1.0266694712395227906 0.61889466172487495044 0.52969653683875705941 0.49561926732275196628 0.62704042052800956775 0.53256108123253231845 1.3147108799314686234 1.3416031076271239808 1.6420971599458107359 4.6283781944095423455 9.3340842324367372385 16.848288230789322029 29.141682351456136502 43.707025118112355244 45.162338357294487423 39.230295273780832588 21.278336490346088539 8.554740207068036284 nan nan nan nan nan
1.1548860315046587388 1.6514399401513171206 2.082591585287439262 2.3572060310051412557 2.2307284035559815649 3.1947649730480556229 2.8539334711344124251 1.7201108678721499512 1.056450220085784597 0.69109863262497939207 0.54806829943319579357 0.50045390269675182893 0.4679339549537629428 0.45077224251245406883 0.30683101815801966383 0.21280099640123179006 0.16384491831802297512 0.1843927370855061032 0.32818870406482841817 0.57772693284042109241 0.88603898814211534685 1.1771968308619291665 1.7978004034008685519 1.2425936378589843567 1.0975128121531696479 0.9930129846409329053 0.94248954205739099432 0.78888680276565148475 0.64628290399083188067 0.54706109412075387688 0.59861149720567863319 0.75516051513769522074 0.9197153890079544647 1.6814553900214899151 3.0584096516742835803 5.3736951404972312929 4.2651963467892146653 4.7839375383636344452 15.883185203519687434 28.572890587129872841 27.429644112060994843 28.94110358506781111 25.55171928693169292 25.824803327236256933 15.546560701483134181 9.5955179762604903004 3.3896539298710024468 1.1726085976815339151 nan nan
0.86468381817728390271 1.5004590473946277651 1.6581226834285416327 1.9284852265021308337 2.5315207468060343388 2.5808566269696151529 1.8841865256983696408 1.273391570565806985 0.74477690845324295843 0.45618103771186729878 0.34156916309111345909 0.33358423941179310424 0.3759562216130266088 0.42755227106678822535 0.34809540972944347237 0.28718888657685215371 0.22212112613693141272 0.21216790988488062886 0.26180319350364322784 0.4129275051580708622 0.5496421815083959439 0.6942764405762671398 0.78102749220981393385 0.75342246411818858398 0.6781877104319821159 0.71184518450403222456 0.67240684048885102087 0.61553390493855264509 0.47686129498892831924 0.46453280255361961704 0.73690688240928292618 0.74468008266349794422 0.94497582396487123102 1.3565180672519909777 3.5322404619122806935 4.0652021629928647428 1.7624781115896117623 2.6761770937554323346 6.5153546928645624803 4.1960821197806872362 27.635195904958674618 21.332654708431384449 12.988279019964924288 23.458963391228632389 22.988330481324947385 17.538527523467227098 7.6438303024212697068 2.2035458765495734568 0.52050072852232931453 nan
0.60412578604600175591 0.85331124645252898198 1.2039930776474747631 1.5809790302237767268 1.9027158159625874312 2.1318867738325888439 1.6753974842628298614 0.90022404056367000269 0.49015267248014726675 0.27537119778149621308 0.20207728854370521354 0.23417781275064572521 0.3511646739035736986 0.3907673167331631725 0.41509248897970418835 0.3709886452702862436 0.30104005444123049795 0.23034292858550872718 0.27832692113440760107 0.33256253721215356389 0.42351717906741970232 0.59112735380105874139 0.73031160678211770598 0.69428082504515609141 0.67059449272289928246 0.58073582440207827116 0.72777935292645434817 0.60462882215988489332 0.49155083316542952376 0.35095905539612737289 0.49646664280260399682 0.89457360215503234357 1.3640081377466257706 2.1371469540429686162 5.1917777985246287287 4.6217183651006221723 4.1914866127697294473 2.3229489574058601598 2.7276330403068640429 7.8607108550247595247 8.7390777005466997451 17.380955882444986571 10.508382430961457743 51.310142375825797956 38.385889160677891141 17.538523399925267654 5.7908466754404805954 1.5832139237706572832 nan nan
0.37944282002340601334 0.63636761115898421437 0.83622978208548104373 1.2327378988145289984 1.7668479166448216588 1.7959402177440484394 1.3264151326281710119 0.68306507589151621573 0.32956539738326134925 0.16240932957018089366 0.12079329385820763987 0.18232073213620880736 0.34984939525420344353 0.47246053883856115041 0.44523058424237915709 0.39024554232782854291 0.30588610805184102137 0.34561251588338837148 0.4695047347894255596 0.72988522739403882689 0.81072902689902281992 1.1010390955238100741 1.3082622369388015038 1.7293367845775038383 1.6138447108173299416 1.3509652366814126623 1.0816241780815487594 0.76530626009229796303 0.51757573005178458825 0.42949304275776056805 0.45372562340050909269 0.88729787659469572247 1.8577385755017172819 4.2851238125623289932 6.3024452712667429211 5.9451949459061435022 3.58809897287526125 5.1657135375119986875 6.2121426631460314738 4.8555687732652037525 13.405867237139581505 22.640638888216393809 77.90651270983639165 11.791465615552729318 50.866573169177868863 nan nan nan nan nan
0.31414808117134512822 0.34152362580721640217 0.64915755657805429557 0.91450228281970569189 1.3897454273924851886 1.4308884830928445542 1.0578837588999672192 0.51644084582494653723 0.23086415094995774155 0.11745530195849020194 0.07962786215051130545 0.16633584358141229043 0.35390865636181645382 0.50761211484011914408 0.51276144476246920956 0.39088685231686565169 0.44114378518784780336 0.5581487648947990321 0.99025539847613597289 1.2304250902045572591 1.74491859265762006 1.9931829531329414706 3.3213399846318951703 4.4015056136649732821 3.4916076345292870187 4.1488776451658218036 3.3933744859901406876 2.2286387563774066045 1.0219224191357327847 0.90283834075042868061 1.0588664819407935802 0.8361003062404700481 3.2154898667895985831 4.0530185470934618763 7.1536486107248373756 9.699876464918105512 9.5338284414170662018 6.2094603665484555677 16.281715296394416725 16.558568466225693783 28.522626146421977467 52.219256551729031912 60.467554046644224286 50.889044105848988409 nan nan nan nan nan nan
0.19708795548964549993 0.23984507423022677353 0.31303359666092467339 0.61760697298977451641 0.96653129824705108497 1.0402924587322610606 0.80288544298566100199 0.40541955988460603999 0.17628372618539447925 0.075559741219436163395 0.078509368302723911426 0.16183906799835889867 0.34124958985952619228 0.35396466676199211943 0.49307877446208597805 0.87226333737202532692 0.53589477591167056225 1.0653024161676682979 1.5883152779322826653 2.82500909627920338 3.1511408859765079882 3.7698863383932019744 4.7828711593587307505 7.4099676616606764412 9.2938359208995198202 9.2386453668593606636 8.1643851297628557973 6.2702590777016791179 2.7994185585096880153 2.2288948441335363349 1.6611884930634657209 2.1435402059182053769 1.1303046744334452889 4.0459659327867827372 10.294244703755435211 15.797200664048993701 19.356253724224327328 32.223634468502595496 35.725464031310536939 38.778396486298795764 33.072006993943951159 nan nan nan nan nan nan nan nan nan
0.36038267238229815259 0.33389268192029886162 0.2960004488018285751 0.4122718159728624987 0.75758015458989502733 0.82476876949116884052 0.75083846144518717747 0.40964599628379916307 0.17837747952388532946 0.085831118913851714436 0.094451536667270949432 0.19705422997955096553 0.41159085861153477115 0.62155378566789698525 0.46782008061203167459 0.63016847930282327006 1.1307820259345544578 1.4288067976852734109 2.4237723982972063652 2.9674251239700013549 3.7286123332263731989 4.126665270288945031 4.9422547056275174526 9.2064913664519423264 13.603225455713339187 22.722682252678843895 23.240906673397500271 13.465915122788247871 10.937461711077421711 5.0567941776010245647 2.6253700531995183276 2.2540769235496931344 3.4583793567755849452 5.5800113888251781091 8.6615853492749739218 17.90290722446419025 32.854258073793801032 43.261463722474900351 50.321000271427330119 40.957325496465038839 20.468378061878990337 nan nan nan nan nan nan nan nan nan
1.0046113366366429265 0.86380823359198943834 0.66310112907932783344 0.62585942847452535887 0.62675824410395941655 0.6341403115948845981 0.51284868581534881482 0.26498884556267326973 0.1641194042427214228 0.1028519939311869219 0.099510378179957670319 0.16099142585084866286 0.27028799048346591194 0.52228113547781851445 0.45071931783846769237 0.65137045666286941259 1.5492380575975124302 1.5201269453017489663 2.4904296970062200778 1.8425037563831840881 1.9960182008896427686 2.3666445584936095514 3.6015851370395308706 6.5160558700359958451 18.933801231234888007 34.274927567117146054 37.493164716685939197 30.785467144547880025 20.219780804469461799 8.9970395644728320406 4.5835086523778540979 1.8638619998254040144 2.1540368378348850875 5.4918515935784819604 9.1537294176660797262 12.203352629050050027 30.960047652993100797 41.683457556227928364 47.356275857390706108 34.209743811189497364 nan nan nan nan nan nan nan nan nan nan
2.8130950524590487838 2.4443404405210773511 1.4692312938783200771 0.86063419806538354884 0.59475021350918488849 0.39458069364503978171 0.28442901497702244296 0.19883215252717778565 0.17002577391146403429 0.18575235164805761756 0.12145687687989469017 0.18404924788397816759 0.3856312856719810167 0.39506454981883437627 0.39666726337282187664 0.51264850389467597758 0.9445862136091814909 0.93883756369891446791 1.318135406875961424 1.2757005440320803302 1.3256137382144337344 1.3893109111825341362 1.9953169771814629474 7.9486649077167310651 15.738883546951322856 34.405415985589925754 43.399823196847187035 34.294427855834747731 12.177383521701619529 12.404658762827352803 6.1459131129650419467 3.2075745631729439822 3.1299747363932657329 5.2096660137831420911 7.7621285650480356111 12.110825764658324388 18.918928497944630607 25.686260740911372125 27.589684645060085444 16.482476548585633935 nan nan nan nan nan nan nan nan nan nan
6.3223607159667878364 5.1227051644499379535 2.9585085613530814896 1.812137194883290503 0.91347922846016227361 0.48204750947429614305 0.2687808399267470616 0.29270417502206452776 0.42616262413721933688 0.2921935909176695545 0.20747100402228718652 0.19967875743497071062 0.62983545198269741405 0.28652467102882012151 0.26294615620750116936 0.46304615040603819276 0.53153570852527265433 0.54521212140039831962 0.65344498690443975075 0.62391306717628691736 0.67987365837673185975 1.1228092166706247212 1.0832003721614147373 3.9700502044784391487 12.068400642400492373 20.413859215895630683 27.238907079292800972 26.169107430757790667 12.791662441059875377 10.177378753176254733 8.4938438932882043275 4.4331022658517706958 4.0621707180657047331 6.4923671450068276556 9.3413036961271291858 12.230927973082501126 15.34867261753223211 13.84927361298002424 nan nan nan nan nan nan nan nan nan nan nan nan
10.217368636057727826 8.1164684277743219809 5.5321063966174168769 3.0944691759744902271 1.6495589059378799046 0.74873059361506766329 0.55677353794137529608 0.57475486262787212066 0.90829406813985691382 1.1412684469747271798 0.41580601060855271189 0.56634371823846119121 0.34604904139403208641 0.19808816801883183389 0.25073184868278408644 0.26151087366870445772 0.4085841010985234445 0.4204051846781571844 0.41460086018591163493 0.42843693872749061269 0.65452553215500985928 0.74470348784637596662 1.2488205316408951262 2.2772946476322690756 4.7048839973658393987 8.2929184294224729257 17.607550584536877381 20.245490755755756851 22.79375121816745775 17.194400772502223873 9.3063235579095042738 4.8400552417387174842 5.7014308474330066545 10.40836559772029446 19.398136052016027975 22.432284913948446814 18.739618294647645058 8.709682632118061818 nan nan nan nan nan nan nan nan nan nan nan nan
11.882452746387995646 9.988741889889885428 7.1296259242670991796 4.6322963835416564038 3.112568919264032008 2.0167184777870832413 1.539627428908836082 1.519243774261763491 1.8457261921767933455 1.848301460342067104 1.1287296322883253463 0.43073777800312507136 0.36748936165960821576 0.2915713760458674142 0.39289434812026302613 0.45296619055932041409 0.46570873382154287512 0.35630150582292552386 0.3999816215202876557 0.40505406162972218409 0.46431457517385338329 0.58932233707279835233 0.55929482375864303378 1.0771220405306745072 1.455464330966709019 4.1135591847957400091 9.0997761132336929535 17.920132642528614042 18.832162093059420016 13.719045758899055087 9.1378526926934462438 5.3214362780907693562 7.970059827010582687 19.462751193697521046 34.19054110432422533 46.053802600036291892 27.034592436002970572 nan nan nan nan nan nan nan nan nan nan nan nan nan
12.289083505989317757 10.765814679680381971 7.9820946288534315727 5.8798359571799849732 3.5775410995706438122 2.5191465987162824369 2.8275811360601763589 3.4905633940434590556 3.8043464183632229592 2.9321441703411252888 1.146306923581443149 0.79934477367245448942 1.1411180102918612178 1.1247008894045282812 0.96794822182614859152 0.79820669597034565879 0.66604253539464752798 0.46276906719992433326 0.31543740573364359436 0.25706169019975755319 0.2384305049036503088 0.28806516168278134549 0.36311473177245789934 0.47066426386474763399 0.82291688227219106366 1.3275474174357884127 4.5724018999632276561 2.5044124206195852445 6.7683185422004363829 9.6009211726939192033 6.671891079549434167 5.2964958838181992462 10.16552768410353913 24.484831166573862049 47.03538575541101352 48.517349329895303356 24.749227867532233915 nan nan nan nan nan nan nan nan nan nan nan nan nan
