src/SDSim/tmp/apis8
ncols        196
nrows        122
xllcorner    -12.166618000000
yllcorner    34.999860000000
cellsize     0.083333000000
[rows 66 to 87 of 122, columns 100 to 149 of 196]
0.66689660733589228858 1.1987843362296544125 1.8851471654117326615 2.3120979153800886863 2.4518034274850970533 2.0671062100782862103 2.5451204278429950811 2.024757846429642516 1.4481498840407573958 1.0250390148981520788 1.0716426861814147831 0.99099572263784074799 0.72977868417148084035 0.48875607296156203807 0.22961660383007898023 0.19252219792920832742 0.27441483149379763962 0.4733324141071280633 0.5548651655210521394 0.61670999239473711651 0.43426780884313254116 0.25738595753589038617 0.153370362662815507 0.11396559230461476842 0.095599239431223337338 0.11161784070846804406 0.080551362902326603677 0.076439622308201948808 0.030991719416246767127 0.014842541780361711776 0.010189970697481147074 0.010906024641110210333 0.012009796155808603532 0.013513158570892509422 0.028101578706960943232 0.043217007746343870378 0.12287363496112493899 0.24563841301140623696 0.32048058651965261046 0.29928423351430460952 0.22962237367351148731 0.15923406911859050439 0.096266121399049234264 nan nan nan nan nan nan nan
0.33973936611352334447 0.63727686068677402709 1.0793325863025824418 1.3832097572734567414 1.6479990151446675117 2.0636967034565052437 2.2096177962193466193 2.1916059297477450407 1.848110502754231721 1.5804211803717884699 1.1655754768683970202 0.9785589425223885085 0.71037053366632385565 0.49885143237325951793 0.25774602773521976262 0.17357676898559887269 0.33849160688710122624 0.57477298825135103577 0.78760048924679326721 0.74823957175586475188 0.60745754693012954384 0.41275496188479254833 0.19834679737764807084 0.105901227297380926 0.085550247647613569812 0.080133567125264204556 0.075369815136881998519 0.058255454646193936818 0.048643095868616016697 0.016894595662275146281 0.0058104873265055756448 0.0038735725037931413584 0.0030919404117542253867 0.0024681838440669318958 0.0055171940818685904703 0.043234047677765688467 0.19921704542707699415 0.55428458630424493059 0.741702047634835826 0.91865624854923777498 1.0332362295535955088 0.7633329897436259559 0.39257235125309281054 nan nan nan nan nan nan nan
0.1457513560055608004 0.24247965762782769383 0.44164630332857079953 0.62567421652538235399 0.8908767161679351787 1.1871082314701510985 1.6259591487359890127 2.0812741752693284525 2.1855314679814119572 2.0419565628488225428 1.9213338633912813158 1.3841763142570269185 1.0854594974021494203 0.59944183977112230899 0.28550895501281525757 0.1985560784754674124 0.34181211848364062567 0.69607791337953484057 1.0128051594693934234 1.0152849209614742687 0.85130332059783819787 0.61446628961683502634 0.29417651635956804101 0.135423686515088737 0.09527705321609174216 0.097476842144225542275 0.096429452187474298808 0.10988681035013062037 0.080108074112656482701 0.035780882126664484422 0.013947936916225393486 0.0048690047359686130027 0.0025870919622751793743 0.0018730466116896455058 0.0054054979115492462344 0.024232656411261113694 0.22388664285512813179 0.70499199745005813877 1.4827507667773622835 2.5626972525784834644 4.1329497798283671983 3.4803276687928352828 nan nan nan nan nan nan nan nan
0.13187980698456144846 0.15075332625106668827 0.23165844176214658856 0.3349147549377257671 0.61400862786565846285 0.90933564122934329443 1.3375388263940872768 2.0590910811384266488 2.0077885263511627834 2.4013896612244596263 2.4754883941768457412 2.3514036042904602475 1.6040059868485252448 0.87650889029741330116 0.3202771023461303268 0.18729825316101608723 0.32475662447707343006 0.73566233193328223194 1.1244972512986421975 1.3202259444920871889 1.1030740258405489218 0.70749592506246405943 0.39067784983794900944 0.2048031877470644635 0.1535926731195038919 0.15391751750852095126 0.16324942688627647192 0.18073958838125001036 0.21908791145612616091 0.097066072100021244529 0.040953660606687099233 0.026369394000044080184 0.014082189053060571726 0.0099150241832923636381 0.0074789267949685322989 0.037017883029072377876 0.24552439608396284254 0.69263400460957680327 1.7569057126623883747 4.7929311344054674748 13.024112674371973952 11.334233213408083429 nan nan nan nan nan nan nan nan
0.26531404876967518147 0.24553173303801040239 0.31244006162905951784 0.61565435087988762408 0.94256451882068525983 1.2051547125989692244 1.7802496211205058874 1.9970439254559666509 2.2129250663065711535 2.5101041227844747006 3.0252942257905099943 2.3452146380008129789 1.7472315109746427986 0.95475505218087863835 0.41754661134836595915 0.18097328208378399284 0.27527068572265084301 0.64912166988485675567 1.0716712393008516191 1.2193011710989798413 1.1339768268183008093 0.82488534232944199509 0.56316772464123288078 0.41489394839665799664 0.3651386294580172831 0.33098871892507442105 0.33672481206941723419 0.34041120610500291699 0.20878856520212146775 0.17641721051226758044 0.12997812307728970338 0.10669484094754355663 0.083498016520326262535 0.030967786508432834647 0.025422508502011234577 0.063045756908350181202 0.11869451326433573535 0.54197228829568100394 2.0030309072279841587 7.8833863429885990826 22.984604117752262198 36.942909979763356887 nan nan nan nan nan nan nan nan
0.62918613327507533217 0.60894416772083659328 0.84721189918109263139 1.5649004023869899083 2.1371683456031593806 2.5235445944145622477 2.5223962806752697752 2.1808162054752804337 1.9908196511407796336 2.1013448804222241151 2.521647042045423337 2.0815642687603288508 1.5724441613746560353 0.88132511930416146395 0.34077056479296047309 0.15786283881888465985 0.23221547027361102988 0.40984306857539826163 0.72354781488732389239 0.95117995072629346609 1.0357567669134188915 1.2967375307430146769 1.0403951449279207342 1.020777316107017052 0.96359043501321484104 1.0037259221722250047 0.73262609084670871074 0.83304959746332463144 0.53411696104432915266 0.39290087983729321541 0.21653062102469020078 0.15564763834136499665 0.14183873950708325573 0.21809328628898047575 0.084673491875719888999 0.072461426442715387575 0.25167021157366720185 0.51939203893021990144 2.3280066366607168327 9.3584329730149047322 29.326853664904021457 52.925232010291914264 44.297216196494019869 nan nan nan nan nan nan nan
0.96640935695323881838 1.341109725935275554 2.1085749121235211057 2.7563236688585881495 3.5250679630100449913 3.794848747585692017 3.4618963387472705406 2.668265322909381343 1.9314168727813845194 1.5042361836836148914 1.6846879210545600003 1.8784594357570538747 1.5020059184760423676 0.7306211587883063574 0.31559797554370766504 0.13112636496919327644 0.13758067966851650343 0.25445723722592350491 0.46522514536539388841 0.87549045098247546548 1.3955563342377510505 1.8633202830692419116 2.109699466971774573 2.3755506914954982456 2.0422904730265596385 1.9230962536837510335 1.8241479003954559346 1.7001227306122788097 1.1283963966036514304 0.59390701450768412784 0.33493591874313333179 0.28078882085041911854 0.34115066866055510086 0.48342695378613759205 0.19982034467016904222 0.37294738816479727772 0.5906868250791639241 1.2128495511358159398 3.2386081483654773905 9.8462742321062570738 26.18146129426804336 53.275857853709020162 42.785150539621135124 nan nan nan nan nan nan nan
1.5201698152006373199 2.2285399715379026198 2.8341235179064727667 3.7609997404457562453 4.2500636950078849452 4.6179454329052340711 4.1676438235726935844 3.1137744997886600551 1.966883627799592249 1.5230559501653528898 1.4373650600086453899 1.4581512715079574249 1.2391082133410225019 0.69540092942553033417 0.31177213871474818152 0.1393070900721802563 0.10172964674501097648 0.16821394238615894334 0.3817213687995777982 0.89475990211519595974 1.6718305562644886209 2.9156399698651647157 3.6660382526631605238 3.0633755990069251318 2.6099724856570061249 2.6047457978671579859 2.7553312091574277964 1.893401423757820945 1.0805352416776166091 0.6652456867338643054 0.48216515939022547288 0.3835893162648481014 0.73083289796964245877 0.82326213622368593636 0.74359441483183874588 0.99491925356567190164 1.4643352014616246581 2.53346037145997105 5.1638048261549229778 11.529888243686620797 25.138130523740755962 34.338902028967467572 22.555589621329890093 nan nan nan nan nan nan nan
1.6373429293643189109 2.5919707972800534179 3.4513314376786952131 3.5300190567781970508 4.3655566327263093385 4.7709781509400732702 4.5178648159019472175 2.8486915932592653533 1.5985680935731727548 1.1345745307052101936 1.1014375811170735719 1.1509231334014129455 0.96522438152182155058 0.68898961867575847506 0.34510735644392709354 0.16879614952495528013 0.11247636531207733102 0.18298793069580171489 0.40213874615553596437 0.86811954321187023709 1.7757860797743723058 3.03816617106402731 3.2587496059749012645 2.9363885579599053877 2.1566069756640051658 1.9159992289105789443 2.0023147579002626983 1.6482887227834785993 0.96764318192779752437 0.85878617702063553274 0.85516701445654619285 0.98976687768200488637 0.72478843408432991335 1.7093448023182040707 1.5881823685066616125 1.6192637542174241894 3.2130940020280274183 4.6641363046758712585 8.5740679864671012211 16.460495825466725961 24.87049941343500592 26.280567692351901599 21.946837965667949533 11.681841238290889606 4.0548078110600362933 nan nan nan nan nan
1.3523161550570663714 2.235937365694168566 2.8610763759618902391 3.0739820233386883075 2.7566415179674903513 4.068643101378087934 3.7730649100168922594 2.2681589888761766183 1.2526031146392222482 0.7860582054689968512 0.7030532364708099724 0.72352188496037606047 0.69027156336614903243 0.64784976547652162182 0.42901029248292787965 0.28102302731437772687 0.19093489133572377758 0.20211976024615843639 0.41284105694557621247 0.80615511062638833817 1.268975340538527119 1.5667574182050174603 2.2041492839668159753 1.454163162381000296 1.3570821197132623137 1.4384676450678193227 1.5024392262578762924 1.2683209790806926343 0.98407406311452283454 0.842709943449466925 0.92509764143093398125 1.0859560348630870052 1.188134455020575464 2.1027647301451906081 3.7835241495142284407 5.5606986555626622959 3.4154548017824688522 3.0930542755233005892 9.8081218238180731817 18.731029451832288402 19.197877935446058473 18.856181170282290793 16.125745839427278128 13.866574779996080125 7.097458869355085298 3.523092454977077459 1.0276467338375174787 0.29777691521582499989 nan nan
0.89297621406783789233 1.7214021461022441795 2.019991793105559541 2.3772458482283380654 3.077289616779410597 3.0940707240670031197 2.2333674775970244752 1.458407705058774706 0.79448418131276044019 0.44706730750759005044 0.35615518274570179269 0.3977699149473248319 0.50787115057532372653 0.64905912530367793067 0.5580479189184709421 0.44980293098481283209 0.29951949184036991136 0.25055080759517789346 0.32788655821060069817 0.5669403340550722703 0.73964276534190376289 0.84609153075814713674 0.83337124791932826184 0.75153900119512062616 0.72622386114488002296 0.8756284489491444889 0.90630777370351622846 0.82610119238469748026 0.62917839197284708419 0.5968512475110266946 0.91313857430578759811 0.84297917100125785428 1.0114514755917958233 1.4228248903409470572 3.5873287800530802016 3.8675758136470803628 1.5446584922218722369 2.187200876769528346 5.2046725089809804388 3.1235836651197588232 19.876488767627389365 15.084854650145473443 8.0186314582692528319 12.860624119704061386 11.390857315746947265 7.601164916481043754 2.9297022446436273846 0.61282324879192895395 0.10551350122716533775 nan
0.5101471010534340822 0.82293018766720438251 1.3083358771515565255 1.9005186576286836608 2.3878616051237937512 2.5431325377254432318 1.8420681595930952223 0.90286980054504306636 0.43598657906351301339 0.2185425249541879944 0.16445772965353899764 0.24192021112590533782 0.46305186869938702587 0.60935891572712641562 0.71171001573004388785 0.60817842619267448168 0.43874123839256168322 0.29553298544541395376 0.34276877373441577701 0.40872538603815145031 0.50648905311333158874 0.64365735807098889421 0.69377679978467721167 0.5739387764047090279 0.52475360445932828224 0.47424080934681972499 0.63180842820774552049 0.54478521008672342596 0.44616599926261063525 0.32968853866657527041 0.45393625927417191601 0.77777580413077385124 1.1343866507704332136 1.6993936954845902942 3.8808659719047113867 3.4450844182420099493 3.4539753761070306481 2.1632894129990605236 2.5865410262911363581 6.3332280221133903098 6.1177830999580784521 11.680864582614791658 6.8327515214909011476 31.897353577179259787 22.777509117783040438 10.695443010991795063 2.4278890194511215661 0.47645428201720269046 nan nan
0.28053243545092876321 0.54272739917253709496 0.8639043186942573227 1.4941888898652970763 2.2763626732033177547 2.2691049852197591186 1.5325180972838123861 0.67769952118664922303 0.26435231049256285862 0.10397995126982258196 0.081364612377124084786 0.17568907589864643515 0.42885312628609761898 0.68448800468656323392 0.68973157434517673448 0.6178128655840947614 0.46810386114919944056 0.49137637075260665043 0.60502832269226891615 0.89212990715780704498 0.96818973490909532309 1.2641094543696802521 1.3176666528226645969 1.4827291432200955246 1.1264320313417894859 0.80870870937491212693 0.58980549212822008798 0.39389954559048589999 0.25543117073050730648 0.23460335817031893746 0.30572662375074166619 0.74961199542395662299 1.5797995358432317392 3.3281347388745241567 4.227391825679591264 3.7988081220736402699 2.4973890050946874197 4.122198700977488528 4.9240076150590592619 3.0745289602448386823 7.8196697115671014444 14.774371150710663869 55.24617413711965952 8.6325643477161051464 37.910018075045663011 nan nan nan nan nan
0.23425557755252773839 0.28616170795386763892 0.65159684149650920482 1.0767011565346555901 1.7834276002052522614 1.8813212583394101074 1.2874133391346738176 0.54360953784476273576 0.18883079166928976034 0.068207585731903871973 0.047468638869514176437 0.14117877426281671971 0.37335805673830541052 0.60012283575145730641 0.67336973262601773627 0.56199883082971779924 0.68551274334048206693 0.83604271529260809626 1.3241903868476920803 1.5225845308944427892 2.2090607488540476844 2.4640280467117081642 3.6640579108966884192 3.9255628049428512583 2.6429317649672716684 2.6328761509731557489 1.8282659979375330828 0.99117163577345734904 0.40134415635314263371 0.3585309535649073287 0.62964903969301089237 0.71373981435578881527 3.181203389823000105 3.5844260154664633333 5.3456868537337047798 5.9794167074066670864 5.7191890025755434124 3.8796011917824175796 9.547405243824568899 8.5720733169784733008 14.023035395927772484 31.772224254943512989 44.834653718882933049 41.292489748832238661 nan nan nan nan nan nan
0.12938901165136018623 0.1824521005163431131 0.28816754081390244524 0.66950205336644241783 1.1576522962629909319 1.2623747600014494363 0.94170384882425206552 0.41579325226261987236 0.14403116799472640008 0.042531594943156211808 0.0394176315304100508 0.11327739166135752935 0.2902629657968648913 0.35758566153462334469 0.58697773988510415499 1.2008968795302972232 0.81038025077067021851 1.5908596364827682912 2.0890013314601705297 3.4711456540969618523 3.9882063126287672361 4.8700158442750787202 5.2273595442984985837 6.8469122438817358045 7.286650024876099252 6.4082123027443920193 4.8570078868954533746 3.2898973650489788945 1.3297925574313647079 0.969472979854981598 0.89088774338362142213 1.8135762189077222484 1.1058755972871474604 3.9593154364861842254 7.8154444040859170073 9.5037859949119098957 11.673401952294629069 19.343438215811268321 20.715420138512200765 20.030010561345108044 16.557398042883431089 nan nan nan nan nan nan nan nan nan
0.16632769445107845052 0.16689019392926304763 0.19471433958165054734 0.35284650924431293362 0.71995831312095004417 0.81381031142834581171 0.71411004520676624185 0.3600469595484038221 0.1266663461882977515 0.041305838406954072106 0.039845464096725242975 0.11884568450170077125 0.33845263197010277967 0.64183150115560683169 0.60000938014573745871 0.9116477957261429621 1.683014849287309822 1.9989848694500660375 3.136970084821578908 3.6947112394321588447 4.8046370506554714197 5.1059539655200971708 5.279152608359424903 8.013657291867740895 11.009437043477367624 16.264465333215092357 15.594415635388664043 8.555092415505288983 6.2892974287922260856 2.4510588781103268552 1.2813834004690340951 1.6090973868934490554 3.2610279131186619139 4.8013920948134778399 6.1034204542280923178 10.381670278667138874 19.41313531217374333 28.487436088147294555 31.472372069308299558 24.398956070063146484 12.130070704624612787 nan nan nan nan nan nan nan nan nan
0.48158193312253172458 0.39587555047816957998 0.31279690144171051758 0.33892866492863404915 0.39753149160743761481 0.43428469460477947539 0.35480421420309532499 0.1752988068494831797 0.090020926778132531743 0.042686807902170678664 0.044609875300662196751 0.10697217770956203575 0.25241621163704475173 0.6276190631212879012 0.66080054119562703363 1.0226236914114437138 2.3299900496562422347 2.1072873772728346609 3.2519265486990884817 2.5179381429676075399 2.7423638822079627886 2.9879643380239997441 3.4955106533077606734 5.1962160629894764696 14.019222160591176873 26.679375524455089419 28.803404506133141183 23.36808071023510891 13.146106071189874953 4.7170341294438005164 2.0190955089531770206 1.0713639741146909756 1.5231551442622925929 3.6730705262466649685 5.1346307762156753185 6.5930098058478003864 18.301021665822045037 25.751008218660690119 31.349371487719285057 23.781832946986959598 nan nan nan nan nan nan nan nan nan nan
1.7579597055163482811 1.4571730220503040787 0.81189406524491791739 0.41341547200610173629 0.24297012514034790898 0.16142036723142300092 0.12062172462535748763 0.086827327052789018969 0.077162981667172420019 0.095542663043236567 0.076216131251871613306 0.14658320935658963879 0.38042224931792267828 0.51787875028910501651 0.653318891492505327 0.87126691557182867065 1.5186948652316420993 1.3721998329864693034 1.9067749199204488963 1.9489657440637069286 2.0989963586672395479 1.8674950665418894591 1.8357581772535183084 5.4045317326915620626 11.196135003960367982 26.982597243357634653 38.762618793971959974 28.591647030954092656 9.2874962738681894336 7.0262656319183953713 2.7098491707838814335 1.2381697928807469111 1.3399795904447502348 2.1987958807309824216 3.2429740563402651432 5.71030351782602974 10.091795714246876159 15.522235184946287845 18.311727172788362594 11.575779237906107966 nan nan nan nan nan nan nan nan nan nan
4.9991945117307468038 3.876554827041497564 2.0413122534815828502 0.97280568906727715728 0.37060400283883554451 0.15817108001794125127 0.081509074262502950736 0.1108660425785179815 0.24104942896461187263 0.20936066667402511432 0.1882443907716971343 0.19877192043037111846 0.64792183394493485515 0.38230890228751768234 0.44730326919355267723 0.83980902445402072498 0.92406324411807405639 0.88538110539341152716 1.0503711998015619056 1.0515694906761008376 1.1223652403087576168 1.6034871023847365734 0.93958359226167142975 2.5410649291418536677 8.1540063055497995492 16.372884589864902694 23.269965248806808944 23.613154465633144241 10.122831552213662931 6.5252130702007198337 4.0650154689059885271 1.5539825757582741428 1.3612318826467721955 2.4230452185299524714 3.7872357293807525913 5.360945350190092995 7.5760900691048496114 7.6439793242438227594 nan nan nan nan nan nan nan nan nan nan nan nan
9.3572796308491739126 7.2931597444195661595 4.1406523850003429388 1.8639486158421856299 0.83132195243469619861 0.33912783466877349792 0.21380618942728246701 0.2320743346283729025 0.53189398637109208678 0.94040342996342651816 0.42939591780064517712 0.67059607263442866376 0.41247614360615719731 0.25281184113738941477 0.38567002247870135756 0.43995730081270439937 0.71065096530481575154 0.70394138336454414873 0.68332616028532622288 0.70227619411911812453 1.027856509396120499 0.97670282896777216308 1.0875721372501665485 1.3811410432994530861 3.1093273500248033159 6.1011649134445233855 14.036313960406605617 16.355449498502181882 17.75550511826860145 11.428871897979831829 4.7396211187552141908 1.8055613490330904014 2.2566352216948848408 5.0489128438286154932 10.023956025296703487 12.049975794276566177 9.9841121921064370781 4.6720299599896844001 nan nan nan nan nan nan nan nan nan nan nan nan
11.820847146801513716 9.0558519865167586005 5.6236455315901459073 3.1639692256382812019 1.9567106498352111466 1.1491722247990219241 0.71804504238021205076 0.70069334304710995109 1.0711668494539932084 1.4551977850623378785 1.211110842036004609 0.52648489651182373006 0.43793323328550926021 0.32204448287521508787 0.44224819316053365359 0.58750310278781536777 0.66464350150863649169 0.52481323795483203476 0.57830303314246311874 0.57629246887427287849 0.61202017334497516021 0.65291144815158774772 0.43262989004445290275 0.62368607848731338894 0.86261897634187145734 2.7005565104400170995 6.281026822217127048 12.879298174870761784 14.211765513230515623 9.1565145883283793893 4.7832785751803390539 2.0509007276401782782 3.5299561002320016811 10.777859413410290301 21.561965270898781455 29.375519845258157403 17.388808409049300252 nan nan nan nan nan nan nan nan nan nan nan nan nan
10.923155609354095574 9.4127495811781045632 6.4289558756056441879 4.5382780582109267797 2.7465840976138786722 1.6891853369619487246 1.7469428950544210188 2.0831653848997517819 2.38558333741456563 2.1612912900704888131 1.0481752193052238376 0.83741133471165396518 1.1688260445633777973 1.0615272083002895709 0.87889738295723829342 0.76687080258827045043 0.69566224844670265792 0.51428075235896963946 0.35470482367103878252 0.28336086603528370942 0.24449366869523847523 0.24749955438008189312 0.22770514600409563766 0.21821565109832541385 0.40162521431824199647 0.74116725685540407742 2.7320299772316936071 1.6940462384547223529 4.5995302512779270288 6.1923167803023151379 3.321577250812998372 2.0004200614766181054 4.6022922907832652939 13.990705554548439338 31.216227865677208086 35.08924169082595057 16.964640070951357842 nan nan nan nan nan nan nan nan nan nan nan nan nan
