src/SDSim/tmp/apis2
ncols        196
nrows        122
xllcorner    -12.166618000000
yllcorner    34.999860000000
cellsize     0.083333000000
[rows 46 to 68 of 122, columns 0 to 52 of 196]
nan nan nan nan nan nan nan nan nan nan nan nan nan nan nan nan nan nan nan nan nan nan nan nan nan nan nan nan nan nan nan nan nan nan nan nan nan nan nan nan nan 0.03250721040556117658 0.46990414598251095679 3.1400345087894745433 2.7966029004902566157 3.1531916130559967115 3.5279059207696481515 5.0309031596644615547 4.9859972723354246682 0.95300877040130416162 0.2138828953919416076 0.36050901656614520174 1.8312776288455581142
nan nan nan nan nan nan nan nan nan nan nan nan nan nan nan nan nan nan nan nan nan nan nan nan nan nan nan nan nan nan nan nan nan nan nan nan nan nan nan nan nan 0.016436232071537132393 0.23682287522623923781 0.4504487203211502977 0.64378519784289034433 1.2046228748074983006 6.2541061056274784846 21.229547145072164227 6.7861452969843272243 1.2020375114752943624 0.47794901273366918737 1.3517491022853524996 5.7249654401501581802
nan nan nan nan nan nan nan nan nan nan nan nan nan nan nan nan nan nan nan nan nan nan nan nan nan nan nan nan nan nan nan nan nan nan nan nan nan nan nan nan nan 0.005491398162422436377 0.01631241591044392536 0.032944372005340186171 0.084844913374065439315 0.85119980694289609779 4.8302715354540168846 8.6073008646852997572 7.0166147279694337513 1.4574046255126338334 0.91701175269922663436 5.3296327687931093209 19.977348841326804774
nan nan nan nan nan nan nan nan nan nan nan nan nan nan nan nan nan nan nan nan nan nan nan nan nan nan nan nan nan nan nan nan nan nan nan nan nan nan nan nan nan nan 0 0 0.03125657542470627881 0.40953162771868345526 1.7203857498210692878 5.7055846297910441933 9.5090471002267253908 7.0012550400022934838 2.2296629565577070764 1.6218702465396108714 4.0147807634184307091
nan nan nan nan nan nan nan nan nan nan nan nan nan nan nan nan nan nan nan nan nan nan nan nan nan nan nan nan nan nan nan nan nan nan nan nan nan nan nan nan nan nan 0 0 0.027220134408213993854 0.28351420172618874149 1.5988095145599716673 6.7423706861035768156 24.059563724871917856 14.892253469737156024 3.3509524811104478559 0.48442994038736775231 0.34231972937817589653
nan nan nan nan nan nan nan nan nan nan nan nan nan nan nan nan nan nan nan nan nan nan nan nan nan nan nan nan nan nan nan nan nan nan nan nan nan nan nan nan nan 0 0 0 0.043875481760705742351 0.69088824285335281861 2.2886793439036106079 4.8543133065819406013 10.055855607369210247 11.878212173230679127 2.2341795582051062752 0.26171751774661589085 0.037179787144323780956
nan nan nan nan nan nan nan nan nan nan nan nan nan nan nan nan nan nan nan nan nan nan nan nan nan nan nan nan nan nan nan nan nan nan nan nan nan nan nan nan nan nan 0.0080366177430985889785 0.026748149030403060855 0.11840649926280447102 0.79575595630491591237 7.03427419081826244 16.404187021357618192 9.4212943706058212001 5.4223674814563427304 1.3129784504152035574 0.16264270572655598057 0.027142915301000200556
nan nan nan nan nan nan nan nan nan nan nan nan nan nan nan nan nan nan nan nan nan nan nan nan nan nan nan nan nan nan nan nan nan nan nan nan nan nan nan nan nan nan 0.02617757276010626924 0.39862023692201314917 0.9466271191264367113 2.2344693081512398969 5.446652516744880046 5.7470408009152764706 2.9594334367753765136 1.2207539141350947087 0.36003486218195640545 0.19568822332135007991 0.35618665034409563441
nan nan nan nan nan nan nan nan nan nan nan nan nan nan nan nan nan nan nan nan nan nan nan nan nan nan nan nan nan nan nan nan nan nan nan nan nan nan nan nan nan 0.044792004050559164341 0.066577939721873494183 0.85588818811988121027 6.8601519388373866093 7.1546561635648515676 5.8663334374833571161 1.2576885809321487475 0.83003701253316863884 0.39712202049053474395 0.19700307905320893487 0.49661701633767141306 2.522546501314917311
nan nan nan nan nan nan nan nan nan nan nan nan nan nan nan nan nan nan nan nan nan nan nan nan nan nan nan nan nan nan nan nan nan nan nan nan nan nan nan nan 0.45293452065014117025 0.53604365364043138342 0.29421644156543391713 1.2714229355274673239 7.8077766515278739234 32.655694345554195479 7.6323763653322291844 1.3198456385815831027 0.74601247670138426393 0.77689898079150720989 1.1936116452508733765 1.0252850747662285436 3.477825414565300477
nan nan nan nan nan nan nan nan nan nan nan nan nan nan nan nan nan nan nan nan nan nan nan nan nan nan nan nan nan nan nan nan nan nan nan nan nan nan nan nan 2.5914187336441907306 2.9729778366217893826 0.60286976190659491426 1.0435100924479010498 7.6662271089858640138 7.746743682870287806 8.3979298179146582015 1.2039789731087617852 0.7619688229657854972 3.5793746656950156115 1.3210829961453049997 2.165378398589607567 3.3837104844267837933
nan nan nan nan nan nan nan nan nan nan nan nan nan nan nan nan nan nan nan nan nan nan nan nan nan nan nan nan nan nan nan nan nan nan nan nan nan nan nan nan 8.3378288779203142411 3.8224976759968840589 1.0855683493637284798 0.77561274846525884996 1.1478610699899871594 1.3228306648438903359 1.1162091880829272394 0.7164982779548281222 0.78860308885596019923 0.89511983398406602674 1.1726545064400546448 0.71718300869060758185 0.63379273521956236426
nan nan nan nan nan nan nan nan nan nan nan nan nan nan nan nan nan nan nan nan nan nan nan nan nan nan nan nan nan nan nan nan nan nan nan nan nan nan nan 3.0185094768056561776 4.1525303826909247817 5.4752958100008477516 3.0528516301424786228 1.9057712998602454046 0.30349326337460641456 0.081965853444434688679 0.068980699204403111979 0.085191624435611124078 0.10936687686590031154 0.16907795515167015066 0.1564848471002590613 0.10065148072763333009 0.074817173874447376325
nan nan nan nan nan nan nan nan nan nan nan nan nan nan nan nan nan nan nan nan nan nan nan nan nan nan nan nan nan nan nan nan nan nan nan nan nan nan nan 1.3768907140800696887 6.7598862185908776823 8.935681189574829375 12.668860045636153089 2.9479054720785682342 0.40363710528224622243 0.016683950620733099812 0.00094691213264249665324 0.0028274503764624237499 0.0057965943957656359403 0.0088904231465490018288 0.0058265639354126378541 0.0044599353503878905181 0.0019103614674937474498
nan nan nan nan nan nan nan nan nan nan nan nan nan nan nan nan nan nan nan nan nan nan nan nan nan nan nan nan nan nan nan nan nan nan nan nan nan nan nan nan 6.4843138317580057972 26.533336628787687062 9.2709971796141257272 3.362129567727974333 0.34493393352029733112 0.042658477584560226814 0.021408694648159254381 0.0079066186012094578917 0.0027613324726243186104 0.0058719625120135839763 0.024235532886039405642 0.037193345510277725507 0.051010239586351799335
nan nan nan nan nan nan nan nan nan nan nan nan nan nan nan nan nan nan nan nan nan nan nan nan nan nan nan nan nan nan nan nan nan nan nan nan nan nan nan 0.90822996823036472591 5.5367023351479671689 7.1177693073757168918 7.8698817489402674852 1.4912433887102729546 0.56548855094319838699 0.55353507992253603298 0.21525818347847347489 0.13697787777433104162 0.0087707237491392135709 0.019467439488850740714 0.3602592044445048769 0.72362133425032770795 1.2699618110771879742
nan nan nan nan nan nan nan nan nan nan nan nan nan nan nan nan nan nan nan nan nan nan nan nan nan nan nan nan nan nan nan nan nan nan nan nan nan nan 0.040640726426002450611 0.42409413364610193398 0.90490201902558597968 1.3949581802658337359 1.0718690258727023856 0.84642067108823870747 2.6471509763510674418 2.9038702301294883057 2.2558535793872360742 0.37096924100235573185 0.090747068646440762207 0.11116822736761594603 0.62389755590323348056 4.972084177904063651 6.3441100018204723554
nan nan nan nan nan nan nan nan nan nan nan nan nan nan nan nan nan nan nan nan nan nan nan nan nan nan nan nan nan nan nan nan nan nan nan nan nan nan 0.0099687130353971406538 0.02929290102353775474 0.062110305654244232776 0.074708119461175781506 0.090830109486535109964 0.51767247406484495631 2.8679268653603084971 10.064307985149580915 3.0034638568940676961 1.6090401740950557308 1.4734178223811373876 0.82752635951690001193 1.425644869068725118 3.3429983440665367311 31.145084384839492486
nan nan nan nan nan nan nan nan nan nan nan nan nan nan nan nan nan nan nan nan nan nan nan nan nan nan nan nan nan nan nan nan nan nan nan nan nan nan 0.06180582811361097495 0.076825080581648400035 0.042654056871655049443 0.013236003237771709964 0.019550273259964855155 0.30628345448530874817 2.269458151182197625 2.886577010154275591 3.4396774975245021366 8.352882890774834479 8.934894610940890658 7.3038401082975115131 1.6057683723116047414 5.3501297449454616739 8.0275770247301458937
nan nan nan nan nan nan nan nan nan nan nan nan nan nan nan nan nan nan nan nan nan nan nan nan nan nan nan nan nan nan nan nan nan nan nan nan nan nan 0.82847319691148535448 0.94474880394487292801 0.47202777529332279327 0.041917438483126734372 0.0089704644530007975056 0.15679460749985521528 0.32456728137745455287 0.53297188115098503847 1.8269004307235912066 8.7042774267450297998 36.951354389918442678 8.9612067516707387682 1.904185977147038189 0.96964895593288480402 1.3106617963098303736
nan nan nan nan nan nan nan nan nan nan nan nan nan nan nan nan nan nan nan nan nan nan nan nan nan nan nan nan nan nan nan nan nan nan nan nan nan nan 4.4650326366336461348 4.7075430173717558446 1.0159205248753573336 0.079120752054102960749 0.0032234603529714854139 0.0096817516678948650072 0.02105689147549389198 0.090367194148316884461 1.0161628277546193022 8.1865392549436162284 8.9469254404969884575 8.0399518616092038314 1.130373125938668899 0.17078797199264322826 0.11043467255610202316
nan nan nan nan nan nan nan nan nan nan nan nan nan nan nan nan nan nan nan nan nan nan nan nan nan nan nan nan nan nan nan nan nan nan nan nan nan 3.8687566172658232055 11.609354435757538226 5.391300283034751395 1.2926903704342684875 0.088770183318470544109 0 0 0 0.029946020873155173442 0.54535367884474350575 1.0120288914938173619 1.4671363292772003906 1.4388834321655263881 1.2851156213714238774 1.1351262921791931415 0.76100083727232237241
nan nan nan nan nan nan nan nan nan nan nan nan nan nan nan nan nan nan nan nan nan nan nan nan nan nan nan nan nan nan nan nan nan nan nan nan 0.76466715127334761171 3.0249255352711883482 4.814554789976737581 4.6927813481410014518 1.0149023859762416055 0.076569751764362495305 0 0 0 0.010601755509135033645 0.030242767980431926877 0.059546351653378265523 0.11540250020872683256 0.75431434718811274376 5.8300965558372688236 6.2797397312310012651 6.4270717972841122645
