src/SDSim/tmp/apis2
ncols        196
nrows        122
xllcorner    -12.166618000000
yllcorner    34.999860000000
cellsize     0.083333000000
[rows 92 to 114 of 122, columns 53 to 105 of 196]
2.2276032533594998242 1.7127176736592981676 1.7590402852999611483 5.5921958129428537276 7.774712262352793779 15.213346106478182307 39.670198471176512101 10.551824084825129901 2.1358647496002900468 0.1259675637018338179 0 0 0.026493491058929168058 0.41428823833866268433 0.80592989715513119187 1.1693317211878531126 0.79285995181663726505 0.72071580072298457864 0.77745723414402734264 0.9962763703738215515 0.65659842287368330727 0.32064584589592282082 0.022090850959197244618 0 0 0 0 0 0.0017422893577266997719 0.0054598159690880518 0.010652375755243553845 0.082027033564266119137 1.0436863011879575769 7.1465992260260238211 8.0698254390048447249 7.4155700099824040095 2.0821365571749019807 5.7934467424318984996 21.888729167134066245 6.2488279004846596365 0.74023677298333034891 0.046283036548329971327 0 0.044273132676009796516 0.62758161057145922523 1.2816524073027653063 3.3466859446333114825 2.790018502554635127 2.2832471392270674571 0.5154622063777061225 0.046386902037881413974 0.029138991608293210445 0.37158619978392354311
8.7084568626776359679 8.7059367140187990941 9.0047228873615381417 6.2504568949676579948 23.625089065384209164 21.501058162897241033 16.924872727384883575 15.885837305517885198 2.3053844977812349981 0.14046657916669524901 0 0 0.048970782106556594304 0.77978153524259252727 5.2630077728298205741 6.5960522097310487766 5.1795344357905559463 1.5896658001039494224 5.1453784282110204273 5.5683299058467197185 4.3742957745664252656 0.65593509543317718435 0.082090986449350034082 0.043272938197180976783 0.036463101504660221097 0.01779203502187690078 0.0059885680169772491366 0 0.0053457015481796271369 0.078986757260803550085 0.1560986162455646753 0.25743834396516568352 0.68009764241521886152 1.2218128762509998797 1.6269033486814921119 1.1731025767560165907 1.3556972124017734327 5.5540743454016476832 6.0101752521879152624 4.7222243813501636467 0.74450155542957885402 0.037753163349119739367 0 0.013018058045272838316 0.050731927834027579216 0.244358132312567089 0.41839425484759951157 0.57123980599259094326 0.51308886832047406745 0.23401573489711952059 0.075710684572684913696 0.036194392958175704289 0.032563192214124660195
11.756146298435972142 31.493227329449720031 9.1879238381705850003 5.8818355006492319959 7.1014270614243235613 14.626261506098702014 29.201547595047351535 8.7594404114941450956 2.1948252193126913667 0.13350239214867096194 0 0 0.05929390218017854125 1.1148458784974093483 6.3881342746400955335 22.506952517673148861 6.4876489650494493233 2.9051880938200675963 6.7149296935113778062 18.650247512813351136 4.9466574450893006087 1.1923981486080372783 0.58153990095425911466 0.75624116184483547443 0.53612290492797853858 0.27505135402824887336 0.03703821976217495926 0.018688851235632016751 0.025336008856966508312 0.16520491420756161505 1.0735869410355163289 1.1908496019646350739 1.1945883874400389235 0.24479890467068327053 0.1079847540376987769 0.12717501840549177983 0.47997402606436051498 0.83614665641132124296 1.123551042738043737 0.77610746153575860262 0.36886780713058503478 0.026707889326412815462 0.0014489169700399582609 0.0023170388877824634258 0.008311774637141604305 0.016264792809431650317 0.052301743463285282898 0.43853720736717755058 1.0606886372357102744 1.4734082467235685154 0.76820037354996761891 0.32795331729697718703 0.026196139845134025492
18.154496802365528652 11.468909153776355225 8.161575369683577108 1.7696881120899081719 2.0680509049875146488 6.9016164039401672881 7.587820250472717909 6.4360873289161890654 1.1629501909241111157 0.088893504142157131476 0 0 0.05129332289920587179 0.81557101019048372503 5.5740381073264746448 6.9097116546343135823 9.4607502047590141814 6.7227026084357008884 8.8009060939634498055 5.3193559664353680105 4.2367967812397155924 1.215392666692877599 3.6429828699805044678 4.1670583499898548041 3.6441853132319517172 0.71854230968059851214 0.28750477737932955691 0.2983936471990151218 0.25185974962117735343 0.35634693399521233381 1.2910214803627881874 4.7643634369466276723 1.2288045676757564095 0.25129645889464835573 0.035731051781604648843 0.40106586702771535036 0.82879084866351737659 1.2223474886705356646 0.90625760710035407897 0.46571298099848962293 0.10900553188926367931 0.085686450428267321722 0.086702304649169434358 0.069249950185679531867 0.072311637776353257512 0.042006037253809941356 0.093954254353779867448 1.1551399461382843015 6.8081230187653396513 7.8321534523455396126 5.9393217868362739864 0.80901167750986957561 0.058254033811126260112
4.458095628066683247 4.2106092152881240409 1.5634271686268266244 nan nan nan nan nan nan nan 0 0 0.024093908427750897888 0.36722938461406989807 0.77491363217304709554 2.0832672647489203221 6.3180777273401744765 19.547121755400954868 5.9417358719171255999 1.9027445524022652545 0.79090832244844333498 1.1542272411238152507 4.0950249037924475459 14.511436055590154481 4.2198216326631428075 1.4097002474715762954 1.408032776761569238 1.792223072189794042 1.5363408265088935867 0.39197399461656418085 1.2325349057168908384 1.3907211583365999275 1.1485770069928067372 0.17255970394371697441 0.063125027349926102205 0.79549113730086373764 5.8500015670986211802 6.7490771269521427911 6.2081405195092829175 1.1571219300510191541 0.8458327716406739416 1.3267651870885115439 0.94764653185276848113 0.70970706634076574648 0.32048626289783832544 0.26938159359518482061 0.12654857903171939926 1.5813593058847001949 8.1280998106346249443 27.309042871947418973 7.3860515352730748972 1.2885218762491701394 0.065604742139042368509
0.75141255611015189686 nan nan nan nan nan nan nan nan nan nan nan 0.0076873434318750740249 0.022868947588901414325 0.096287161529042791797 0.68745033264110211313 4.3099963110569401437 5.5737593535785947552 4.5457320570161572348 1.0653479678518500418 0.73997256415660972451 1.4792845315113862803 4.5540932188571563444 4.8212191479468016198 5.7101817906715766071 1.5620287680418503129 2.1665788965681391787 7.0467871282553122825 2.025138013454090391 0.50754532114146111432 0.2172136738440464121 0.2516237244670891382 0.17216786538514344818 0.086506615445239659623 0.066774293190900127493 1.2077955270995721637 6.7256704669439395516 27.258186012870368131 7.1437702701013172657 2.4300142417448147292 7.2623376567589206232 7.4156834049275417442 4.8631933627261743069 0.84310496040863125433 0.95014715478447264729 0.22345471551619286443 0.1053654739264177076 1.0508941687099120355 7.3125187219161293939 6.4687280137527185531 5.0459146824694354194 0.59851687719727364456 0.032609656533408831747
nan nan nan nan nan nan nan nan nan nan nan nan nan nan nan 0.31055934754925063057 0.72798230719462608818 1.0499057385289101152 nan 1.1028165964739324867 4.7538993549526145088 5.3947538160228276638 5.0131687888134566222 2.1999539688093774359 1.4393218722209046856 1.4220272857848930137 3.0398390835693960277 3.4437894698067452737 2.8003102467433569345 0.41182682846021040346 0.04002039016926410564 0.012532007237255862048 0.011304711925095401598 0.0057873144960314103907 0.052539876595077354693 0.77031480526470808012 5.9665367407686549228 6.5783850779322294855 6.3471990137501625995 2.3437444150433766055 9.1250407015006000933 37.239666328743240342 9.8099633427354255844 1.936168041194198608 0.20352400083978522405 0.1576327076632198787 0.06145065823702496044 0.43444727185558479343 0.78503353437216805144 1.3235739694692589818 0.99992860261799476618 0.40877852664859515297 0.028410000585147157648
nan nan nan nan nan nan nan nan nan nan nan nan nan nan nan nan 0.078013338624215833317 0.35899886293752214517 0.78813053748230577078 2.3158027989276228631 5.7813877465824727864 19.854721472540191485 5.1702026296770551284 1.0316680983832102747 0.27012620886640603679 0.51191018744827232467 1.7558093432812404977 5.5658191317948588761 1.5656550167703562337 0.33134799247143031931 0.017589115845430651486 0 0 0 0.023780260434403094338 0.40614840480162833769 0.77699222891833019666 1.2049965030820091183 0.86626365678936179116 1.4415578057914686383 6.4922793732022743285 10.332051165628104883 8.7449789806754960608 1.2761538456146381826 0.14544619757352175715 0.022371170499139898802 0.020573200473532775312 0.024015613366601119144 0.056470204634723200621 0.072254344652043972497 0.082921870789324364504 0.038285997141346353456 0.0073050557802346160335
nan nan nan nan nan nan nan nan nan nan nan nan nan nan nan nan 0.056595435646394826046 0.66321739321612349638 4.2016520978712534884 5.6420770405099869294 9.6959780847041567853 6.1514403353146080988 3.9351027277594345932 0.5479957850495168481 0.064481055426310440737 0.18798172326733453286 1.1890161372090581882 1.3009991277940708976 0.48161138259555474894 0.11648857716036281618 0.011292524783287963969 0 0 0 0.0087151621108812471483 0.0228160458278083636 0.050552475817767519861 0.054178308003042408014 0.077518832078897439986 0.4417021980508409329 1.1147121474804126962 1.6694089470461097591 1.2058668884990979553 0.52866699099148417584 0.043872467310800203344 0.0024367958283129952969 0.00091186782964248200897 0.00036829224653320258819 0 0 0 0 0
nan nan nan nan nan nan nan nan nan nan nan nan nan nan nan nan 0.048831608679158346187 1.0408160759889408808 4.535781198961053029 15.376151227374700525 5.2302160918491216179 2.0952212771722118489 0.69478519779166125758 0.30867334033007454153 0.12792935966373433776 0.24996441850748840618 0.30259354527574572336 0.26182925931501116468 0.085947473026175127964 0.032961601152909456025 0.0034406233332381864695 0 0 0 0 0 0 0 0.010200350397752156253 nan nan nan nan nan nan nan nan nan nan nan nan nan nan
nan nan nan nan nan nan nan nan nan nan nan nan nan nan nan nan nan nan 5.0124638773901768474 5.9568524474703608007 3.9756571065811296961 0.67787924798519416658 0.13301247277465541585 0.32838945667240460047 0.91158630592180012187 1.2189755411129221674 1.0526716730968461722 0.31361580501023667011 0.029886333360730696351 0.0031223521131459159271 0.00097636642356938019554 0 0 0 0 0 0 0 0 nan nan nan nan nan nan nan nan nan nan nan nan nan nan
nan nan nan nan nan nan nan nan nan nan nan nan nan nan nan nan nan 1.7889211569192939866 4.928809587997962538 2.5694089292998492091 0.98032208010868848724 0.32248346438572295103 0.10448241645747244344 0.55755854834510487628 3.1092504389082371574 4.770359499735588038 3.127158850979345317 0.51904206369283423239 0.036784948220708060806 0 0 0 0 0 0 0 0 nan nan nan nan nan nan nan nan nan nan nan nan nan nan nan nan
nan nan nan nan nan nan nan nan nan nan nan nan nan nan nan nan nan nan 1.8147199747144990845 1.4442242044272883827 0.29900766936932599016 0.34168842039688895884 0.60818291588934825231 1.4825869120540144941 3.6230451161312133834 8.8703541020442546738 3.3112506838787005847 0.62819553589901888646 0.034683020585266913227 0 0 0 nan nan nan nan nan nan nan nan nan nan nan nan nan nan nan nan nan nan nan nan nan
nan nan nan nan nan nan nan nan nan nan nan nan nan nan nan nan nan nan nan 0.29444330833747178744 0.18951924580077231242 0.59238105344156599674 3.441676183527636379 3.683740778429905216 5.4206686132322019489 3.0092807478427214818 2.5554939072255118404 0.45220606392130058282 0.031119451559441541066 0 0 nan nan nan nan nan nan nan nan nan nan nan nan nan nan nan nan nan nan nan nan nan nan
nan nan nan nan nan nan nan nan nan nan nan nan nan nan nan nan nan nan nan nan 0.085615770353377640411 0.80363777123255153434 3.3794549548976542397 11.901799292531725527 4.4107821861579319389 1.3765835720183186019 0.44372513368490212882 0.20937103010741048292 0.015820550257908513186 0 nan nan nan nan nan nan nan nan nan nan nan nan nan nan nan nan nan nan nan nan nan nan nan
nan nan nan nan nan nan nan nan nan nan nan nan nan nan nan nan nan nan nan nan nan 0.59972070047159198314 2.8919103917325568176 3.3360756814340684073 3.4002538611820862791 0.69602206485207485098 0.069581748430071255207 0.013519849309918272051 0.0045960020195314407743 nan nan nan nan nan nan nan nan nan nan nan nan nan nan nan nan nan nan nan nan nan nan nan nan
nan nan nan nan nan nan nan nan nan nan nan nan nan nan nan nan nan nan nan nan nan nan nan 0.7827492311981530948 0.59843465532506068261 0.27367302633327539318 0.027029298474918004441 0 nan nan nan nan nan nan nan nan nan nan nan nan nan nan nan nan nan nan nan nan nan nan nan nan nan
nan nan nan nan nan nan nan nan nan nan nan nan nan nan nan nan nan nan nan nan nan nan nan nan nan nan 0.008402938233543410726 nan nan nan nan nan nan nan nan nan nan nan nan nan nan nan nan nan nan nan nan nan nan nan nan nan nan
nan nan nan nan nan nan nan nan nan nan nan nan nan nan nan nan nan nan nan nan nan nan nan nan nan nan nan nan nan nan nan nan nan nan nan nan nan nan nan nan nan nan nan nan nan nan nan nan nan nan nan nan nan
nan nan nan nan nan nan nan nan nan nan nan nan nan nan nan nan nan nan nan nan nan nan nan nan nan nan nan nan nan nan nan nan nan nan nan nan nan nan nan nan nan nan nan nan nan nan nan nan nan nan nan nan nan
nan nan nan nan nan nan nan nan nan nan nan nan nan nan nan nan nan nan nan nan nan nan nan nan nan nan nan nan nan nan nan nan nan nan nan nan nan nan nan nan nan nan nan nan nan nan nan nan nan nan nan nan nan
nan nan nan nan nan nan nan nan nan nan nan nan nan nan nan nan nan nan nan nan nan nan nan nan nan nan nan nan nan nan nan nan nan nan nan nan nan nan nan nan nan nan nan nan nan nan nan nan nan nan nan nan nan
nan nan nan nan nan nan nan nan nan nan nan nan nan nan nan nan nan nan nan nan nan nan nan nan nan nan nan nan nan nan nan nan nan nan nan nan nan nan nan nan nan nan nan nan nan nan nan nan nan nan nan nan nan
