src/SDSim/tmp/apis8
ncols        196
nrows        122
xllcorner    -12.166618000000
yllcorner    34.999860000000
cellsize     0.083333000000
[rows 88 to 109 of 122, columns 100 to 149 of 196]
9.6765924009160322328 7.8092858887704963422 6.0282435869502943859 3.2060547691187868402 1.3026994679410384137 2.067948594661359607 3.1742333738224353112 4.9576938163616315336 5.9926853046374350953 3.5499285461784899631 2.0425760795676857207 2.3333322762082895352 3.2674156352631871236 2.8071693940126389855 2.4826304233103266839 1.7971887340018415369 0.91135834509033630813 0.47794648561368963113 0.22603957932939916509 0.12632353329058648717 0.11020713938485976469 0.083475071897033431556 0.068580140918168858155 0.10475402073269990399 0.16176141157792409131 0.42799944959378849463 0.68147594354497642577 1.2796972898565173171 2.4049270446826467307 2.4701090327139190173 1.7010388714186521764 1.5895648202147625305 4.2950089169674052769 12.326844468551010792 21.033029247121131533 20.184083794769392739 nan nan nan nan nan nan nan nan nan nan nan nan nan nan
7.6643681946624688806 6.0363904502934380147 4.7808143892248082807 1.7838950009722238654 0.90946720242366296816 1.526847691379811689 3.6520073493911704432 4.6964077998162663263 8.1935947914076869836 10.160774402412473094 5.7170530618672241729 5.1825484728495574416 5.4652821432708886817 6.1168837529259532104 5.8368124116172275251 3.1823879381978845693 1.5403332694928260072 0.5823355156241882824 0.16569017778317682299 0.051954376395700205271 0.036016288517143502101 0.031365218269178520016 0.061857339496972092718 0.11638960637398547415 0.18633952769628722712 0.25885024940911016689 0.34909450079313147919 0.69430884618256272223 0.883703153097290528 0.86287372484476543288 0.69322235074778648656 0.96488780634244686318 2.8810935058270894515 7.7409648389779635025 13.306439842298578569 nan nan nan nan nan nan nan nan nan nan nan nan nan nan nan
3.5386683161781991025 3.2346771356961503407 3.1660069618256083679 1.3963090834049978195 0.92895441964129110701 1.8880501418359578736 3.0042573243368639879 6.5200443109921577545 10.533392193765537925 12.763217142040998553 10.692118532246640328 9.3121877121222258467 11.025526627845058769 13.800648141030322336 8.9536560902954533958 4.4452292643001918293 1.3691787577511305152 0.50664448737688627666 0.1385057274732243715 0.040497259182485631501 0.054970130035338488073 0.12098324133312493567 0.19483520580941685041 0.39052977066437644105 0.53975283149278585615 0.6759775445501908786 0.53651648664202400418 0.39781939683774936167 0.25370336191273723525 0.27644565282792510352 0.22540804749503859372 0.49137918548317155443 1.4979981727501203714 4.8396537966282791032 6.3821269458581495471 8.3292925461147149235 2.8566694068357634251 nan nan nan nan nan nan nan nan nan nan nan nan nan
2.7435637885051633589 2.2126588029344245179 1.5899902402533281354 0.86158454767245473693 0.7419623879352900131 1.5388188122334451879 3.5800261512040449929 5.4731256500065788018 7.1423016919977193595 15.615410553254708503 20.838425134218578449 12.015305382247657207 12.054344596883893814 12.126811723684932431 9.4682832824017442164 5.2770401228797370052 1.9813487726632539321 0.57804110609974945767 0.16036087378706789797 0.055043584201088374686 0.11002609051523692951 0.37776886314989166493 0.87767446088589018416 1.457468622787459811 2.3558664175355255033 1.9766089210311090785 1.369477070400168639 0.57448872672428652475 0.44830470488394325024 0.18074001243817516826 0.06461217676072120164 nan 0.55274297472600908421 nan 4.0772322859672023299 nan nan nan nan nan nan nan nan nan nan nan nan nan nan nan
1.8802079903167243646 1.5803424559745906652 1.1877552127541417537 0.68939221684153961789 0.60129398029597103115 0.90015876621386847756 1.6024468428921927465 3.3854026306114426426 6.3983072228246848923 8.3415309050548831493 7.1185590856017784134 5.8840872621174504786 8.2401802936339834105 7.5264072528068197698 5.1742803035963103042 3.0888629902094910662 1.6780699581122655584 0.70997576207323020991 0.24130545140271156268 0.13931895559378176808 0.36571854376036511125 1.3916498021183021372 3.2059813587509133903 5.2798352608469123481 5.3902429453183184904 4.2237072489433575839 2.7181285751089396818 1.2120324453355133532 0.33975046354781579527 nan nan nan nan nan nan nan nan nan nan nan nan nan nan nan nan nan nan nan nan nan
1.569087239085126928 2.191655537022996203 1.2797775333710932344 0.97204247143114852481 0.6014687081089030718 0.46675369593852633621 0.76617634983643156943 1.6309204810219890547 3.0613307411427026494 2.7943881728679875742 2.3758092370403423033 1.6536199416148089636 2.715677336470459835 3.876845823104960953 3.6418541987608739063 2.7812770472405512479 2.2606462741621866641 1.0050245051443822408 0.38701967484921856455 0.24220308614293359351 0.74191755130717196298 2.4280400796689667331 5.2770533586243386637 8.2602810065372409554 7.009051466535633601 5.1225364191506885803 2.6796523401216325588 nan nan nan nan nan nan nan nan nan nan nan nan nan nan nan nan nan nan nan nan nan nan nan
1.7954982414980289462 3.593237629834912461 3.8223487790502614914 1.8289408806549971587 0.82865402717313163539 0.44237285882103899448 0.34500264648000589229 0.58412377468383025469 0.85575676118697219241 0.89598792615209110757 0.53204612590450961473 0.45324123603675059435 0.93948313446746756217 1.7102579951793386304 1.8312329148391948141 1.5055394073780974384 1.3699327220432648833 0.69438666798600345853 0.25604440265128131093 0.19273479376145327691 0.67274125218696201323 2.1033249632953601171 4.9125475329481886888 5.6697572324941223343 5.1025215024167831501 3.242868147203824325 nan nan nan nan nan nan nan nan nan nan nan nan nan nan nan nan nan nan nan nan nan nan nan nan
4.1354297655554512758 6.2045472753276653677 7.1584635682674253587 4.605603680284068524 1.7564477151523298915 0.62320723793211463271 0.18898893291831689312 0.14517027206067445455 0.18462165101795285915 0.22274725968491246308 0.31005404738361025396 0.51943823296107138887 0.69993899332707076866 0.96506282608738402917 0.98277554125896848802 0.64671623943886191732 0.50117505021458030878 0.28302454804102239461 0.18839087235727211556 0.11611096747768401283 0.31201434841145953003 1.2464164253927569881 2.1743241595057267723 2.7560058954824655508 2.0602776032019418651 nan nan nan nan nan nan nan nan nan nan nan nan nan nan nan nan nan nan nan nan nan nan nan nan nan
4.3748377652428134255 7.7522228011658453894 9.0789446346867741511 5.9588973524960717754 2.516201250177880766 0.65399387053566371275 0.126601928038469147 0.027515262049947624562 0.034883136672117821819 0.0749848383411657049 0.21119346493479140836 0.83655463466549750962 2.1935683091214746021 3.1472544401438073969 2.5790481814024959206 1.9962610521089996229 2.2547880457869227122 1.1141459403688975804 0.37398640159568707908 0.14134714502334599917 0.17222457674618846246 0.41498030438927774322 0.80403259647220814976 0.77889377794872005634 nan nan nan nan nan nan nan nan nan nan nan nan nan nan nan nan nan nan nan nan nan nan nan nan nan nan
3.062038967934956446 6.3156849830939254531 5.2015361862769964318 3.5175566878812869476 1.1942553373068185429 0.26854380038533637309 0.079151064761653358581 0.012323712367428759848 0.017451971869944307714 0.059994419334341686501 0.17006056413168918473 0.45596898767283178255 1.8078148875702053644 3.4790398751454967297 7.3315738985178890985 8.9019704715991192501 6.2785032242353526755 3.0569766817062533626 0.81516605079117832044 0.16369923525033949763 0.06843367115773152376 0.10908987624175396636 0.14065773225994737672 0.14247345251351392625 nan nan nan nan nan nan nan nan nan nan nan nan nan nan nan nan nan nan nan nan nan nan nan nan nan nan
1.2167154304725158465 1.8439505898247701143 2.9597446174007644437 2.8840690987417096913 1.21741643558618029 0.44859497911631679434 0.1078412977933523309 0.033982800053809346374 0.10478328530943610553 0.65780109873433967316 1.0560775942515647774 2.0690624708770308793 5.9344156982516835797 8.9275020325189764492 16.913956145114067198 20.541474397595749224 9.0392535886348692742 3.3890662748369444479 0.77193214125018394522 0.15431769470266354372 0.028431460564671343083 0.019500725402379810031 0.02648832981761712474 nan nan nan nan nan nan nan nan nan nan nan nan nan nan nan nan nan nan nan nan nan nan nan nan nan nan nan
0.34225861346047675715 0.71981827538322662452 1.0408690024885214331 1.5820134362462123789 0.8443812641420552767 0.15949675039192839909 0.0613498367914500492 0.039225556919314813475 0.19596210023879820361 1.228723134956455576 5.0626017811065189278 8.2467226815137397722 22.422201671081030128 36.130932191327786995 32.746772523815785405 16.321604633991906752 5.6682535616318023841 nan 0.33000454672403578549 0.097310180446745345173 0.018567415514304855956 0.0043485853041525090318 nan nan nan nan nan nan nan nan nan nan nan nan nan nan nan nan nan nan nan nan nan nan nan nan nan nan nan nan
0.21457951276757544767 0.30879859065579168265 0.42995187390651745662 0.34194928124910373146 0.30499986445120863543 0.14264527619448330586 0.038241892497428771336 0.030805732705384461512 0.19580741884345959081 1.09590264861511133 3.5827117556384111552 10.892514157703393707 22.330642298710678517 26.945656398936602471 nan nan nan nan nan 0.039475961627665631659 0.0095899971864088426332 nan nan nan nan nan nan nan nan nan nan nan nan nan nan nan nan nan nan nan nan nan nan nan nan nan nan nan nan nan
nan nan nan nan nan nan nan nan nan nan nan nan nan nan nan nan nan nan nan nan nan nan nan nan nan nan nan nan nan nan nan nan nan nan nan nan nan nan nan nan nan nan nan nan nan nan nan nan nan nan
nan nan nan nan nan nan nan nan nan nan nan nan nan nan nan nan nan nan nan nan nan nan nan nan nan nan nan nan nan nan nan nan nan nan nan nan nan nan nan nan nan nan nan nan nan nan nan nan nan nan
nan nan nan nan nan nan nan nan nan nan nan nan nan nan nan nan nan nan nan nan nan nan nan nan nan nan nan nan nan nan nan nan nan nan nan nan nan nan nan nan nan nan nan nan nan nan nan nan nan nan
nan nan nan nan nan nan nan nan nan nan nan nan nan nan nan nan nan nan nan nan nan nan nan nan nan nan nan nan nan nan nan nan nan nan nan nan nan nan nan nan nan nan nan nan nan nan nan nan nan nan
nan nan nan nan nan nan nan nan nan nan nan nan nan nan nan nan nan nan nan nan nan nan nan nan nan nan nan nan nan nan nan nan nan nan nan nan nan nan nan nan nan nan nan nan nan nan nan nan nan nan
nan nan nan nan nan nan nan nan nan nan nan nan nan nan nan nan nan nan nan nan nan nan nan nan nan nan nan nan nan nan nan nan nan nan nan nan nan nan nan nan nan nan nan nan nan nan nan nan nan nan
nan nan nan nan nan nan nan nan nan nan nan nan nan nan nan nan nan nan nan nan nan nan nan nan nan nan nan nan nan nan nan nan nan nan nan nan nan nan nan nan nan nan nan nan nan nan nan nan nan nan
nan nan nan nan nan nan nan nan nan nan nan nan nan nan nan nan nan nan nan nan nan nan nan nan nan nan nan nan nan nan nan nan nan nan nan nan nan nan nan nan nan nan nan nan nan nan nan nan nan nan
nan nan nan nan nan nan nan nan nan nan nan nan nan nan nan nan nan nan nan nan nan nan nan nan nan nan nan nan nan nan nan nan nan nan nan nan nan nan nan nan nan nan nan nan nan nan nan nan nan nan
