src/SDSim/tmp/apis13
ncols        196
nrows        122
xllcorner    -12.166618000000
yllcorner    34.999860000000
cellsize     0.083333000000
[rows 44 to 65 of 122, columns 0 to 49 of 196]
nan nan nan nan nan nan nan nan nan nan nan nan nan nan nan nan nan nan nan nan nan nan nan nan nan nan nan nan nan nan nan nan nan nan nan nan nan nan nan nan 0.64719424878636122589 1.6779182939349597259 2.4358934168339287929 4.2877518573735313723 4.2772515545531968328 5.3686406506368919977 4.9112497250354030243 3.034803361790353371 1.9464973547405277632 1.2987589416009814869
nan nan nan nan nan nan nan nan nan nan nan nan nan nan nan nan nan nan nan nan nan nan nan nan nan nan nan nan nan nan nan nan nan nan nan nan nan nan nan nan 0.44268831214527587514 1.161677457558791593 2.0263673510651138976 3.0128463620665071332 3.9791939847390880303 4.5157709821394798055 3.3449770177074897859 4.4982334753573001151 2.09033989507467588 2.4238796922379370891
nan nan nan nan nan nan nan nan nan nan nan nan nan nan nan nan nan nan nan nan nan nan nan nan nan nan nan nan nan nan nan nan nan nan nan nan nan nan nan nan nan 0.77266316743923013632 1.4525911414543342115 2.3150172286362771246 2.2229279675739905819 2.9407880719799619484 2.947335756857707878 4.7823328420793007609 5.3737390166582477136 5.8780099540260044577
nan nan nan nan nan nan nan nan nan nan nan nan nan nan nan nan nan nan nan nan nan nan nan nan nan nan nan nan nan nan nan nan nan nan nan nan nan nan nan nan nan 0.47258230704577131043 0.9880296889069051236 1.5105094967154877317 2.0642025011796052425 2.8673414868383821918 6.7274365081767077967 8.4604613307745371031 9.5224689308014713873 5.6353183093096390621
nan nan nan nan nan nan nan nan nan nan nan nan nan nan nan nan nan nan nan nan nan nan nan nan nan nan nan nan nan nan nan nan nan nan nan nan nan nan nan nan nan 0.27225934270982155017 0.60805172344057323297 1.1434764904117524775 2.0796406411236794121 4.3913674380260152574 5.9994359912464316764 14.005145434443845076 10.806115989271724231 4.7378375175529408025
nan nan nan nan nan nan nan nan nan nan nan nan nan nan nan nan nan nan nan nan nan nan nan nan nan nan nan nan nan nan nan nan nan nan nan nan nan nan nan nan nan nan 0.36624277788873482731 0.80698685881709675272 1.7492070288181835735 3.4638864814054195485 6.9200756741215219137 8.3912521178059780169 12.992271154587799131 8.4866505942448657862
nan nan nan nan nan nan nan nan nan nan nan nan nan nan nan nan nan nan nan nan nan nan nan nan nan nan nan nan nan nan nan nan nan nan nan nan nan nan nan nan nan nan 0.2893000445809885135 0.6723335122167318767 1.1894466529232161633 2.4330413505982679823 4.8089267385528167154 6.0700074079674113392 11.562300112087514847 10.501781853957364632
nan nan nan nan nan nan nan nan nan nan nan nan nan nan nan nan nan nan nan nan nan nan nan nan nan nan nan nan nan nan nan nan nan nan nan nan nan nan nan nan nan 0.1185757104158357278 0.385220934049691488 0.85391672829960130198 1.5656390283901253646 2.2960118535029985232 1.5024079687497002844 2.3525571856099229962 4.3670037377338077889 12.989285713280196433
nan nan nan nan nan nan nan nan nan nan nan nan nan nan nan nan nan nan nan nan nan nan nan nan nan nan nan nan nan nan nan nan nan nan nan nan nan nan nan nan nan nan 0.64227850838655697885 1.5431944369381671578 2.6760110537109911277 2.1251757717511021717 5.6784995233147546045 4.3686684926823238229 7.7312639542652679125 11.136160793742053698
nan nan nan nan nan nan nan nan nan nan nan nan nan nan nan nan nan nan nan nan nan nan nan nan nan nan nan nan nan nan nan nan nan nan nan nan nan nan nan nan nan nan 1.3137472279380788542 2.701108974473846569 5.1589253986873284674 6.6077594441107425638 5.0298192426567256419 4.7725872840781349282 2.6769493339346697169 5.1680564480815407435
nan nan nan nan nan nan nan nan nan nan nan nan nan nan nan nan nan nan nan nan nan nan nan nan nan nan nan nan nan nan nan nan nan nan nan nan nan nan nan nan nan 1.0037965826316073148 1.8124074773700269425 4.5232327386762065657 9.1498148305650079948 8.9810824895240255472 6.4300037590508125618 3.0202792633303925385 4.4478856657838736766 3.610201045026314226
nan nan nan nan nan nan nan nan nan nan nan nan nan nan nan nan nan nan nan nan nan nan nan nan nan nan nan nan nan nan nan nan nan nan nan nan nan nan nan nan 0.80619785431051815827 1.8113741668055201028 3.0774179394320682057 6.0061035937079756408 11.269936428953782226 15.364836086517867031 10.6322391692079119 6.1069849782498506485 5.7173394203364136246 5.0847020255038710701
nan nan nan nan nan nan nan nan nan nan nan nan nan nan nan nan nan nan nan nan nan nan nan nan nan nan nan nan nan nan nan nan nan nan nan nan nan nan nan nan 1.6728020773934806353 3.177807584628540738 4.8763786721302579963 8.0077128096087246689 12.46316774808800254 12.228531731905105673 14.273459910422895192 8.9882970559856758541 6.0055880248043980174 6.571058853518631615
nan nan nan nan nan nan nan nan nan nan nan nan nan nan nan nan nan nan nan nan nan nan nan nan nan nan nan nan nan nan nan nan nan nan nan nan nan nan nan nan 3.2389571824988130366 4.9634938756870505827 6.2585680219908983446 8.1967063607025245631 9.8134921297717827571 7.9053443378885646098 9.8772774830747653851 8.7551620564118852741 6.4810561756785478593 5.3726128577790355223
nan nan nan nan nan nan nan nan nan nan nan nan nan nan nan nan nan nan nan nan nan nan nan nan nan nan nan nan nan nan nan nan nan nan nan nan nan nan nan 2.5012052343903725671 4.6770194237914406443 6.6983749168731145929 9.0209448819256508045 8.7457745415875152162 8.0508240808589039972 5.8871176509020211043 5.882835046288234615 5.2686448558245331242 4.1060354350557499714 3.4278369883504580251
nan nan nan nan nan nan nan nan nan nan nan nan nan nan nan nan nan nan nan nan nan nan nan nan nan nan nan nan nan nan nan nan nan nan nan nan nan nan nan 2.2917316242054548425 5.8683863094614725497 8.7767946379067538487 10.756749464645530168 12.254183063692693167 9.2291028659719405169 6.1169763083433359441 4.0474887480810552987 2.9207165962957315486 1.8526898159161711011 1.9876582631175174765
nan nan nan nan nan nan nan nan nan nan nan nan nan nan nan nan nan nan nan nan nan nan nan nan nan nan nan nan nan nan nan nan nan nan nan nan nan nan nan nan 5.4640506443026497507 8.968097114508566392 11.100923128779388804 13.094376486056363618 9.3406072138794531412 6.7946019464047742176 3.615702722315845552 1.7260996789626457115 1.1178184301570701642 0.85367989545427858111
nan nan nan nan nan nan nan nan nan nan nan nan nan nan nan nan nan nan nan nan nan nan nan nan nan nan nan nan nan nan nan nan nan nan nan nan nan nan nan 2.1184458973340745125 4.2053793505821364107 7.0368944117675944483 10.375296646753627172 9.6074662790875624552 8.8429470044720961397 6.947121400952067205 2.2009710380270188779 2.4460538382470997654 2.2064307934578608617 2.4277013207247404303
nan nan nan nan nan nan nan nan nan nan nan nan nan nan nan nan nan nan nan nan nan nan nan nan nan nan nan nan nan nan nan nan nan nan nan nan nan nan 0.60217818654644028609 1.5485819964732348009 3.0648149477043555855 4.6782810131582834856 6.2082188728484100082 6.238485341274678575 8.2070031274836576785 7.7919776307811083882 6.319061773751391442 6.2387409080160809438 6.4694148497769869977 7.2204143794961819225
nan nan nan nan nan nan nan nan nan nan nan nan nan nan nan nan nan nan nan nan nan nan nan nan nan nan nan nan nan nan nan nan nan nan nan nan nan nan 0.46548279161908751034 1.0386914334580625852 1.6794707336338623449 2.5118772534394588902 3.5343036133295644419 5.0949464918568558858 7.2609004480573480222 7.7652798939700362624 9.6584005661217560146 13.983946753590656087 12.516963321948711751 7.7495615532021302485
nan nan nan nan nan nan nan nan nan nan nan nan nan nan nan nan nan nan nan nan nan nan nan nan nan nan nan nan nan nan nan nan nan nan nan nan nan nan 0.38658360634250882315 0.74694226290319554185 1.1388139956947176401 1.3955467423649501324 2.0302980905247105525 3.0753659231030128218 5.2258154635047775471 9.1410874263242547499 13.08904789668769908 19.193671865879490923 20.599828868615208677 16.501518263191254476
nan nan nan nan nan nan nan nan nan nan nan nan nan nan nan nan nan nan nan nan nan nan nan nan nan nan nan nan nan nan nan nan nan nan nan nan nan nan 0.43667709371443891309 0.79620241068814778806 0.89570895131883387918 0.99242267746103429715 1.1235545627233811672 2.1679674797490342542 3.9931509750276297233 7.1308280187169454933 13.634134579379045604 19.659867601894799094 24.675602390534184138 22.357551861810279092
