src/SDSim/tmp/apis21
ncols        196
nrows        122
xllcorner    -12.166618000000
yllcorner    34.999860000000
cellsize     0.083333000000
[rows 22 to 43 of 122, columns 0 to 49 of 196]
nan nan nan nan nan nan nan nan nan nan nan nan nan nan nan nan nan nan nan nan nan nan nan nan nan nan nan nan nan nan nan nan nan nan nan nan nan nan nan 0.085128358630730233125 nan nan 0.051582298206944952879 0.057781028115470388362 0.047481938776449593431 0.043486220534697889173 0.049824036184762499069 0.066585325550801321981 0.072751881882763380638 0.067736334007732074136
nan nan nan nan nan nan nan nan nan nan nan nan nan nan nan nan nan nan nan nan nan nan nan nan nan nan nan nan nan nan nan nan nan nan nan nan nan nan 0.14841282883930195791 0.17141951723797732576 0.1531235138371882798 0.12005718741874973898 0.11277716154899108947 0.10854205765774725678 0.096960806539736876797 0.091082964931559040611 0.089804370063985602957 0.10722631546487584875 0.11345324865385557345 0.10500338146118724791
nan nan nan nan nan nan nan nan nan nan nan nan nan nan nan nan nan nan nan nan nan nan nan nan nan nan nan nan nan nan nan nan nan nan nan nan 0.11139977783360520414 0.17095624876338785803 0.20539923025371409349 0.22607047817109859889 0.19970190087060996076 0.18104318413302147861 0.17622293710652930931 0.13927181022741175198 0.14214607819982003067 0.14210463987194957292 0.15378869032959879837 0.151679767296324014 0.14646114711747959536 0.15085971082545374111
nan nan nan nan nan nan nan nan nan nan nan nan nan nan nan nan nan nan nan nan nan nan nan nan nan nan nan nan nan nan nan nan nan nan nan 0.055212699378220778113 0.14197873852372164261 0.20022248994222319185 0.22109082621626754972 0.21297169177922092853 0.21680099922552742431 0.18162197200532062547 0.18872097559414871548 0.21431809019506908864 0.21690087515968248244 0.21373985011198612383 0.23239920271427541576 0.25014700384795579557 0.23066991025079819355 0.21230340435830230561
nan nan nan nan nan nan nan nan nan nan nan nan nan nan nan nan nan nan nan nan nan nan nan nan nan nan nan nan nan nan nan nan nan nan nan nan nan 0.16917185038936768948 0.19014544411466460794 0.18524073691204573366 0.17329750912920321992 0.19622370412578962751 0.21583935491081160385 0.27003201987157726682 0.31398713564988101066 0.36049674233163170323 0.40918343408570234665 0.43500701643151101772 0.43975585864108340806 0.31195501984645607196
nan nan nan nan nan nan nan nan nan nan nan nan nan nan nan nan nan nan nan nan nan nan nan nan nan nan nan nan nan nan nan nan nan nan nan nan nan 0.087396077266925595306 0.14102239354512224878 0.13663262845683549207 0.15365878914609071293 0.16958074878900930571 0.21043824326527479918 0.2669873987951674188 0.34768824158754824127 0.48370170925719702115 0.50536472451219183188 0.53699708382748578828 0.52646053760374422748 0.4551393582975418739
nan nan nan nan nan nan nan nan nan nan nan nan nan nan nan nan nan nan nan nan nan nan nan nan nan nan nan nan nan nan nan nan nan nan nan nan nan 0.049659123480258790528 0.0862619981895823007 0.09919799708516778558 0.11459033462576415086 0.11398124187748516489 0.18291355018848567959 0.24295195190009644115 0.31594671752837033551 0.42970664165727218142 0.52545192710735233454 0.51957370462395813249 0.44955498740906013611 0.34728811029265677091
nan nan nan nan nan nan nan nan nan nan nan nan nan nan nan nan nan nan nan nan nan nan nan nan nan nan nan nan nan nan nan nan nan nan nan nan nan nan 0.040857214031972038937 0.060984492827676595184 0.075649052398766902794 0.10749771311287945053 0.14619704172803027475 0.22613715717192006682 0.27292188149299034805 0.26410489745866688738 0.47765029876626780014 0.54824286434047830863 0.41664940060445931902 0.28652084339921968237
nan nan nan nan nan nan nan nan nan nan nan nan nan nan nan nan nan nan nan nan nan nan nan nan nan nan nan nan nan nan nan nan nan nan nan nan nan nan nan nan 0.085594366999596466217 0.13702149320724310577 0.20334028727938024961 0.23980861768878514173 0.22849505529005836868 0.2580203447495593716 0.21493636171682634073 0.50994160306416280726 0.54178417985531701628 0.37375888592584599612
nan nan nan nan nan nan nan nan nan nan nan nan nan nan nan nan nan nan nan nan nan nan nan nan nan nan nan nan nan nan nan nan nan nan nan nan nan nan nan nan 0.15814417255106424931 0.23685915911834293235 0.30548262612399007532 0.4089854277845911823 0.36698348698254174005 0.25086114318058894135 0.31939733664077535336 0.66732064865805051923 0.8433734017380439818 0.65148854752124008005
nan nan nan nan nan nan nan nan nan nan nan nan nan nan nan nan nan nan nan nan nan nan nan nan nan nan nan nan nan nan nan nan nan nan nan nan nan nan nan 0.062879033226780442489 0.23541621858330480377 0.36390953540829423796 0.59183674883795589494 0.64643793796056026046 0.64707579862543052052 0.38864785403537316366 0.48059910221927981677 1.1191176723682374483 1.4302777497048562161 1.7775480489663548767
nan nan nan nan nan nan nan nan nan nan nan nan nan nan nan nan nan nan nan nan nan nan nan nan nan nan nan nan nan nan nan nan nan nan nan nan nan nan nan nan nan 0.63215994585392198957 0.86242173306001101984 1.0704160113492833251 1.0970893274763175995 0.54861987779588705649 0.74142961624876857485 1.4388926438800593299 3.8786548321318905508 2.6389223756488640049
nan nan nan nan nan nan nan nan nan nan nan nan nan nan nan nan nan nan nan nan nan nan nan nan nan nan nan nan nan nan nan nan nan nan nan nan nan nan nan 0.33066919005859690683 0.63347844557686261435 nan 1.4062218848014247374 1.9903289095117928653 1.4978582266656985666 1.2826448485465271609 0.88406106835797138022 2.7024212755095384786 4.6442355519813514064 3.3729935263078796304
nan nan nan nan nan nan nan nan nan nan nan nan nan nan nan nan nan nan nan nan nan nan nan nan nan nan nan nan nan nan nan nan nan nan nan nan nan nan nan nan 1.0602981773402784249 1.6694145540106375414 2.3600898703483341734 3.4115290772766400096 2.9821107515922840037 2.4345277298865526383 2.3696998908739761447 3.532105337136576928 2.8899659593048960815 2.6549077816920667594
nan nan nan nan nan nan nan nan nan nan nan nan nan nan nan nan nan nan nan nan nan nan nan nan nan nan nan nan nan nan nan nan nan nan nan nan nan nan nan nan 1.1348859228911825081 2.1272577226810369666 3.2511526474051475333 4.409727590313862855 5.1973065298520566557 3.2165891283058622996 5.2423842830383069469 2.509219278339429593 1.2201823433972776023 0.732128305023612036
nan nan nan nan nan nan nan nan nan nan nan nan nan nan nan nan nan nan nan nan nan nan nan nan nan nan nan nan nan nan nan nan nan nan nan nan nan nan nan 0.59416685926305790044 1.4331680146195249215 2.324028867738479498 3.5197574783858884828 4.7831318861423390842 4.437956691611077531 5.2737114950187118367 1.6774749236884913817 0.84471089921325792638 0.35381206618669169828 0.23152127994600757432
nan nan nan nan nan nan nan nan nan nan nan nan nan nan nan nan nan nan nan nan nan nan nan nan nan nan nan nan nan nan nan nan nan nan nan nan nan nan nan 0.63309782687304216875 1.2745677841007561071 2.1566828268031756899 2.5069613432154156385 2.66796674162576819 3.0243888404119352309 2.1160547090511911961 0.87442704087431710747 0.53502162669102237835 0.33176517710644909398 0.29012101337909723675
nan nan nan nan nan nan nan nan nan nan nan nan nan nan nan nan nan nan nan nan nan nan nan nan nan nan nan nan nan nan nan nan nan nan nan nan nan nan nan nan 1.2992629546495155779 1.8508885030802066929 1.9751525747597451499 2.3258446857276067199 5.1449634758415871971 4.1171205565627451151 2.0620090685863963209 1.2568153660492649148 0.45101764850349701508 0.16400061486975295311
nan nan nan nan nan nan nan nan nan nan nan nan nan nan nan nan nan nan nan nan nan nan nan nan nan nan nan nan nan nan nan nan nan nan nan nan nan nan nan 0.56795465100499342714 1.1042021480271537737 1.4879153673018461479 2.7486736462662437752 3.8308215415625714861 4.5922603588556203391 5.1748250815702681038 2.25539874799507567 0.58131136019817997163 0.21890270062159755682 0.092446850055632662224
nan nan nan nan nan nan nan nan nan nan nan nan nan nan nan nan nan nan nan nan nan nan nan nan nan nan nan nan nan nan nan nan nan nan nan nan nan nan nan 0.59078308524139588886 1.1819704083667896821 1.8861895594925344177 2.509087534793653429 2.6597119548612626616 3.9529819016241929397 3.3259626669870132609 2.288567533739711557 0.76797554065801731937 0.27288804039981806593 0.28594330392800182405
nan nan nan nan nan nan nan nan nan nan nan nan nan nan nan nan nan nan nan nan nan nan nan nan nan nan nan nan nan nan nan nan nan nan nan nan nan nan nan nan 1.3545302856487237975 2.5233046763234776577 3.1035528283850988274 4.0761729970846465321 4.549431037610020212 4.1085083878456289952 2.5305995507052818638 1.3994852275543521181 0.62832851786066734601 0.11316479512485996817
nan nan nan nan nan nan nan nan nan nan nan nan nan nan nan nan nan nan nan nan nan nan nan nan nan nan nan nan nan nan nan nan nan nan nan nan nan nan nan nan 1.4711828064444552044 2.657359764441717509 4.2624649176309246101 4.7039700969001136954 5.1358277935649212509 3.0779256456630501582 2.4919430987443744741 2.077643255730350802 0.62482303011724593667 0.32580380184091584095
