src/SDSim/tmp/apis21
ncols        196
nrows        122
xllcorner    -12.166618000000
yllcorner    34.999860000000
cellsize     0.083333000000
[rows 88 to 109 of 122, columns 100 to 149 of 196]
13.200217584410857796 11.632183636398012894 10.054700432602697191 6.2194692734907475185 3.8932558913146078083 8.2445432160087221973 13.029423847854483043 17.525624870433901492 18.046518302758258301 7.906253544852069659 3.3441127167386319741 3.1350226220712325009 4.4032471086996718412 3.8611176933285333845 3.3351565158776210751 2.3588612675764979443 1.2966480470590049379 0.9261308162262870125 0.77942162356219557573 1.060854021304730388 2.3971670395329240932 4.9879622048818035296 11.109448363517378411 30.77447868399942621 37.214396504811588784 44.065816665507092864 49.8531292556179082 64.524791637613972739 100 99.812493552861724311 97.465488476738556756 97.388092097716736362 95.026887029354767833 100 96.548109576150721978 87.59061537258099861 nan nan nan nan nan nan nan nan nan nan nan nan nan nan
7.378844292486667733 6.964044715269358754 6.3660463060930867485 2.7539621348396883249 1.8128467036234390264 3.2465158015572503913 6.3447578101235642123 7.2635454713020983775 10.793042531281107799 12.669554785504704597 6.2786031390870160607 6.380925614767196663 7.2671765412883129187 7.6992239255642740403 6.4514131034320678637 3.260442612348196878 1.9080363423571968795 1.3240743718865262135 1.0023008781492444008 1.2656290908178773336 2.4992791604212811762 3.8623009967272765586 13.96737335110320366 39.473552136113752908 68.820319820750199824 82.61199551712469713 76.583799035657918353 100 100 99.835262947658392818 100 87.451402067390333173 88.921202049459552086 100 97.273849681435294201 nan nan nan nan nan nan nan nan nan nan nan nan nan nan nan
2.2404913091432638872 2.4622923943674654979 3.132049971322921067 1.7954067484901856666 1.3480188415386971101 2.1158128891379113234 2.6148050314879669465 4.7898851404054569869 7.8522052484653750426 8.7898342372982511961 8.0413893828076368209 9.0439687428421855486 14.641798164056940124 16.237435379298510441 8.3775892680931889345 3.8407629904404787524 1.5193318778681896841 1.2647857969323759164 1.3316690591561379797 2.0045016740401835342 4.5966211025192880157 8.5239864383458918695 14.493257372093752977 37.415522078410440088 69.178746334051510303 100 98.537312933133705428 96.503767493109734232 69.802249396173152718 100 84.262278128882769579 72.554213475622447049 73.45169021445856572 100 81.845349789794084927 62.016485442578655807 14.71378479672174322 nan nan nan nan nan nan nan nan nan nan nan nan nan
1.2187258498364101911 1.1255650079142638376 1.1524147177639041395 0.95262237807363403519 0.9152812664275571386 1.3414111578244425349 2.2899279415884956634 3.3208862291418115298 4.121753301705874506 8.4576039998543208753 11.362248416995948119 11.086107476149305029 15.749247127136701607 14.377296673679618166 8.6550215696116925557 4.5818571474801794707 2.6188462021557539217 2.4411773061539725482 3.6422143576534558029 5.1875364098571372651 7.9304038249786623638 14.987995370590216027 29.240500675796972985 53.031658133466606841 100 100 98.368529714560338562 66.446537783705878155 85.215718210671624888 72.476347577512058251 40.493882280362718973 nan 36.772821254128899682 nan 51.811271156627505263 nan nan nan nan nan nan nan nan nan nan nan nan nan nan nan
1.023925102860542502 0.7899406290717450041 0.76207497195177675842 0.67334976850323946529 0.71608570482401501245 0.82475659086335850745 1.2557281507676707477 2.4854611686531953296 4.1328047067035766915 4.5676643890024122285 4.3859034243594132718 5.2556603000280244231 10.96312140158567594 9.3744400344689360338 5.5475101871583989421 3.5791334981539311144 3.6485758790276912045 5.7168696045256393035 11.680429061066831764 23.485692087669807648 31.729004754805639976 54.208678884961628341 75.015661921663422618 100 100 100 100 80.606827245161767337 46.415724030980470616 nan nan nan nan nan nan nan nan nan nan nan nan nan nan nan nan nan nan nan nan nan
1.4311505356637446162 1.5136063268038508767 0.80942961660561041359 0.68395072912461851722 0.58766332679654909033 0.60013966823586661903 1.0436005029877917227 2.0002141918816258581 3.0302464936572253151 2.2640001951403125879 1.884991773456029085 1.7917790171557934631 3.5734957636096957856 5.1533328871011505612 4.5226403067490847931 4.4947393484792952378 7.8339355352884307848 12.549360138429424438 29.800051388884305936 59.788094850052793561 82.566702437603055387 100 100 100 100 100 88.07633953679588501 nan nan nan nan nan nan nan nan nan nan nan nan nan nan nan nan nan nan nan nan nan nan nan
2.2673092001583987631 2.5435686484135753282 1.9493070728374912726 0.87330776835254941837 0.51365177002671358331 0.57337227032949211747 0.85923485893494411236 1.4899411794699419787 1.8374267633268468458 1.5107713455783442491 0.76295228528594771777 0.61413346992636652644 1.2276587340625413347 1.9895053812807812488 2.1791797487224213725 2.6142867768381004012 5.4343850439010266129 9.8946148494015879749 21.237389955889739213 48.390353743047811008 87.343907554716395225 99.127026573977900625 100 100 97.925387541943393899 87.406272734095921351 nan nan nan nan nan nan nan nan nan nan nan nan nan nan nan nan nan nan nan nan nan nan nan nan
5.350723316037595545 3.7833942378470069023 3.169101898094872638 1.9367875502872280435 0.99376073855656399392 0.67930104545302061325 0.56725702163564106772 0.85010346905265365969 1.0398432114021989303 1.078338148126303242 1.001689448479858191 0.87196854521593958331 0.7249093313611618683 0.82559370727229031139 0.88231604853807910072 1.0152911642493913646 1.8116736770995987005 3.1669249896318980575 11.743217294508021098 26.882918103861562997 50.12835759332530472 99.722520366764882738 98.831955992464941119 95.291330360414093548 75.56422624127478116 nan nan nan nan nan nan nan nan nan nan nan nan nan nan nan nan nan nan nan nan nan nan nan nan nan
5.5089263015582972116 5.2560102319609871557 4.4384723180972862622 3.2007315505374660525 1.8337216716629312074 0.85737377658324220864 0.41711768606291771411 0.26734925511697699152 0.48017206419672597839 0.65817299688250208156 0.75552189406916225867 1.2801093008097730319 1.9165383960723096912 2.0580693769083708844 2.0092759012224528092 2.5594008706755602134 6.2112484340540996541 8.7491934603032959217 13.472519695440899667 30.871596923350807629 49.842762295178125953 77.041365422353663917 98.19828303431711447 64.444551075048480016 nan nan nan nan nan nan nan nan nan nan nan nan nan nan nan nan nan nan nan nan nan nan nan nan nan nan
4.4814333162401380761 6.0373881594248137716 5.2344809930556746025 4.3774279384485392796 2.3425122943994414193 0.92856015714058059984 0.65640764790664818396 0.24631224845867888407 0.17595959462774307669 0.21088948867330425951 0.232825209111499426 0.27111289548921696513 0.82549134018645631272 1.5942431859499290869 4.6796647451895756475 9.3798378687930554776 13.211706481775092215 18.620687830316096978 20.784168362034364463 28.615664237666731395 45.395187984753803789 58.289004819211477582 42.070102306530138492 36.053505329807634894 nan nan nan nan nan nan nan nan nan nan nan nan nan nan nan nan nan nan nan nan nan nan nan nan nan nan
3.0398102660585331058 4.3352528484003753917 9.2299739881639837336 13.285397429285461968 8.2055982636211624026 5.2961736980386628915 2.6413000294148445413 1.5786537308005375024 1.0127374867622145338 1.1960385082018021308 0.50820035556532250354 0.35282946273285081817 0.81345600364030601348 1.7324382167865153281 5.8309582751569735137 13.200900423730288935 11.961345764759666821 14.5233917474936014 19.438355128245085268 22.096373544351163076 28.387592167283841604 33.942018718845631042 25.80456981325771082 nan nan nan nan nan nan nan nan nan nan nan nan nan nan nan nan nan nan nan nan nan nan nan nan nan nan nan
3.9629407925981987582 8.3345019115046934388 13.1425933865013711 27.174352211815271829 18.195396861843917691 5.0520814001333977927 3.86231861561938139 3.1982117943340688804 2.0208798471000717356 1.9803830874066221668 1.8753785342296056537 0.92772095419905242775 1.8191412071305153031 3.9036657917421369035 6.4563571044946010957 7.6965045293280045513 5.4319001142685845451 nan 8.5091865349628843518 14.839762476627608834 18.194768597626598705 15.817609843802150849 nan nan nan nan nan nan nan nan nan nan nan nan nan nan nan nan nan nan nan nan nan nan nan nan nan nan nan nan
8.2730947611261758112 12.263877196429627148 16.947415337544832425 14.066922888973017791 16.369091183304806947 11.79577643888524463 6.2853420148159715453 3.5645580861144510187 2.2437242796999421479 1.5498901514720428985 1.0686005251931682825 1.0980944825258336373 1.5786985088910965302 2.2168371091729728306 nan nan nan nan nan 7.4118799895558886703 8.2169027960066784999 nan nan nan nan nan nan nan nan nan nan nan nan nan nan nan nan nan nan nan nan nan nan nan nan nan nan nan nan nan
nan nan nan nan nan nan nan nan nan nan nan nan nan nan nan nan nan nan nan nan nan nan nan nan nan nan nan nan nan nan nan nan nan nan nan nan nan nan nan nan nan nan nan nan nan nan nan nan nan nan
nan nan nan nan nan nan nan nan nan nan nan nan nan nan nan nan nan nan nan nan nan nan nan nan nan nan nan nan nan nan nan nan nan nan nan nan nan nan nan nan nan nan nan nan nan nan nan nan nan nan
nan nan nan nan nan nan nan nan nan nan nan nan nan nan nan nan nan nan nan nan nan nan nan nan nan nan nan nan nan nan nan nan nan nan nan nan nan nan nan nan nan nan nan nan nan nan nan nan nan nan
nan nan nan nan nan nan nan nan nan nan nan nan nan nan nan nan nan nan nan nan nan nan nan nan nan nan nan nan nan nan nan nan nan nan nan nan nan nan nan nan nan nan nan nan nan nan nan nan nan nan
nan nan nan nan nan nan nan nan nan nan nan nan nan nan nan nan nan nan nan nan nan nan nan nan nan nan nan nan nan nan nan nan nan nan nan nan nan nan nan nan nan nan nan nan nan nan nan nan nan nan
nan nan nan nan nan nan nan nan nan nan nan nan nan nan nan nan nan nan nan nan nan nan nan nan nan nan nan nan nan nan nan nan nan nan nan nan nan nan nan nan nan nan nan nan nan nan nan nan nan nan
nan nan nan nan nan nan nan nan nan nan nan nan nan nan nan nan nan nan nan nan nan nan nan nan nan nan nan nan nan nan nan nan nan nan nan nan nan nan nan nan nan nan nan nan nan nan nan nan nan nan
nan nan nan nan nan nan nan nan nan nan nan nan nan nan nan nan nan nan nan nan nan nan nan nan nan nan nan nan nan nan nan nan nan nan nan nan nan nan nan nan nan nan nan nan nan nan nan nan nan nan
nan nan nan nan nan nan nan nan nan nan nan nan nan nan nan nan nan nan nan nan nan nan nan nan nan nan nan nan nan nan nan nan nan nan nan nan nan nan nan nan nan nan nan nan nan nan nan nan nan nan
