src/SDSim/tmp/apis18
ncols        196
nrows        122
xllcorner    -12.166618000000
yllcorner    34.999860000000
cellsize     0.083333000000
[rows 22 to 43 of 122, columns 0 to 49 of 196]
nan nan nan nan nan nan nan nan nan nan nan nan nan nan nan nan nan nan nan nan nan nan nan nan nan nan nan nan nan nan nan nan nan nan nan nan nan nan nan 0.19555956899803131344 nan nan 0.10196119421848780229 0.10031596764876175853 0.072956962880980427699 0.072871919963097733786 0.13712912481882338911 0.24178731832706407134 0.28776757737431069017 0.24543055530420068711
nan nan nan nan nan nan nan nan nan nan nan nan nan nan nan nan nan nan nan nan nan nan nan nan nan nan nan nan nan nan nan nan nan nan nan nan nan nan 0.32965133383089145758 0.39259374998220025743 0.35581537286296643918 0.26832555075749581208 0.22764313377715800213 0.18801117925574747924 0.14166612546581089371 0.13183531080711002881 0.15402215387552298242 0.21709817326129707271 0.24229930201913760235 0.21546875053385819432
nan nan nan nan nan nan nan nan nan nan nan nan nan nan nan nan nan nan nan nan nan nan nan nan nan nan nan nan nan nan nan nan nan nan nan nan 0.21072902434530191296 0.3511971205246918748 0.45361376860700991509 0.52240250751955763509 0.47110248701617440936 0.41609101633466205605 0.36585308337874034024 0.24183996881050973116 0.20003023211740292298 0.17368845966143781068 0.18701315509489085942 0.19783284452052171676 0.20198679147538628476 0.20911512803611420619
nan nan nan nan nan nan nan nan nan nan nan nan nan nan nan nan nan nan nan nan nan nan nan nan nan nan nan nan nan nan nan nan nan nan nan 0.10029693507592556123 0.28069947279430584874 0.42795956441115173829 0.51172742562662698607 0.52033584815306521687 0.54167037098793935357 0.43962835693599516818 0.40907921942750424815 0.38361808968284055732 0.30938972774447470737 0.25093765397645956261 0.24647081333770778921 0.26323256446971221578 0.2519301337992865264 0.23935577275798061714
nan nan nan nan nan nan nan nan nan nan nan nan nan nan nan nan nan nan nan nan nan nan nan nan nan nan nan nan nan nan nan nan nan nan nan nan nan 0.42312014673912134999 0.51426907413503553101 0.52385504491040479902 0.49290313694402426714 0.52898811429477798907 0.50734186080325960333 0.51710870158271171615 0.47393374548678124381 0.43649877538335646321 0.42605786192002920165 0.42631003259376154535 0.43551930282888351442 0.3177989019812834659
nan nan nan nan nan nan nan nan nan nan nan nan nan nan nan nan nan nan nan nan nan nan nan nan nan nan nan nan nan nan nan nan nan nan nan nan nan 0.30026224657004274565 0.4958503809750495761 0.49253555844282720377 0.5327855237061642768 0.52783695163361554759 0.54991437676879495466 0.56387814832664029385 0.56781177194337217884 0.61537220179841978229 0.52895794977716037444 0.50320711518292238207 0.48287857150847057763 0.42866479424124059872
nan nan nan nan nan nan nan nan nan nan nan nan nan nan nan nan nan nan nan nan nan nan nan nan nan nan nan nan nan nan nan nan nan nan nan nan nan 0.22756139823482485207 0.40463566241505938281 0.46181039114018074265 0.47854300626129664398 0.39540865531582325421 0.52328874603347386163 0.56180758221439874855 0.5629278904597426747 0.56682421112527581197 0.53235946391964750202 0.4474413590534064844 0.3634237397705943895 0.28483255700654674936
nan nan nan nan nan nan nan nan nan nan nan nan nan nan nan nan nan nan nan nan nan nan nan nan nan nan nan nan nan nan nan nan nan nan nan nan nan nan 0.22839142611402699079 0.30306557955005375415 0.30377905162103752135 0.34779670637192566796 0.39988022976067294501 0.53367049930914767231 0.50916532885567411526 0.35205141008950396886 0.44531916633329854394 0.39589436321306803457 0.2647834905212283485 0.17874191174290965378
nan nan nan nan nan nan nan nan nan nan nan nan nan nan nan nan nan nan nan nan nan nan nan nan nan nan nan nan nan nan nan nan nan nan nan nan nan nan nan nan 0.22156631971574106132 0.30585751287220486194 0.4384745796013163055 0.48958403367324931921 0.40158240870514150256 0.3264171511163929118 0.16399455010827151957 0.27306374749693329562 0.2424265924142058326 0.1604690279874815273
nan nan nan nan nan nan nan nan nan nan nan nan nan nan nan nan nan nan nan nan nan nan nan nan nan nan nan nan nan nan nan nan nan nan nan nan nan nan nan nan 0.215501963663905588 0.34927935457831460475 0.48140267572519979122 0.66184527386712066477 0.55290621388250593693 0.28017526674702325495 0.19000091136505220524 0.25137023604555663869 0.26304365081609260013 0.19903550089337337936
nan nan nan nan nan nan nan nan nan nan nan nan nan nan nan nan nan nan nan nan nan nan nan nan nan nan nan nan nan nan nan nan nan nan nan nan nan nan nan 0.070098950360044071095 0.25215493022246976418 0.41767176676597156382 0.7258280681847788518 0.84505447474470674063 0.82600411109340998728 0.38142539509228395866 0.25080979022950433688 0.34778789422695471911 0.36617070618355862521 0.44532825846132295666
nan nan nan nan nan nan nan nan nan nan nan nan nan nan nan nan nan nan nan nan nan nan nan nan nan nan nan nan nan nan nan nan nan nan nan nan nan nan nan nan nan 0.59115962056673154734 0.91984929623016153943 1.1794273309990299659 1.1863604625225694367 0.49235371407262251697 0.38840935539858900682 0.44823818277638666219 0.95848326441280484733 0.62015364006064577218
nan nan nan nan nan nan nan nan nan nan nan nan nan nan nan nan nan nan nan nan nan nan nan nan nan nan nan nan nan nan nan nan nan nan nan nan nan nan nan 0.20775141625707443938 0.43985177957172183483 nan 1.3202308747893367613 1.9482524302878756473 1.4322070165278448783 1.0800189429421771514 0.51277824288418838439 0.99565692956162421545 1.2836812829000496805 0.78432088218246276412
nan nan nan nan nan nan nan nan nan nan nan nan nan nan nan nan nan nan nan nan nan nan nan nan nan nan nan nan nan nan nan nan nan nan nan nan nan nan nan nan 0.76321802237948976888 1.3701076431281109524 2.1396891201320817899 3.1669393434482087102 2.7159122239835942203 1.9933501004518205946 1.5398542889088637775 1.6971515653767681453 0.96510044141658413164 0.65415340554677425811
nan nan nan nan nan nan nan nan nan nan nan nan nan nan nan nan nan nan nan nan nan nan nan nan nan nan nan nan nan nan nan nan nan nan nan nan nan nan nan nan 0.96761059106548008568 1.8782098753133478208 3.0110476706884332643 4.1120683096753420926 4.6911573965907873429 2.6751460442107792836 3.7624141956283785326 1.4426441951373798478 0.50113002864836431183 0.20886076378668416709
nan nan nan nan nan nan nan nan nan nan nan nan nan nan nan nan nan nan nan nan nan nan nan nan nan nan nan nan nan nan nan nan nan nan nan nan nan nan nan 0.58263615041356020541 1.414965343960702171 2.3109090104173488633 3.5105107020647143834 4.662310711724438228 4.1363430835908188143 4.5521990545746291446 1.3210324846204721805 0.57474924115640335653 0.19451107607867260119 0.094897884639902410631
nan nan nan nan nan nan nan nan nan nan nan nan nan nan nan nan nan nan nan nan nan nan nan nan nan nan nan nan nan nan nan nan nan nan nan nan nan nan nan 0.69285428233231105555 1.4431409395978176402 2.4956331787355585661 2.8367591187065408498 2.9141385747321351118 3.1381447970094789035 2.1329896805440133889 0.83788651345224196554 0.48343694593044400643 0.2697879167165136427 0.18663352587216019973
nan nan nan nan nan nan nan nan nan nan nan nan nan nan nan nan nan nan nan nan nan nan nan nan nan nan nan nan nan nan nan nan nan nan nan nan nan nan nan nan 1.7139553394538988851 2.5330884764315717561 2.6755089051872502637 2.9953108445575047369 6.2626616499675789029 4.8022575782347605156 2.3282495457030836228 1.3435691785656991293 0.44730305252276009176 0.15271614552304063617
nan nan nan nan nan nan nan nan nan nan nan nan nan nan nan nan nan nan nan nan nan nan nan nan nan nan nan nan nan nan nan nan nan nan nan nan nan nan nan 0.77109734006634333969 1.554607743895911387 2.182865990376126053 4.1132279957174917584 5.4495023321262729965 6.1511773969117502503 6.6842886470897893147 2.8728211840052324533 0.75001706080649221953 0.30166885459524506174 0.1502168813982890927
nan nan nan nan nan nan nan nan nan nan nan nan nan nan nan nan nan nan nan nan nan nan nan nan nan nan nan nan nan nan nan nan nan nan nan nan nan nan nan 0.74213603837807995411 1.5086713246367338126 2.535113220040471127 3.5498497223768854525 3.841031881206545151 5.7446853612999406735 4.8979912706046464521 3.5160898698799454287 1.3105513294897221943 0.55526637522571475891 0.70834625780354665281
nan nan nan nan nan nan nan nan nan nan nan nan nan nan nan nan nan nan nan nan nan nan nan nan nan nan nan nan nan nan nan nan nan nan nan nan nan nan nan nan 1.3346820435307047426 2.6130643500485262187 3.616450997789141919 5.3187964448366180648 6.5436334166549166014 6.4793412143710913398 4.5418707057580469666 2.9011099190966471717 1.5641252758429151637 0.33896829990956511836
nan nan nan nan nan nan nan nan nan nan nan nan nan nan nan nan nan nan nan nan nan nan nan nan nan nan nan nan nan nan nan nan nan nan nan nan nan nan nan nan 0.92227328583139234208 1.8819461325556792186 3.6570123175811901639 4.9309732510245565251 6.3953424561191241082 4.5841960380375565975 4.5560930458029842427 4.7999069709969006681 1.7429338790451121 1.1410316492658194587
