src/SDSim/tmp/apis11
ncols        196
nrows        122
xllcorner    -12.166618000000
yllcorner    34.999860000000
cellsize     0.083333000000
[rows 22 to 43 of 122, columns 0 to 49 of 196]
nan nan nan nan nan nan nan nan nan nan nan nan nan nan nan nan nan nan nan nan nan nan nan nan nan nan nan nan nan nan nan nan nan nan nan nan nan nan nan 0.77910750548129203974 nan nan 0.21293419333015314865 0.15782871752975399793 0.086265806225474403468 0.091346218980226628892 0.26481339991782332222 0.514290658603809403 0.6215704534502823897 0.51112087143501339082
nan nan nan nan nan nan nan nan nan nan nan nan nan nan nan nan nan nan nan nan nan nan nan nan nan nan nan nan nan nan nan nan nan nan nan nan nan nan 1.1763801890793303961 1.4337089659602644254 1.2432125321196243473 0.73564200969858206669 0.47475432563262875973 0.2970874764776345045 0.16560977028606688188 0.14878491521925216179 0.21132445554445081215 0.34682026676239269269 0.42353000663721812602 0.40906253433049333257
nan nan nan nan nan nan nan nan nan nan nan nan nan nan nan nan nan nan nan nan nan nan nan nan nan nan nan nan nan nan nan nan nan nan nan nan 0.4467309735604121923 0.92140964793708379776 1.3500983067851937136 1.6197049019144487136 1.3753077118967504955 1.0542196116702942099 0.7396156227260998195 0.38215450946083839856 0.24276385601783345702 0.17393236031915726425 0.20102343661016738863 0.27129507302282640513 0.35779007212503649571 0.45406043810078966505
nan nan nan nan nan nan nan nan nan nan nan nan nan nan nan nan nan nan nan nan nan nan nan nan nan nan nan nan nan nan nan nan nan nan nan 0.19438497355663131305 0.59022510202905931198 0.97329642377421199395 1.2268458667439789966 1.2534026211565005848 1.2357620867178393809 0.91383701355801028043 0.74989541676772208945 0.60161703752803641354 0.39670498582374735808 0.26774384723365329819 0.26762951184103411784 0.37486872093759648905 0.49327472442903846916 0.60750710664714602238
nan nan nan nan nan nan nan nan nan nan nan nan nan nan nan nan nan nan nan nan nan nan nan nan nan nan nan nan nan nan nan nan nan nan nan nan nan 0.91607434943366883306 1.1021323713631590024 1.057110000201704203 0.91829614591724728623 0.92064333272224696536 0.842544152512216038 0.79801203153445543492 0.65196658615861269315 0.53288892236426554927 0.51845381198463014183 0.63543995216262516568 0.8820418619774309521 0.8326444528824692437
nan nan nan nan nan nan nan nan nan nan nan nan nan nan nan nan nan nan nan nan nan nan nan nan nan nan nan nan nan nan nan nan nan nan nan nan nan 0.7146462753628555209 1.1238536124992195564 0.98922647229700144678 0.92142561718805171544 0.82384739915825411227 0.83499581340856710021 0.85710137003409769818 0.84927469043616155009 0.88594573888790750793 0.74536870231287100097 0.7794052188702115247 0.93683535300529630074 1.0664349317184569355
nan nan nan nan nan nan nan nan nan nan nan nan nan nan nan nan nan nan nan nan nan nan nan nan nan nan nan nan nan nan nan nan nan nan nan nan nan 0.59596573262036545149 1.0042235826570868884 1.0036704288008242436 0.83444590597756729267 0.5718044343614787639 0.72000816944657042296 0.83370942204809073139 0.90969691432471444514 0.94937351726216878678 0.86051923502399252364 0.7158252483309210934 0.65258042526748172296 0.61655653112710862018
nan nan nan nan nan nan nan nan nan nan nan nan nan nan nan nan nan nan nan nan nan nan nan nan nan nan nan nan nan nan nan nan nan nan nan nan nan nan 0.59445882112219927684 0.66638369067923652889 0.5063871845579976938 0.45039727341663532423 0.49275713377277835514 0.75160616574832883607 0.8431861602608633488 0.62928098155750411546 0.77750677075406859906 0.62844979413214374642 0.41494631445310098394 0.31133770813232553021
nan nan nan nan nan nan nan nan nan nan nan nan nan nan nan nan nan nan nan nan nan nan nan nan nan nan nan nan nan nan nan nan nan nan nan nan nan nan nan nan 0.3083985069577430127 0.34187354673334335864 0.49570095271709369023 0.64908350482157795014 0.62457505212048491927 0.56692320098291848485 0.27471479868012310677 0.40535285231014872576 0.32847853175337016207 0.23394597983119408413
nan nan nan nan nan nan nan nan nan nan nan nan nan nan nan nan nan nan nan nan nan nan nan nan nan nan nan nan nan nan nan nan nan nan nan nan nan nan nan nan 0.21242256266786863073 0.3736589641596481659 0.57533709314012804192 0.89772088537744110237 0.84519014795737801293 0.46020563234916472828 0.29640271577425170157 0.3265567906166394474 0.31375462708939366729 0.26996993403859409488
nan nan nan nan nan nan nan nan nan nan nan nan nan nan nan nan nan nan nan nan nan nan nan nan nan nan nan nan nan nan nan nan nan nan nan nan nan nan nan 0.059982101857603116468 0.25382873812228118338 0.4967902127172264537 0.97813870980627892759 1.287446671016228894 1.3496007234097342486 0.64499326839736337291 0.381942026358763842 0.41147910884466271098 0.38336886984579809923 0.53355130494497393645
nan nan nan nan nan nan nan nan nan nan nan nan nan nan nan nan nan nan nan nan nan nan nan nan nan nan nan nan nan nan nan nan nan nan nan nan nan nan nan nan nan 0.73859943500886449108 1.3580830079822858725 1.8884558176528065676 2.0296560799621632398 0.83644465718420624167 0.580889520942330706 0.49856155620852765642 0.89540145052140018844 0.63887239450588950707
nan nan nan nan nan nan nan nan nan nan nan nan nan nan nan nan nan nan nan nan nan nan nan nan nan nan nan nan nan nan nan nan nan nan nan nan nan nan nan 0.17942370708064117601 0.4375587674027762719 nan 1.9103832907201341307 3.0464706312421969692 2.2999050589147613799 1.7187245720437804852 0.70730086644034928511 1.1043070720197407653 1.1691217115029000073 0.69612861418793570145
nan nan nan nan nan nan nan nan nan nan nan nan nan nan nan nan nan nan nan nan nan nan nan nan nan nan nan nan nan nan nan nan nan nan nan nan nan nan nan nan 0.77685513943083761568 1.6901303433368819462 3.0337877569726008353 4.6929605809919676673 4.0724486536974966455 2.8257733505257660589 1.9845284539167327154 1.8994017025492635486 0.93000873712812903715 0.54628350181360241233
nan nan nan nan nan nan nan nan nan nan nan nan nan nan nan nan nan nan nan nan nan nan nan nan nan nan nan nan nan nan nan nan nan nan nan nan nan nan nan nan 1.081712756448236501 2.4037820282420052642 4.303887509576213688 6.0380001632108548648 6.6746664171067431326 3.5650374724751112687 4.5740037871033782935 1.6443330055138485335 0.50994306492613095116 0.184466570209115166
nan nan nan nan nan nan nan nan nan nan nan nan nan nan nan nan nan nan nan nan nan nan nan nan nan nan nan nan nan nan nan nan nan nan nan nan nan nan nan 0.61484873805631989896 1.6738236149936001063 3.1453704477225352676 5.2014819447279911913 6.9754939420505275294 5.7709292015285704736 5.7817981620061482673 1.583489351664086886 0.65494710537595579591 0.21019415903615229491 0.098147642580014599067
nan nan nan nan nan nan nan nan nan nan nan nan nan nan nan nan nan nan nan nan nan nan nan nan nan nan nan nan nan nan nan nan nan nan nan nan nan nan nan 0.7650509754766509074 1.8213832316494158459 3.5986592851689103156 4.3719535369619553222 4.3049494642135215372 4.2133334839099036984 2.6249345042730807265 0.9604239964946545971 0.53224581550148697406 0.30426121925595622786 0.22422758133983716755
nan nan nan nan nan nan nan nan nan nan nan nan nan nan nan nan nan nan nan nan nan nan nan nan nan nan nan nan nan nan nan nan nan nan nan nan nan nan nan nan 2.1930819419401141879 3.7636332799576983632 4.1868287727594335479 4.3768261757433499781 8.1130074192488805807 5.5670263394845145299 2.5317429468634067291 1.4766574771591631787 0.52971172838159608087 0.20516576600451569279
nan nan nan nan nan nan nan nan nan nan nan nan nan nan nan nan nan nan nan nan nan nan nan nan nan nan nan nan nan nan nan nan nan nan nan nan nan nan nan 0.81452218028569756125 1.8980654631347753103 3.12003118998954454 6.2870792802103636632 7.8481510502309124178 7.7237174649533226756 7.5453914238858033059 3.1293632618422608793 0.84270083059108014112 0.38203094946159132927 0.21671086186596091872
nan nan nan nan nan nan nan nan nan nan nan nan nan nan nan nan nan nan nan nan nan nan nan nan nan nan nan nan nan nan nan nan nan nan nan nan nan nan nan 0.72781360627286362242 1.6709121563682025613 3.2866598656325938244 4.9391444662575905156 5.0887350451465342971 6.8766223975126283818 5.3553000238337125083 3.7676119597324189137 1.4784845105809343302 0.69379139697533864783 0.99839682151389586018
nan nan nan nan nan nan nan nan nan nan nan nan nan nan nan nan nan nan nan nan nan nan nan nan nan nan nan nan nan nan nan nan nan nan nan nan nan nan nan nan 1.335263322218496862 2.9417247523574343582 4.3835113495109130355 6.3478399052493852395 7.1784049293431149152 6.6101492624215580918 4.5597541464678643663 3.0348098171637238885 1.7122361472546461236 0.35976828011164263543
nan nan nan nan nan nan nan nan nan nan nan nan nan nan nan nan nan nan nan nan nan nan nan nan nan nan nan nan nan nan nan nan nan nan nan nan nan nan nan nan 0.81608775861282201181 1.8483011288495976299 3.9562355288225075078 5.3598536588017653415 6.5803356175127216687 4.3725200248036113493 4.1139062478958594582 4.2689488451127806101 1.5216498802229432297 0.86082265212770303631
