src/SDSim/tmp/apis7
ncols        196
nrows        122
xllcorner    -12.166618000000
yllcorner    34.999860000000
cellsize     0.083333000000
[rows 88 to 109 of 122, columns 100 to 149 of 196]
9.0484164725157665288 7.2128211887204489727 5.594466284608377471 3.142419041343260222 1.2469898000191279586 1.9296685860136162383 2.9071800562203042873 4.4954016529715232764 5.2321326985642571117 3.1638127169086605051 1.8968024736834074861 2.2775112347803267987 3.1944987438753815745 2.6701206046109344783 2.3485200336490508199 1.7046166196988379316 0.86105349449357793112 0.43515260246166648228 0.19727415426842814794 0.10666682985200168221 0.088266932312488555201 0.062969615323493821624 0.046580047405642518998 0.062905447017947396793 0.09978282705103233563 0.29594802361646932454 0.50624239327875553141 1.0111768217112055979 1.9418245882577107597 1.9500913671658042237 1.2724149016876860063 1.0392557697259419136 3.0980846075972201525 9.9191353735129883518 18.216480597968384814 17.770850193648350057 nan nan nan nan nan nan nan nan nan nan nan nan nan nan
7.7992333989117303972 5.8420197648477474317 4.5137138458240073646 1.6894608883511159636 0.87913545147773985988 1.5011698481880768608 3.7929908835779686527 4.7347103346145731351 7.9662887605569085991 9.283977049511799251 5.3202419800676095107 4.8146719470848662326 5.1344609434728827324 5.9493875673651492875 5.8657309393388761265 3.2634659045924863108 1.5185170739565503339 0.52203567313565268915 0.13245107088140684048 0.036934253638946583365 0.024001492407242971255 0.020669056423360726571 0.039326626758836996656 0.070795582859028274858 0.11102330249874141355 0.1592233406640638782 0.23039595289136569067 0.48102452046411486863 0.62004321002437456922 0.60015844767615389443 0.44936064979720979906 0.59894314156133243721 1.9901343655165693036 5.8774070624771965754 10.788327727030688763 nan nan nan nan nan nan nan nan nan nan nan nan nan nan nan
3.9186618563387165537 3.4025612554032456103 3.0469634001264300771 1.2731405730941129928 0.85507456192164021935 1.9072104437335268834 3.2012886084306613199 7.0652140782352850223 10.4184879540193851 12.62071112340138157 10.535146577144878677 9.0736277052598399706 10.220618706995885816 13.698377409474261412 9.5385736001591645561 4.7800093789081037343 1.4122732851583494895 0.47411357273384130417 0.11184893649959713746 0.02688397556071220329 0.038318949797631091103 0.090328177590436306565 0.14786912163052476354 0.28776767955222865014 0.38537533074687602141 0.46572279440579233967 0.36258545403549885533 0.26643981335849853398 0.16579021751796405026 0.16956642702743246476 0.12618287755574522646 0.27959653233179482257 0.95614405184670259175 3.4418897087192990014 4.9760168552251071716 7.4520758065045153984 2.759516955719861997 nan nan nan nan nan nan nan nan nan nan nan nan nan
3.1758163283013476352 2.4192426128870940794 1.5724076705388252417 0.75976649954218788974 0.65659975028781625284 1.5176685444749515863 3.7724770946178947106 5.5777646490926136025 7.1115657435970325295 15.560640526395669525 21.990336265969840923 11.788563960480942683 11.237917764753159844 12.042390598898158771 10.244728361901977109 5.7117094246048738526 2.0436463865063547729 0.54021049130180109898 0.12836679765283032228 0.036062871968886696383 0.080946826776876076859 0.31030536948148751408 0.73013707109300352016 1.2047105358700975763 1.863694702795937852 1.5344319825007997071 1.0606319719009782432 0.4540403266673869731 0.34768123525692778975 0.12185734813176260505 0.033680925074569573185 nan 0.33038446641000068782 nan 3.2822469877279480954 nan nan nan nan nan nan nan nan nan nan nan nan nan nan nan
2.0347674257485794946 1.6600273922407327021 1.128982721544537382 0.58246646808725777156 0.50175065007044572507 0.85171370369591803406 1.544813455196402785 3.1979209430602932862 6.0322477171008284103 8.3891768824478702982 7.2132153129619522858 5.8472484529105512863 7.6592934630803313212 7.3881987770495110013 5.3364351182255287398 3.2478097801086001084 1.676395974910404929 0.64260384659822478159 0.18387031830203207083 0.086592234159685907424 0.26544897336830286516 1.1301892007942224705 2.8487594342449908957 4.6097755132037034898 4.6236263499277869826 3.4639825080990087613 2.2581510443014325418 1.0528205424082295316 0.27515756379941030962 nan nan nan nan nan nan nan nan nan nan nan nan nan nan nan nan nan nan nan nan nan
1.4977036141295108074 2.0110738534834924351 1.1530945054404404537 0.84511281950949557196 0.5065883385839372588 0.39423962903895332088 0.64994640023647487492 1.387034015739929238 2.7368025474103161443 2.6158508104366595681 2.2977021482650594741 1.5681606764329316661 2.5732719669322832168 3.7436483341805346647 3.6676826483450151173 2.7952841679412547826 2.1699685525400798092 0.8719353307909210038 0.2803889772150986448 0.14464969383016415549 0.52063017033570391234 1.9538684404762953761 4.609815469137775068 7.7801050327124849915 6.0013925805602132968 4.2461654758975742041 2.3580916882405809076 nan nan nan nan nan nan nan nan nan nan nan nan nan nan nan nan nan nan nan nan nan nan nan
1.6254608184921852665 3.3482712027644425667 3.6627349561485722518 1.7724235599799655905 0.78531397024875726487 0.37215095827232208547 0.25819991966468081035 0.44838075620472850336 0.68875016304982383808 0.76071190648435371706 0.47023646018813747283 0.41814099671784032974 0.91531923215942878613 1.7874599421626600204 1.9595208555456240518 1.5957415404214887467 1.3360006133816995089 0.60865492894350481379 0.18624024689164875301 0.11481372362437282375 0.4655757280054728664 1.6467038537383442698 4.2443900411634691849 4.879542609956235566 4.3749284656242952707 2.7045258739312272311 nan nan nan nan nan nan nan nan nan nan nan nan nan nan nan nan nan nan nan nan nan nan nan nan
3.7962153898528412377 6.3135394230715515818 7.4313482789209075463 4.8266638845670382096 1.7339307125215963623 0.5556737081143138246 0.14183367676303720861 0.097232952251340848404 0.12947809188682374293 0.16178545467980448569 0.24300612117211367602 0.46827993301988268815 0.71281749056412335719 1.0461198839454830534 1.1109206862503122615 0.69301263446706007354 0.49360625620675685488 0.24581118029592818885 0.13597946212584993697 0.06918566509099015327 0.21152550666650454803 0.94309517682372656644 1.6866062693062735534 2.1879980684089463949 1.652475927564975855 nan nan nan nan nan nan nan nan nan nan nan nan nan nan nan nan nan nan nan nan nan nan nan nan nan
4.1407539616211836986 7.9869731056143740133 10.07374166071532251 6.3161106713733286 2.5175163508835147752 0.59334745288209855829 0.099481813929920712147 0.017338470978392837157 0.020233233851259638941 0.04829437264166888677 0.16177536731092037603 0.73062736157287488936 2.1017376514960397493 3.210417111935642609 2.5662841839776135977 1.8786432747475210192 1.9266009131381607311 0.86321167421208233606 0.25633100509228834429 0.081708042638325525941 0.10895342917518135994 0.27736886712441261027 0.55115121933956501277 0.55648373650394611367 nan nan nan nan nan nan nan nan nan nan nan nan nan nan nan nan nan nan nan nan nan nan nan nan nan nan
2.8999291411987351275 6.5366670132812689786 5.4736432638646004278 3.7130724337932452528 1.1818617476484141182 0.24538881784448288159 0.062534405730944903068 0.0076002469655678398311 0.0096292088051095885842 0.039905881163767864539 0.13326591925718084264 0.39413826313449457084 1.6239258324177638926 3.1058446519093285687 6.3634852198109017607 7.3948422988899107366 4.9978321219437971124 2.2896617291598126975 0.55417047155209908649 0.094238754244595629439 0.036142356984724011149 0.062163307146273855119 0.084416709729336167345 0.085708928189071012516 nan nan nan nan nan nan nan nan nan nan nan nan nan nan nan nan nan nan nan nan nan nan nan nan nan nan
1.1458168157015480304 1.7907554926114916949 2.8831246548556341835 2.7274531291657706511 1.1260287171460945377 0.37625569435349776048 0.078969231508640769235 0.018319707496228694599 0.056177228185016990503 0.42644642382180986129 0.82091271010996247348 1.812176132249650351 5.3152798415277420219 8.0101474994947778896 14.706156511336171633 17.234455904085507427 7.3555451984079853744 2.5921361776211577777 0.52004955067203295638 0.090116949025632747672 0.013401650146217664039 0.0089485671511265341832 0.013024269767316219021 nan nan nan nan nan nan nan nan nan nan nan nan nan nan nan nan nan nan nan nan nan nan nan nan nan nan nan
0.28686389362294006933 0.61808284496649201767 0.88300765409117754068 1.2908947003251842744 0.67495877602180087695 0.12427313952489402182 0.041773878072071238265 0.018707760060593062179 0.10410944176517458737 0.79467853687054779144 3.8474014163231884389 7.2445745396040326369 20.953999747798391695 33.533603567778698107 30.212466494796426986 14.2164729386896731 4.7026271569487239077 nan 0.22755068334763661753 0.056901766333371857354 0.0088001693109423465705 0.0016167075555311360632 nan nan nan nan nan nan nan nan nan nan nan nan nan nan nan nan nan nan nan nan nan nan nan nan nan nan nan nan
0.14743622588082003211 0.2155985227187708908 0.3000442781526214131 0.23793987985669518004 0.20635696611784218324 0.092334690283950374146 0.022172396031444181058 0.013375632523300831633 0.10249539838196813912 0.71093686011016887782 2.7706013624334024925 9.5388283013673706989 21.067048921200516531 26.432019601429555422 nan nan nan nan nan 0.023301673987727620357 0.0046288654675593083471 nan nan nan nan nan nan nan nan nan nan nan nan nan nan nan nan nan nan nan nan nan nan nan nan nan nan nan nan nan
nan nan nan nan nan nan nan nan nan nan nan nan nan nan nan nan nan nan nan nan nan nan nan nan nan nan nan nan nan nan nan nan nan nan nan nan nan nan nan nan nan nan nan nan nan nan nan nan nan nan
nan nan nan nan nan nan nan nan nan nan nan nan nan nan nan nan nan nan nan nan nan nan nan nan nan nan nan nan nan nan nan nan nan nan nan nan nan nan nan nan nan nan nan nan nan nan nan nan nan nan
nan nan nan nan nan nan nan nan nan nan nan nan nan nan nan nan nan nan nan nan nan nan nan nan nan nan nan nan nan nan nan nan nan nan nan nan nan nan nan nan nan nan nan nan nan nan nan nan nan nan
nan nan nan nan nan nan nan nan nan nan nan nan nan nan nan nan nan nan nan nan nan nan nan nan nan nan nan nan nan nan nan nan nan nan nan nan nan nan nan nan nan nan nan nan nan nan nan nan nan nan
nan nan nan nan nan nan nan nan nan nan nan nan nan nan nan nan nan nan nan nan nan nan nan nan nan nan nan nan nan nan nan nan nan nan nan nan nan nan nan nan nan nan nan nan nan nan nan nan nan nan
nan nan nan nan nan nan nan nan nan nan nan nan nan nan nan nan nan nan nan nan nan nan nan nan nan nan nan nan nan nan nan nan nan nan nan nan nan nan nan nan nan nan nan nan nan nan nan nan nan nan
nan nan nan nan nan nan nan nan nan nan nan nan nan nan nan nan nan nan nan nan nan nan nan nan nan nan nan nan nan nan nan nan nan nan nan nan nan nan nan nan nan nan nan nan nan nan nan nan nan nan
nan nan nan nan nan nan nan nan nan nan nan nan nan nan nan nan nan nan nan nan nan nan nan nan nan nan nan nan nan nan nan nan nan nan nan nan nan nan nan nan nan nan nan nan nan nan nan nan nan nan
nan nan nan nan nan nan nan nan nan nan nan nan nan nan nan nan nan nan nan nan nan nan nan nan nan nan nan nan nan nan nan nan nan nan nan nan nan nan nan nan nan nan nan nan nan nan nan nan nan nan
