src/SDSim/tmp/apis11
ncols        196
nrows        122
xllcorner    -12.166618000000
yllcorner    34.999860000000
cellsize     0.083333000000
[rows 44 to 65 of 122, columns 0 to 49 of 196]
nan nan nan nan nan nan nan nan nan nan nan nan nan nan nan nan nan nan nan nan nan nan nan nan nan nan nan nan nan nan nan nan nan nan nan nan nan nan nan nan 0.56746604269861267156 1.5590759172149439848 2.4024578202407540495 4.3388914835584291296 4.2897614242230641679 5.219490671099647372 4.5622941897219595475 2.7610110180237028565 1.740361205769821229 1.0864130443908148749
nan nan nan nan nan nan nan nan nan nan nan nan nan nan nan nan nan nan nan nan nan nan nan nan nan nan nan nan nan nan nan nan nan nan nan nan nan nan nan nan 0.37471351116315709806 1.0381771654404592375 1.9563154387980936644 3.0473091311009752324 4.0629660565939254013 4.4583010068157138406 3.1810307470015866116 4.1439465526568532994 1.8772321502676545535 2.0363555618909754408
nan nan nan nan nan nan nan nan nan nan nan nan nan nan nan nan nan nan nan nan nan nan nan nan nan nan nan nan nan nan nan nan nan nan nan nan nan nan nan nan nan 0.67467087096762423659 1.365581531871916221 2.3064923407597870408 2.2264699069616984417 2.9236483972631526207 2.8982644541577893271 4.6512554030311976661 5.0515691287775021934 5.1346321519232089869
nan nan nan nan nan nan nan nan nan nan nan nan nan nan nan nan nan nan nan nan nan nan nan nan nan nan nan nan nan nan nan nan nan nan nan nan nan nan nan nan nan 0.39714985999421659191 0.8761646424395966859 1.3866743683241098406 1.932549283007317209 2.7490586858209069554 6.5979741856840359304 8.36128670822114195 9.0966469032177439402 5.1536447254426311915
nan nan nan nan nan nan nan nan nan nan nan nan nan nan nan nan nan nan nan nan nan nan nan nan nan nan nan nan nan nan nan nan nan nan nan nan nan nan nan nan nan 0.21261160178705434953 0.48308543805924891723 0.93343580660456382248 1.7855599936757342583 4.0096112812185795704 5.7582331375747228819 13.581282271652769467 10.481583547060111528 4.5411826656094893551
nan nan nan nan nan nan nan nan nan nan nan nan nan nan nan nan nan nan nan nan nan nan nan nan nan nan nan nan nan nan nan nan nan nan nan nan nan nan nan nan nan nan 0.25485494749646592227 0.59446401159442308071 1.4235397332170338647 3.0693579067184533216 6.4964580913182921051 8.2285653674442738037 12.910200863545631123 8.4362764992023286936
nan nan nan nan nan nan nan nan nan nan nan nan nan nan nan nan nan nan nan nan nan nan nan nan nan nan nan nan nan nan nan nan nan nan nan nan nan nan nan nan nan nan 0.18275509770194581227 0.47542488070570720904 0.96346139966886801265 2.1539753659167715227 4.5618763155260957376 6.075517862182299389 11.850391160011307434 10.614397683516047621
nan nan nan nan nan nan nan nan nan nan nan nan nan nan nan nan nan nan nan nan nan nan nan nan nan nan nan nan nan nan nan nan nan nan nan nan nan nan nan nan nan 0.075507736961907892526 0.26031628083433239196 0.6365280928875078903 1.2952146070475705208 2.1472662301250595718 1.503928868163295185 2.4220051345721338443 4.4493673917214353608 12.956639475373624038
nan nan nan nan nan nan nan nan nan nan nan nan nan nan nan nan nan nan nan nan nan nan nan nan nan nan nan nan nan nan nan nan nan nan nan nan nan nan nan nan nan nan 0.48511503167083402932 1.2490383927103037021 2.3459332763732350102 2.0392753143731985332 5.8328243181194219247 4.5890180837248069068 7.8049831422003626002 10.616036953449460967
nan nan nan nan nan nan nan nan nan nan nan nan nan nan nan nan nan nan nan nan nan nan nan nan nan nan nan nan nan nan nan nan nan nan nan nan nan nan nan nan nan nan 1.0641307308851404301 2.3525718540315985194 4.7331032928868141951 6.4016495464280751548 5.0913839095259083578 4.8521190330485994835 2.5902193235541539629 4.6815732588189966634
nan nan nan nan nan nan nan nan nan nan nan nan nan nan nan nan nan nan nan nan nan nan nan nan nan nan nan nan nan nan nan nan nan nan nan nan nan nan nan nan nan 0.83277841629715709804 1.5236835771184971122 4.0506771669355261523 8.7463766897633590247 8.802596776721317795 6.3549229209433013565 2.8658115994367552304 3.9168876670020518205 2.9501994744183823727
nan nan nan nan nan nan nan nan nan nan nan nan nan nan nan nan nan nan nan nan nan nan nan nan nan nan nan nan nan nan nan nan nan nan nan nan nan nan nan nan 0.74400313664829476057 1.587271027307388005 2.6092585745901599736 5.368364422473688613 10.681873169185465144 15.15804496273367441 10.157265320298947131 5.4599493216518739658 4.6381243807302370286 3.9494862167685886867
nan nan nan nan nan nan nan nan nan nan nan nan nan nan nan nan nan nan nan nan nan nan nan nan nan nan nan nan nan nan nan nan nan nan nan nan nan nan nan nan 1.6237371071542907597 2.919766407725995272 4.1536187535720001662 6.8754062382571872192 11.364616328931973044 11.326069585959396946 13.006501989171304956 7.5493772429724899098 4.6552415255498598157 5.0477568285911758039
nan nan nan nan nan nan nan nan nan nan nan nan nan nan nan nan nan nan nan nan nan nan nan nan nan nan nan nan nan nan nan nan nan nan nan nan nan nan nan nan 3.2559673407792200095 4.6935435611214622043 5.4464801211306967943 6.8048440372916028096 8.1267562046872861004 6.6568417317589609894 8.0693398087943997155 6.8112507649889559858 4.7549959803100776412 3.950398657915421996
nan nan nan nan nan nan nan nan nan nan nan nan nan nan nan nan nan nan nan nan nan nan nan nan nan nan nan nan nan nan nan nan nan nan nan nan nan nan nan 2.5910176620433076344 4.762626655783839702 6.5577150614622885527 8.1720935891553274644 7.2580347000431171267 6.137357292699777922 4.2767696632812191027 4.1206423267828133916 3.6014046620131869858 2.7601401290216465156 2.3520676118561762991
nan nan nan nan nan nan nan nan nan nan nan nan nan nan nan nan nan nan nan nan nan nan nan nan nan nan nan nan nan nan nan nan nan nan nan nan nan nan nan 2.3794959799079751228 6.0816272538367339706 8.8315120657644925473 10.18402718618614422 10.376311683653337781 6.8635101007165522091 3.9747376456738834349 2.4246922150769076865 1.7136871804187023827 1.1135343811453242147 1.2433440846062833174
nan nan nan nan nan nan nan nan nan nan nan nan nan nan nan nan nan nan nan nan nan nan nan nan nan nan nan nan nan nan nan nan nan nan nan nan nan nan nan nan 5.6587289892818937176 9.18372832980872289 10.563214217845237286 11.227355546483989812 7.0192203337706731148 4.4864724510195799212 2.2166388590556094229 1.010514763301088248 0.66705949871114567085 0.5590493961051332672
nan nan nan nan nan nan nan nan nan nan nan nan nan nan nan nan nan nan nan nan nan nan nan nan nan nan nan nan nan nan nan nan nan nan nan nan nan nan nan 2.1050659456770781652 4.2545668220507240065 6.9546047483558561808 9.6902596416932862411 8.1409135298211410259 6.8443011911446349771 5.1302364865151437456 1.5954811641502029129 1.705027521191204265 1.4958429182305252869 1.7012399239016910979
nan nan nan nan nan nan nan nan nan nan nan nan nan nan nan nan nan nan nan nan nan nan nan nan nan nan nan nan nan nan nan nan nan nan nan nan nan nan 0.5573866777311103915 1.4606014038734709271 2.8980824197993300118 4.3136366612199905646 5.4195927886263666196 5.1789240427742324613 6.6470111113567966754 6.3352246110126930745 5.0463220770499583878 4.7781990972875290069 4.7810921738793288327 5.359173478875458585
nan nan nan nan nan nan nan nan nan nan nan nan nan nan nan nan nan nan nan nan nan nan nan nan nan nan nan nan nan nan nan nan nan nan nan nan nan nan 0.41722257590231004443 0.91673920097843630828 1.4467896650109353107 2.0790298854168760556 2.8241418713058799028 4.078895251050516535 6.0092878481542184588 6.5477483534716345304 8.0092620299723620292 11.410500313579516884 10.185535905005465906 6.2701923371657457551
nan nan nan nan nan nan nan nan nan nan nan nan nan nan nan nan nan nan nan nan nan nan nan nan nan nan nan nan nan nan nan nan nan nan nan nan nan nan 0.38525451045155650887 0.70306074589708045242 0.96483012313131477633 1.0729391399716574629 1.5029522713736112038 2.3742964224091296366 4.2266315913965630813 7.4969777508521859843 10.94775930913933415 16.618143925437227182 17.955899843281024175 14.086062189020083224
nan nan nan nan nan nan nan nan nan nan nan nan nan nan nan nan nan nan nan nan nan nan nan nan nan nan nan nan nan nan nan nan nan nan nan nan nan nan 0.52176345876175189709 0.89563633274650966687 0.88725066717392520044 0.82315495495788781888 0.81226236051910305491 1.5667910666113513685 2.9847777243127975311 5.5559944654264503683 11.283245422433665794 17.205629305063503409 22.290667208442741298 19.107715689529090497
