src/SDSim/tmp/apis20
ncols        196
nrows        122
xllcorner    -12.166618000000
yllcorner    34.999860000000
cellsize     0.083333000000
[rows 22 to 43 of 122, columns 0 to 49 of 196]
nan nan nan nan nan nan nan nan nan nan nan nan nan nan nan nan nan nan nan nan nan nan nan nan nan nan nan nan nan nan nan nan nan nan nan nan nan nan nan 0.10110800312385413713 nan nan 0.057443060254480544924 0.063422760907741126957 0.051546353675131134642 0.04685653754782304059 0.053473642176040364626 0.071782572183387530207 0.079370526195307919415 0.075148722210204854655
nan nan nan nan nan nan nan nan nan nan nan nan nan nan nan nan nan nan nan nan nan nan nan nan nan nan nan nan nan nan nan nan nan nan nan nan nan nan 0.1755608845206812485 0.20253673125745352834 0.17926825850771660464 0.13675435778925601471 0.12551062495363257687 0.11901010076961071604 0.1052005051251283102 0.098148323487854113867 0.096578980562227578766 0.11608802613556269689 0.12482279123988777869 0.11779653259742502158
nan nan nan nan nan nan nan nan nan nan nan nan nan nan nan nan nan nan nan nan nan nan nan nan nan nan nan nan nan nan nan nan nan nan nan nan 0.12888145101764408862 0.19927677538892063502 0.24054273488862276675 0.26427054376285868953 0.23069815565630050203 0.20498677636951720404 0.19511806714833293541 0.1519168394255472343 0.15371242176864999274 0.1527925984369281065 0.16521935035061760533 0.16432597389993355841 0.16146020759454451921 0.16987798292030306668
nan nan nan nan nan nan nan nan nan nan nan nan nan nan nan nan nan nan nan nan nan nan nan nan nan nan nan nan nan nan nan nan nan nan nan 0.06370876867603329774 0.1637156075179911352 0.23108057084213318166 0.25489357153236363862 0.24427948074382380139 0.24546018198745303551 0.20175656456146479067 0.20591179061319628274 0.23134853908904026709 0.23268007091965053901 0.22847618849206824398 0.24888687462738876 0.27055900432856150317 0.25373300927655156878 0.23849132664750949395
nan nan nan nan nan nan nan nan nan nan nan nan nan nan nan nan nan nan nan nan nan nan nan nan nan nan nan nan nan nan nan nan nan nan nan nan nan 0.19203190225853755679 0.21451385371811637626 0.20708694058360074819 0.1909234863765236212 0.21249336676497257437 0.23076089121845694274 0.2872110854076617148 0.33330153883196084186 0.38291163554490648124 0.43702875513763006499 0.47019899127445763387 0.48306992593514397338 0.34921303517662805049
nan nan nan nan nan nan nan nan nan nan nan nan nan nan nan nan nan nan nan nan nan nan nan nan nan nan nan nan nan nan nan nan nan nan nan nan nan 0.096364111024518722681 0.15461682114415753464 0.14780538734065618023 0.16373793688887347542 0.17818664204123452199 0.21976302045816506481 0.2788331386988973648 0.3648637271518057057 0.51128847912455810398 0.53977394448839621788 0.58120438113068118025 0.57821801949984485969 0.50786365111689235619
nan nan nan nan nan nan nan nan nan nan nan nan nan nan nan nan nan nan nan nan nan nan nan nan nan nan nan nan nan nan nan nan nan nan nan nan nan 0.053063503495788033604 0.091305329997837941791 0.10335378457344551739 0.11771261426068921341 0.11613314775892334685 0.18581343347261883303 0.24845281134381322352 0.32739684859190193444 0.4528426991897974152 0.56253830796163040162 0.56351801941471557633 0.49345946724987188592 0.38545527474921992273
nan nan nan nan nan nan nan nan nan nan nan nan nan nan nan nan nan nan nan nan nan nan nan nan nan nan nan nan nan nan nan nan nan nan nan nan nan nan 0.042154797259327095316 0.06182977573668624327 0.075816627285116997004 0.10701592426550440851 0.14542127700955259639 0.22677114027207709301 0.27911901656753163037 0.277061575733657528 0.51161273202655010994 0.59453522675937142683 0.45474326794062641666 0.31397253163193478143
nan nan nan nan nan nan nan nan nan nan nan nan nan nan nan nan nan nan nan nan nan nan nan nan nan nan nan nan nan nan nan nan nan nan nan nan nan nan nan nan 0.086376558122815624841 0.13754379201875227556 0.20250233853767388159 0.23923137562537064027 0.23125077959403333994 0.26816115962372871762 0.22884997002723064807 0.54838574280623408885 0.5839221123316314932 0.40217209566998002312
nan nan nan nan nan nan nan nan nan nan nan nan nan nan nan nan nan nan nan nan nan nan nan nan nan nan nan nan nan nan nan nan nan nan nan nan nan nan nan nan 0.16332882582754040812 0.24270915042539054074 0.30989039579080585041 0.41258543668318964359 0.37172123306164239764 0.25843250298147413258 0.3362709960238030038 0.70824842447691060965 0.89554859524502206103 0.69028446832599221761
nan nan nan nan nan nan nan nan nan nan nan nan nan nan nan nan nan nan nan nan nan nan nan nan nan nan nan nan nan nan nan nan nan nan nan nan nan nan nan 0.065518774265951346125 0.24608742055140955807 0.3784104764672734933 0.61155996073290486148 0.66266197983181651665 0.66171605812092115784 0.40056210309365508637 0.50201763322805836864 1.1754077213229561227 1.5043044034929020647 1.8698147728530440936
nan nan nan nan nan nan nan nan nan nan nan nan nan nan nan nan nan nan nan nan nan nan nan nan nan nan nan nan nan nan nan nan nan nan nan nan nan nan nan nan nan 0.6670843823794330163 0.90071379752244451478 1.1127094288474723704 1.1354819732408090172 0.56755902995849827342 0.77028498665208355867 1.5013995735766068051 4.0582891306317927516 2.76633341505360697
nan nan nan nan nan nan nan nan nan nan nan nan nan nan nan nan nan nan nan nan nan nan nan nan nan nan nan nan nan nan nan nan nan nan nan nan nan nan nan 0.35686398488367376824 0.68046707119288329935 nan 1.4834722733410106166 2.0889936348694626567 1.5643603070841414215 1.3318618140597486832 0.91539602922618645842 2.8051832499183437797 4.8384486724593394058 3.5306814872836405073
nan nan nan nan nan nan nan nan nan nan nan nan nan nan nan nan nan nan nan nan nan nan nan nan nan nan nan nan nan nan nan nan nan nan nan nan nan nan nan nan 1.1364044839334244141 1.7775934976050300484 2.4982771663953138308 3.5977633541747850998 3.1290983538955470245 2.5339670596060877017 2.4500061072101688708 3.6498373039502500781 3.0009512372244135925 2.7764944356971792416
nan nan nan nan nan nan nan nan nan nan nan nan nan nan nan nan nan nan nan nan nan nan nan nan nan nan nan nan nan nan nan nan nan nan nan nan nan nan nan nan 1.2032848559250575171 2.2562216923654387912 3.4418324537796611828 4.6569407144291412592 5.4648315569863106234 3.3568638959742824746 5.4247585708838510499 2.5894930186875373401 1.2644802780727577574 0.76603898669010495048
nan nan nan nan nan nan nan nan nan nan nan nan nan nan nan nan nan nan nan nan nan nan nan nan nan nan nan nan nan nan nan nan nan nan nan nan nan nan nan 0.62184676927654447542 1.5041230565825385312 2.4483392496557661033 3.7149352939743387481 5.0473500640525861272 4.6682961814135337519 5.5136414639937187943 1.7428739120621274949 0.87364216642124647993 0.36712984822309413513 0.24344504871789382494
nan nan nan nan nan nan nan nan nan nan nan nan nan nan nan nan nan nan nan nan nan nan nan nan nan nan nan nan nan nan nan nan nan nan nan nan nan nan nan 0.6571669045335034598 1.3252657612648963692 2.2501188193337715582 2.6277432388060746327 2.8009469045081076821 3.1712073669150857569 2.2130461166462729317 0.91155437133838879138 0.55625664168231825357 0.34618150538952402462 0.30776516562010791667
nan nan nan nan nan nan nan nan nan nan nan nan nan nan nan nan nan nan nan nan nan nan nan nan nan nan nan nan nan nan nan nan nan nan nan nan nan nan nan nan 1.3319821856748563782 1.9045756918787268841 2.0423376580047762907 2.4144934928325425538 5.3548958891720292996 4.2831016177936733769 2.1409890184029554128 1.3046608780176642828 0.47059570265091293928 0.17355318768102556692
nan nan nan nan nan nan nan nan nan nan nan nan nan nan nan nan nan nan nan nan nan nan nan nan nan nan nan nan nan nan nan nan nan nan nan nan nan nan nan 0.57384804048894477724 1.1178525314877785224 1.5117046475866604549 2.8032719381594866093 3.9295591902845230514 4.7255721739761664679 5.327070317803268118 2.3175297106513461642 0.59582537423532355714 0.22466370491672374432 0.095425684627412910022
nan nan nan nan nan nan nan nan nan nan nan nan nan nan nan nan nan nan nan nan nan nan nan nan nan nan nan nan nan nan nan nan nan nan nan nan nan nan nan 0.59619466206420801413 1.1931888132817702886 1.9044183463922492727 2.5328572907402722159 2.6844816166487874831 3.9880286195390262094 3.3488966496588230548 2.2956470884153623579 0.76403529222544752653 0.26935608550992917731 0.28470039916877659669
nan nan nan nan nan nan nan nan nan nan nan nan nan nan nan nan nan nan nan nan nan nan nan nan nan nan nan nan nan nan nan nan nan nan nan nan nan nan nan nan 1.3752911882885876516 2.5551730017627054536 3.1226728858828103341 4.0712083268665750779 4.5120785929579501072 4.0483782013675453371 2.4707000090069111131 1.3525466455549757239 0.60106560254636298701 0.10800769461080018952
nan nan nan nan nan nan nan nan nan nan nan nan nan nan nan nan nan nan nan nan nan nan nan nan nan nan nan nan nan nan nan nan nan nan nan nan nan nan nan nan 1.5097334062750675798 2.7154045396304318238 4.3198449629318655951 4.7175159809423741208 5.093720708335146341 3.0161556359711925168 2.4051039611630069537 1.9687009506197652442 0.58464335130054345679 0.3005601001948240425
