src/SDSim/tmp/apis22
ncols        196
nrows        122
xllcorner    -12.166618000000
yllcorner    34.999860000000
cellsize     0.083333000000
[rows 66 to 87 of 122, columns 100 to 149 of 196]
0.11023356594511685147 0.10469746900499038444 0.11363826098593654557 0.11613669333054449373 0.10947155883313652858 0.083245253566776408749 0.091598120240057964714 0.080817843611964368389 0.068526258986430957365 0.049931027613215057948 0.044988540736336929404 0.037407240493957015504 0.032317431858522260857 0.031758598803712997927 0.023909815562173478837 0.020361222465733564563 0.013851881345022645786 0.011934054283372380612 0.010216875031874877999 0.013004498918427587206 0.016264330279521951178 0.02104109414767958014 0.026845479384401689515 0.033013364143153235697 0.033653336655979478043 0.046960543253532230357 0.050140624827828148002 0.088709214414339543353 0.070735736265804427525 0.073962956513812974646 0.085707505319249172038 0.10351611647736544408 0.14514089997980283986 0.41720750310375109837 2.985857670772613659 10.266555391651651874 31.492104760141085507 60.192313403423796103 74.56011586035735661 79.268723893475097952 84.506775704537020033 91.722963326670551965 90.998550647232917754 nan nan nan nan nan nan nan
0.13303605083299566147 0.13285081852620367338 0.15520290828939967143 0.15702696968477142248 0.15274236178312161627 0.15057911057600534277 0.14327121774290402234 0.14041111084170826429 0.12949307727951636648 0.11330028090924877671 0.078935333707330912478 0.065932835149016613685 0.057008555370068367263 0.058315759486089593921 0.048109051320182560918 0.033035433267517413936 0.03003753421184158709 0.023267525985381103809 0.020507415110546073356 0.019707376299138362058 0.02565886765303746625 0.037328791948717840454 0.044389536863643115627 0.05431251239554908683 0.064621793375270283888 0.073295379625133494361 0.098954132984120021788 0.13596507377622529811 0.21622443765784143954 0.17762225593653180322 0.17659954526780749506 0.28790323594904609905 0.33619730461197050442 0.40967671596303373294 1.4550844042747883567 10.509241755263229123 35.981668498606865114 71.05152662959001475 82.169909356388970423 90.368884478357173862 100 97.434142078987818536 58.920427278478783251 nan nan nan nan nan nan nan
0.15934971390453134266 0.16906073413803934802 0.21708306151063097578 0.22396937438857519864 0.22670750397420152966 0.22561586977408401578 0.23682624973103977295 0.25032444885202786988 0.23401084516391376655 0.19570799569778979388 0.16890234177754478995 0.12352653819407945213 0.11562178572461563608 0.095824231252907413059 0.077895724408109739967 0.061713338646567625356 0.0468626109874691818 0.039809186782635341828 0.033847950303711488163 0.031348225760989695265 0.038248635337549706514 0.058542477274923246378 0.074771835000414954564 0.094146075484569019531 0.11340678850461818894 0.13522215354219879746 0.17209590679902470045 0.33791012661756242297 0.44709128911255663352 0.42380747510898542085 0.58435313333854554951 0.6530483257709758238 0.75075027486098255824 0.80498086115004441332 1.8401424384021174419 4.8975811571556002733 31.336578831502407638 68.688913389872098492 90.496108276083219835 97.919980764876640933 99.75895154860245384 81.735819884972599425 nan nan nan nan nan nan nan nan
0.23517451203194847387 0.30023559617765005481 0.34029423194239433181 0.31207612893183178659 0.399072612240855773 0.40553995650169283316 0.40739649416866235976 0.45807822918867874273 0.33898808061579016604 0.33133337348327712713 0.29239479232087461913 0.25980228620405926288 0.21519387678405413333 0.17876587691409129288 0.11622639886791649722 0.087408884687256355184 0.067258547664497778107 0.060427866950432437831 0.053175559315034162666 0.053273363157717190663 0.061710039992210308224 0.078533478721189250993 0.10947609808076091964 0.14093042102032132812 0.17194134573878938621 0.19697343079163626145 0.25924566940568960494 0.44471529454550734473 1.0550881263371794105 1.1012869155988140868 1.2538210833762357677 1.8455770676573497457 1.5097312160740772313 1.7760022274718254565 2.1390794295621953225 8.2010559735267243298 39.690641187740226314 67.496292477168864821 92.109855029667997428 92.784549129252724242 100 64.703050341568300041 nan nan nan nan nan nan nan nan
0.35031730813605171937 0.46322587582039165266 0.46613560223094702151 0.63427811967497615964 0.69900996726408681781 0.67317051201590127896 0.79506945325091049614 0.70441459137401185586 0.60798744751698230449 0.52569084693364487304 0.50001213544193023885 0.35861189650335545398 0.2999977105858741 0.24394808197397138683 0.19252197887584229785 0.12082645990734365571 0.091896217717825454119 0.089899936381911321748 0.082953435649199908086 0.082062722464225051899 0.096480717542362426364 0.11722557343889748738 0.15345633742009540113 0.21002824226970287502 0.27484692166707724859 0.30582868337327490105 0.37889394899494466262 0.56285456339805295389 0.56390599701132182453 1.0248551637956684335 1.7775378865478876911 3.2118549026655069945 3.5391874987737890201 1.4425795325108872191 2.6648728902507223815 16.29797191828454217 25.15370371620107548 77.147815244769176957 99.792904075933535069 100 100 78.964035709781612127 nan nan nan nan nan nan nan nan
0.56817115403922568984 0.66588119063974915424 0.81627281601845991243 1.1953266519834020443 1.2343329515711518596 1.210240415473889275 1.1262324293334391445 0.98267497856262342459 0.8115984181528990149 0.64512271537941956456 0.57561876204734707674 0.40592106957181778304 0.33441178283321432163 0.26077294419831392736 0.18287679618876531706 0.14433716251016087684 0.14142771429096254177 0.1094982645775711555 0.11570317317633987964 0.12533393001192597027 0.14199553485635107997 0.21156753230755451223 0.22801509524289120812 0.33725412674618537867 0.46191331315424444259 0.63404277904292483115 0.53966712884496959024 0.75735724152782601948 0.67726523921028236597 0.86033315168412638485 0.92724940094137198177 1.1791427447694700081 1.4901106275414890412 3.4971854150897017099 2.9005339149458153614 8.0557517895850896394 52.153449637022006868 73.795340924722935938 100 100 99.171940642589078152 95.265561031148479287 50.640624264508502961 nan nan nan nan nan nan nan
0.59771330421555379786 0.86957155653613171786 1.2721110770647872101 1.4815958845987533543 1.5767275351520890769 1.4396666689564552311 1.319299140307643059 1.1623350730449750756 0.92711808694090680483 0.59919544888964615392 0.45595396231235757467 0.39710175194577906899 0.32657366611390692412 0.22505515035607620566 0.18528779355227373293 0.15620864199514383763 0.15583297071593507632 0.14544232453545466455 0.14852250882576334412 0.19726464793007791876 0.24259457190493011192 0.27975339590910686116 0.35608743507559936781 0.54508571487123735899 0.69677524930642986689 0.80322197909058878906 0.85270573466776355964 0.93112862506727145373 0.79388188979238882848 0.55045117123413922489 0.42762789700524878045 0.53149010160245746537 1.1239886066777322604 2.3334283193414320223 2.226273764548238443 13.829549233071393388 47.502917764205797369 100 100 100 98.818308442514748435 97.928899644644516798 58.49746951876409895 nan nan nan nan nan nan nan
0.71635677354878535272 0.9029803119135825229 1.0897549842765374972 1.4330810718575099916 1.5322130471267054741 1.4739634183497343223 1.3022581130720987108 1.1284095789945325361 0.91518171870426490155 0.67672608857458027565 0.42776172310150201161 0.31448130816568015122 0.27616478319216536397 0.21919065912463808754 0.18750185987630801909 0.17827287994148421912 0.1624376377302000074 0.14908374426931980672 0.16564506711725734966 0.22546160740083073803 0.28161008898075151619 0.40196013066188690521 0.51172003173555946631 0.58209696892860618433 0.6742293506331059616 0.75278691442218581553 0.84027892597016684562 0.65494963084782853446 0.46119570410091365043 0.32814040955068707328 0.28405204079161811004 0.34265158580905014096 1.0873252561659827453 1.9028071044617960172 3.654786930249871002 13.967731765585906345 47.361438931335342772 98.706800929956926893 100 100 100 97.285760418475831557 44.994673573794514709 nan nan nan nan nan nan nan
0.66389087602008656219 0.8148503019791912827 0.96192279450654671891 1.0780826288622014086 1.3876421762385984238 1.4079857308603627164 1.2637962492993046748 0.95455221399222001111 0.72039848184387400565 0.56763993799593637224 0.40668763505604549335 0.31656204549095445788 0.26263884679104809727 0.25029169813252849508 0.20007881893343856805 0.16402565913479041915 0.14140440193830131066 0.15553155689873376932 0.16433291092677348999 0.1949795097482948103 0.27881859764829086679 0.4065060036651231834 0.47092819222255438705 0.51856778997955965682 0.46682844994418137841 0.42717235898111183268 0.43809621273863902369 0.41713467510359486523 0.31315505655226971715 0.35129581912550661427 0.44608626897410608159 0.7767255540002926395 0.95913135475303434863 3.0491445574830882137 4.7555360796808905377 9.9474818644875444562 42.288509426982258788 90.809975478846027386 96.267590570387170601 97.049146340914134612 97.008921651446243573 77.885959969489178434 51.29077791755066329 22.945504347464183326 8.6385495785807719926 nan nan nan nan nan
0.61735457621838218945 0.72654758672785790807 0.82293636082977594803 0.9056904421860331178 0.8700757446209300694 1.2590049192981160875 1.1968495938505683274 0.84764838578793644253 0.67373674536816618996 0.53280662018794977541 0.41312493643580106006 0.32774163359167107767 0.28342602305738845425 0.28345626964246373181 0.2170031967538615103 0.1775653005105138349 0.14896683235041582871 0.13644512629633026579 0.15336553528804847124 0.17222928402206172382 0.19807258632136981458 0.23810318802451616027 0.37510184154535680667 0.29585109292421374327 0.30702071928082347307 0.31831568402987336919 0.34915294683333947257 0.35891928426392138984 0.4002843771330546474 0.50189165750270969824 0.74567008438699777795 1.2439201686386340828 1.9831992716015129918 4.5936033222131671394 10.012818295804839508 23.1798205904066279 26.463242364382878691 29.661549801560720852 73.808336642751754653 82.765566682829984302 54.359254728285748115 43.44536164982701365 29.672599311742821726 25.802640329693371513 14.758921327914954702 9.6629361217546385632 3.7695209325938976441 1.5658954929257034028 nan nan
0.65347981985632852542 0.87981335797605619842 0.80839301016284537127 0.85716958408948518144 1.1001104096419278555 1.1731768403440376858 0.9499312954074832227 0.79092636259405546539 0.63365489357024873396 0.51908881317996358185 0.41956036268573826398 0.35609355775572520963 0.32896266231448911821 0.32271919268129500846 0.24293829736196131952 0.19946283210068804781 0.15747019384852711799 0.13347710218768510382 0.1179931382983203797 0.13137819590473978626 0.14037181075683236031 0.16779987181939293173 0.21048429488065134585 0.2503487476925398969 0.29656012506872519996 0.41120097483765194468 0.50544772735840592937 0.61802648459368425549 0.62732872218891522209 0.80431375745782929254 1.5887522783680620986 2.0416473080329140544 3.1798396644974844527 5.6110483998419482532 15.602703588624088127 19.712066627301421562 9.0460824076178862896 12.190653650276354725 21.274093570164897216 9.9964525160224937395 43.036166929885112609 26.615403859003070153 12.757513806152925184 19.1415044557277092 17.91045682634842251 14.17824451578150402 7.0863498881460778023 2.6692022823517151942 0.81847195548438311796 nan
0.90879353455128109029 0.88701609408423753855 0.92509557807864561951 0.96267946366596113261 1.0539261958318721923 1.2126954517346160145 1.0894158054942539859 0.75805285346431416915 0.60928182876517356092 0.5120531687176690383 0.43721257329491725052 0.40787155728113216879 0.4338673322876775984 0.35932182192557138301 0.29981033647632887584 0.23158874104341889422 0.17075359463753159162 0.11221340442281452221 0.10662773315283546882 0.10245648823600256305 0.11583430241816260187 0.17338540786666731264 0.28392019538850682414 0.42347318397293387537 0.66659559519140187955 0.91465621814586473004 1.6130271710761201476 1.8417777249853495292 1.9805685704909250511 1.5905125079742368222 2.1701606956981405183 3.8495568781188325147 6.6909774461165083537 12.309359213918833476 33.288906191232619847 29.913644975435119022 24.455579520123869486 10.689955693842025042 9.7917093215373469661 18.580543443053421981 14.926801369130995312 21.602386369812787592 10.089625739776170832 37.014443577836892985 24.211571970596796888 10.60998884710303436 4.7515019066947576931 1.7629554551280286478 nan nan
1.2111638127185688774 1.3838321983135055682 1.1272823449600624102 1.1623890673537840001 1.3564646308796717289 1.338676270376520705 1.0959857899979528195 0.74206019642167686534 0.58905339067724249436 0.49577852356605212059 0.44765031258207477194 0.47348483079903475046 0.58845282854262681571 0.53310045160980290557 0.35489337601065940042 0.22675582872531971357 0.13648996410548910885 0.12135667079431212978 0.13830943884240001762 0.18920046239962873269 0.20152845633949809101 0.33033096102249642767 0.61724299337448174096 1.3359735700318473572 2.3742557229202212454 3.6718302160861457928 4.7373572275120086061 5.0522616819805712396 5.2825128781270640488 5.2416929483124095057 4.3461121980447217084 5.2349017490728781965 9.6728639709876738095 25.776949962354350987 45.262219096838407495 44.21266923197954668 24.226422423954080188 29.439981798113969091 30.128097467029967049 20.351808313433327413 36.763324463547455423 35.400705186653119938 75.857827712096806749 8.8078649954623067231 28.580456650014731679 nan nan nan nan nan
2.0439676025330597575 1.5071458440782636856 1.6184056394323684813 1.4018484424272761313 1.6307210161733503018 1.5240258299414579657 1.1934936747342663743 0.74382527815304089192 0.55800387292688391483 0.56017247226215838296 0.45540884953693572257 0.60301904576844456152 0.76944978419092147082 0.68543969289350548113 0.40587972053958037977 0.20167242371961729974 0.15195395958619001275 0.14689413221055053205 0.23129936263846972988 0.26804840276413693934 0.38645786053654135328 0.5996087001613027434 1.699378971566714025 4.0626060607115466183 5.8465413443035787466 11.910238996170086523 16.102660094466926921 16.74832317360410272 12.42679593597756238 16.629116709923277284 15.869778796161339685 6.984303555614683745 16.551520398418325897 22.335769130904520097 46.353562854346897382 69.141444223058655894 60.410523032963247658 31.687697122020775709 81.902957354593922901 78.011540184366879203 100 96.079978593918411889 60.318981704453193515 35.800713165185271691 nan nan nan nan nan nan
2.8207295183977203479 2.4952248875025895281 1.7344837318739512178 1.8902983078010511253 2.1450872708553943013 2.0390025742138355724 1.5724969989298325235 0.9633174843150228428 0.66242753588874725423 0.54851037875338737315 0.66542095325468464395 0.74610649201782219819 0.85329690310977523993 0.50108356116125640778 0.36861231027046653663 0.35672136141287857924 0.14436531566752244804 0.22818456046748553101 0.32003896346421428776 0.55479226222421584858 0.67387389072648762323 1.1921130969162034852 3.0114177230413221587 8.2549986199913565343 17.510430178307547777 26.511573889393226011 33.538992063896877482 39.546353126287840496 29.075448285983785723 37.818194929891561173 32.38726706870519223 24.494043264320499276 7.8576735129207433417 21.791461472563788959 61.208355887903259429 98.380998878638550309 95.591115770505922455 100 100 100 96.183957497925746338 nan nan nan nan nan nan nan nan nan
6.7632469838305029342 5.8163002563757952856 3.5536790744166113498 3.1018262517956873836 4.0854233634797436636 3.6393107576293499683 3.1153283021030682143 1.9220765795744341187 1.2378765301415233235 1.0192434063307822534 1.0468947244380495398 1.0199307992695234582 0.95637938059694682646 0.75793996537270835745 0.27595508455646511337 0.18887725085776979617 0.24240846984963501654 0.26321168963635532823 0.44124820351261240248 0.54729765848692424335 0.8209595882447509041 1.6021770440033646921 4.0448523231604944783 13.631823493591312513 29.017781446868724515 62.64754019727675427 81.430358987755980138 65.202822829488297884 88.716901647286704247 73.35923470057869622 58.811738942899516758 42.305278517572325825 32.068632936112848597 37.425845819811343063 56.51796700407108176 96.993254429293401131 100 100 100 99.683366585118548642 79.343276381993945279 nan nan nan nan nan nan nan nan nan
11.626570182172613954 10.433191064362967282 8.3514971910710151803 7.9482205270910553097 7.1946571970571877586 6.3901359287283092669 4.8784908198102687749 2.7137377576871117846 2.2191639607588364846 1.6787908509444986471 1.0565723259967105818 0.64188354172645178952 0.46518539633548150469 0.47252493101643644469 0.20984964471731218372 0.14502124283667502946 0.26581349508899326795 0.25070475133324748862 0.41184500481013663897 0.3329939944279374231 0.51750780303447330155 1.2706704055452304747 4.6458543087230070867 13.242951318784951908 46.863932837113218 90.887986953759877906 96.318987402959621136 95.735014974069244431 98.436857168527325257 96.222093104722787871 95.3693343151354469 50.009939285173317103 39.223901149942641098 64.780843984420684478 82.918694706248558646 77.813354057371270756 100 100 100 89.181589082811029812 nan nan nan nan nan nan nan nan nan nan
15.50765057154840143 14.844007029557593214 10.67019557420976561 8.8017924119977912767 9.0069946750551856951 7.6782850360689280933 6.2793828205273616305 4.3443149091101540549 3.3791634455228076739 2.8008898437658791281 0.96927624404051260232 0.48324882097381410828 0.48068735734422912698 0.27949367525838708648 0.13557848763065546982 0.096035464968122888352 0.14369459793324843022 0.14219720615382364093 0.20730409727470283654 0.24731969638503772946 0.47007152495096521383 1.1192237551017747421 3.8269327586316199685 21.732011571209447709 45.05579552406096866 93.430890800052935674 94.888706494875847852 93.20265637716188678 68.33319305683892253 100 99.209856590501942719 96.936306242264322464 97.868285779861068363 100 100 99.774407430452086487 97.732232687358319367 94.065861002699648452 84.236879695716027072 43.812563781771189042 nan nan nan nan nan nan nan nan nan nan
18.600980182411461783 16.393385209508924305 11.606347724670959209 10.957184346905094685 9.9326751519001259538 9.5658528081075395733 7.5092582569485237798 7.2015725310961746786 6.5368329607545829774 2.8956020719301522881 1.1102800865376187822 0.43348714986961900397 0.74760104037454266912 0.20277609490469331033 0.090345833634573116666 0.095083393076152378232 0.090478539455126641422 0.091226005836226586876 0.12399158255293078745 0.18128139133286505502 0.40261953657398708017 1.460396805139772658 2.9923572699867095892 13.871418232708752072 41.550892364581315519 65.660888399401684978 88.059216448347370942 89.470483061863475882 70.300210286556108485 90.032733953757784207 100 100 100 100 97.726689021694653547 96.964856700381048427 96.432869083593885762 73.758318486591846863 nan nan nan nan nan nan nan nan nan nan nan nan
19.854830287212607232 16.691545207494186798 14.329362824464555004 12.090460396624980177 11.133027455362622504 8.5113974492498361002 9.4756101621719075467 9.3862767991423901037 10.061448282464624526 7.9372514705696515236 1.7727773088821527914 1.1599816884993352506 0.4350921046660062852 0.17474673090423387123 0.14211549670001949464 0.11022015663614134762 0.13280843746496617808 0.12608270596980186706 0.14696198006898555932 0.25254494457648885009 0.75548590298824036537 1.7183831675771006342 5.2131986886883785459 11.073157301943625797 21.345118689648533206 36.752033267319440313 80.77277436104645858 90.217008125611926062 97.579898521714881099 100 100 96.95489230484140819 97.286123675355867135 95.764108951228678279 100 99.654564504339049336 93.900354186636590725 53.532895878332652728 nan nan nan nan nan nan nan nan nan nan nan nan
18.055423539910353981 16.375240735825613569 14.218092137392087437 13.212148464393028036 14.287250847409067589 15.50658519234392152 16.085750563190238438 14.808036271530067296 13.529472165111803506 9.6047463273282573937 3.7888759103157059194 0.8298900135631576136 0.49174871753282028974 0.33822030287758991784 0.40861894516614671868 0.39068468020675506391 0.3356942198069539085 0.23574240574981314422 0.30286957342627907064 0.48303786961955269552 1.1157176445806586962 2.8643056324998239504 4.7142165807678795275 10.248471712874625439 11.548720730269616652 29.19422200634343767 60.323469608497944705 93.275380257137186391 94.779908478087506296 95.967116638789960348 100 97.254519513560694577 95.474270158375659889 99.898059325444805268 100 100 92.519384149980126608 nan nan nan nan nan nan nan nan nan nan nan nan nan
16.965503458564281658 15.65302384739743502 13.549233706446027981 13.227144280568072787 12.529948245151391717 13.551892665506143132 16.690300701015555518 18.086274754586177949 16.182421694386675881 9.6279061669423580128 2.66603648501124324 1.2296190133994557847 1.4769647220971879875 1.4394068429980722001 1.2191829144393526718 0.95875992628567330289 0.77243544726658874833 0.55800870154415249669 0.49795357797763056817 0.72667041596931780667 1.4356677055211495286 3.7667786139832557524 9.4324670164871040612 15.520746772923176948 19.509815742449966081 20.069156683313281064 54.197295423140673165 25.737471504821606061 75.95271374188723712 99.314466069810379167 100 98.051138808677478664 98.217853955527786525 100 100 100 84.294941784796620254 nan nan nan nan nan nan nan nan nan nan nan nan nan
