src/SDSim/tmp/apis14
ncols        196
nrows        122
xllcorner    -12.166618000000
yllcorner    34.999860000000
cellsize     0.083333000000
[rows 66 to 87 of 122, columns 0 to 49 of 196]
nan nan nan nan nan nan nan nan nan nan nan nan nan nan nan nan nan nan nan nan nan nan nan nan nan nan nan nan nan nan nan nan nan nan nan nan nan nan 0.54655108759076342917 0.85794283896009626567 1.0657324079034327102 0.86763255332022215516 0.97443314532999281141 1.4826725580441963981 3.4872091382691925432 7.5292642275308399036 11.57092326765271828 19.857454234706747087 23.082951470199940758 22.971658380438832125
nan nan nan nan nan nan nan nan nan nan nan nan nan nan nan nan nan nan nan nan nan nan nan nan nan nan nan nan nan nan nan nan nan nan nan nan nan 0.34981611431306425253 0.64768041293995115559 0.93229127417732071681 0.93228590677357692229 0.73241164529025193364 0.60622135160333179282 0.96218340592892848129 1.9376605613959534402 4.1454603812823451747 8.6963718658032096442 11.648475687075526608 14.8854189410458293 18.864224504766628598
nan nan nan nan nan nan nan nan nan nan nan nan nan nan nan nan nan nan nan nan nan nan nan nan nan nan nan nan nan nan nan nan nan nan nan nan 0.18203479406650352468 0.33760790814705754492 0.67630757588311740669 0.87759822414774046884 1.0127700386350164674 0.65931846288322926153 0.51211286795760657675 0.54799409393599685103 1.1282091331876182849 2.2441617411449930053 4.021471504227532634 6.5625855100207965975 10.587544969037839593 13.609214377910610949
nan nan nan nan nan nan nan nan nan nan nan nan nan nan nan nan nan nan nan nan nan nan nan nan nan nan nan nan nan nan nan nan nan nan nan 0.11386457933446128554 0.20530627641048201926 0.33840368600354558959 0.62119573567047170481 0.78990079756123443566 0.64417855741047425067 0.58448817668418451277 0.40329277974681926322 0.31237474786805419225 0.49850978421489083869 1.1393412164179244073 2.235769987005935544 4.2958957640190940097 8.0115962104026952062 13.424603579234673845
nan nan nan nan nan nan nan nan nan nan nan nan nan nan nan nan nan nan nan nan nan nan nan nan nan nan nan nan nan nan nan nan nan nan 0.061524306166725217793 0.13307986762951304338 0.2464746660926540045 0.35237834561515507525 0.49774223764163189054 0.68068228011874520877 0.46441683617610812762 0.3902284564267419209 0.27005210425436787514 0.17770728416226591606 0.23606061995978711021 0.48914401184305084103 1.0967345841430016229 2.8312843046079518849 5.985206916570660951 11.03321139975993681
nan nan nan nan nan nan nan nan nan nan nan nan nan nan nan nan nan nan nan nan nan nan nan nan nan nan nan nan nan nan nan nan nan nan 0.068442885778046233525 0.13659139343897563901 0.17484234361568942728 0.31039569755962087561 0.46399419439308697832 0.50247087722410643806 0.41997146584682770731 0.257490598609542376 0.16571691919210612687 0.12927227244270578232 0.18415974180475630506 0.39938198220322640442 0.99422928078308281385 2.2005641393232595604 4.5828190185427155612 8.2315642651846196998
nan nan nan nan nan nan nan nan nan nan nan nan nan nan nan nan nan nan nan nan nan nan nan nan nan nan nan nan nan nan nan nan nan nan 0.06635360241818404059 0.11747959219341624904 0.20146410239839901424 0.25677452639331105333 0.41556385941574086607 0.37773288135971683221 0.2949858279361091129 0.17032143940961788631 0.12934141956231662296 0.15660430888550380679 0.32844998907285571921 0.69513508225230680182 1.4132373732219223328 2.463621343507440109 4.0643691710878036005 7.1763691987876798706
nan nan nan nan nan nan nan nan nan nan nan nan nan nan nan nan nan nan nan nan nan nan nan nan nan nan nan nan nan nan nan nan nan 0.024842901641374776772 0.056502926644804558898 0.10954691739358422831 0.1621946232128822496 0.22635137001293090253 0.31963718532736085098 0.25093300498509352181 0.16495602948998489001 0.12585092043174370136 0.14388731583411532022 0.27760134251043089293 0.64769680951763919374 1.4107049972681431349 2.768793292746475565 4.8946805571329248252 5.8612224638077146111 8.8150126859682487179
nan nan nan nan nan nan nan nan nan nan nan nan nan nan nan nan nan nan nan nan nan nan nan nan nan nan nan nan nan nan nan nan nan 0.025958475445457398351 0.052288235932045040721 0.081058902375113414673 0.12450884476296403269 0.19438866566888088339 0.20546114112707888899 0.21126463505052420211 0.13742511016930963885 0.13662276265466882785 0.21029402430990373762 0.46729859668414341911 1.0742193971201574598 2.724375297741790547 4.778285513406815177 8.1196027709152556184 10.772901140509150153 11.985698409120809416
nan nan nan nan nan nan nan nan nan nan nan nan nan nan nan nan nan nan nan nan nan nan nan nan nan nan nan nan nan nan nan nan nan 0.015368942572041122824 0.037584242126010448948 0.07032431924220632069 0.097048889028124987743 0.14671995986995559069 0.18786119237028103823 0.18130369834974296994 0.15710613763933783948 0.17033134733240709591 0.29872989479722505957 0.62030008453532059498 1.5318426747219420214 3.5855461427949562037 7.6914597275633003193 12.506528627268851395 19.003088638796366894 19.357489472108017736
nan nan nan nan nan nan nan nan nan nan nan nan nan nan nan nan nan nan nan nan nan nan nan nan nan nan nan nan nan nan nan nan 0.002836521491784102858 0.0098520526291864547047 0.021808085319243074307 0.074708212175738225591 0.09892005509141668651 nan 0.22544603205344909691 0.2969882607456026391 0.26669991884080002098 0.350262028874773923 0.48049840655784542554 0.88024509281110896453 1.9049525251490151412 4.5453973365599038559 9.7646045792686297915 18.844936585099855364 23.370851088717355282 22.718715207637881548
nan nan nan nan nan nan nan nan nan nan nan nan nan nan nan nan nan nan nan nan nan nan nan nan nan nan nan nan nan nan nan nan nan nan 0.012014094385965581879 nan 0.21097048831729564577 nan 0.45500887140685197796 0.56299291192928690997 0.55294420719619008509 0.59736847334569864731 0.92226393275958029605 1.4171177108481456397 2.5045211383514964787 5.309240976016583069 10.545199040815775859 19.326094453431068132 20.589473737980519275 20.84197048679417108
nan nan nan nan nan nan nan nan nan nan nan nan nan nan nan nan nan nan nan nan nan nan nan nan nan nan nan nan nan nan nan nan nan nan nan nan 0.38876052068703603748 0.73988364291818997653 0.76924623571660899479 0.78322148410057601531 0.83786356893332758489 1.1143826836852295248 1.966840428193453949 2.5177398250513101097 3.3936344873216532925 5.8086889806282231419 11.167202398865240909 17.493781751406494607 21.966085319050925762 23.304280426734489851
nan nan nan nan nan nan nan nan nan nan nan nan nan nan nan nan nan nan nan nan nan nan nan nan nan nan nan nan nan nan nan nan nan nan nan nan 0.57361156344678043695 0.92245620406644324163 1.1639446301994738064 1.0393837826586553863 nan 2.0966571715976627388 3.2598249020918586005 4.2901563764572152593 4.6973272050827183932 7.0859060933325022091 12.461049242531753833 23.227861856978623933 30.211354704583669673 31.13164029907897401
nan nan nan nan nan nan nan nan nan nan nan nan nan nan nan nan nan nan nan nan nan nan nan nan nan nan nan nan nan nan nan nan nan nan nan nan 0.40624519683258730751 0.63703231862020381904 nan 1.0137116541020301241 2.0318321295208892074 3.3999634240295844023 5.5930182460050801296 5.6671452269920949973 6.9874042132939537808 8.5414243052218150609 13.48730958395124091 25.92780697087079389 33.55021267693904008 32.8702211187677662
nan nan nan nan nan nan nan nan nan nan nan nan nan nan nan nan nan nan nan nan nan nan nan nan nan nan nan nan nan nan nan nan nan nan nan nan nan nan nan nan 2.7234357140967087041 5.5904768623361009716 7.029517278857014162 8.7982779563922104415 9.2176026835368212176 10.525800705868242346 14.083603458060263591 24.078318062776826736 32.213808662781460157 30.990165333137039028
nan nan nan nan nan nan nan nan nan nan nan nan nan nan nan nan nan nan nan nan nan nan nan nan nan nan nan nan nan nan nan nan nan nan nan nan nan nan nan nan 3.1261267299338189041 6.2042436055573872977 7.7674373347863596706 9.433990237533597778 11.406776537892348244 12.819144734598026503 14.463217962544682393 16.011552469014191047 22.090251912637931753 22.849600663670926792
nan nan nan nan nan nan nan nan nan nan nan nan nan nan nan nan nan nan nan nan nan nan nan nan nan nan nan nan nan nan nan nan nan nan nan nan nan nan nan nan 3.6359422853806102616 7.748832059800144556 8.9129333486183313084 10.214787725322420187 11.126442600998519339 12.153565616847251007 12.401139884332190277 11.960557695454793858 14.390596199730129712 13.795388481806330816
nan nan nan nan nan nan nan nan nan nan nan nan nan nan nan nan nan nan nan nan nan nan nan nan nan nan nan nan nan nan nan nan nan nan nan nan nan nan nan nan 4.3873742393730106315 8.4813983032484117075 11.59895272737712979 10.406267977619995335 11.66721838301326386 11.925475382823377046 9.9386455249028156089 9.0703792681199502113 8.7462571337465835342 8.0233795615460401507
nan nan nan nan nan nan nan nan nan nan nan nan nan nan nan nan nan nan nan nan nan nan nan nan nan nan nan nan nan nan nan nan nan nan nan nan nan nan nan nan 5.7108250825759991898 9.167702692777311313 9.8993439840699846144 9.4256020772005886244 9.2505626344023497154 9.3227373256148560188 8.6542888907198225468 6.7570178287690900731 6.2568137910391241618 4.9793451078012207489
nan nan nan nan nan nan nan nan nan nan nan nan nan nan nan nan nan nan nan nan nan nan nan nan nan nan nan nan nan nan nan nan nan nan nan nan nan nan nan 3.1007155812203754941 6.2780710307120850544 8.2337007140566136343 8.4439393068839923018 8.0580642142546299311 7.3687233255630646411 7.0451881347402229849 6.8251068386689803802 6.145117394097795227 4.9419739648813827415 3.5540164120970079153
nan nan nan nan nan nan nan nan nan nan nan nan nan nan nan nan nan nan nan nan nan nan nan nan nan nan nan nan nan nan nan nan nan nan nan nan nan nan nan nan 5.2570320809006272356 6.8366055746601981369 6.8626594387467703129 6.1854613538152634078 6.4551520930097732176 6.2241504899703610221 5.4461617341405030857 5.5350905814442068476 4.3267510394046366784 3.5983413960789873975
