src/SDSim/tmp/apis10
ncols        196
nrows        122
xllcorner    -12.166618000000
yllcorner    34.999860000000
cellsize     0.083333000000
[rows 88 to 109 of 122, columns 100 to 149 of 196]
10.699607703138724446 8.8427581819223828319 6.8866779266144071414 3.5166093102722748576 1.4615534096469038339 2.350490212930181233 3.6971752921562268668 5.887251238232652284 7.4736547669060833243 4.2918996224335250744 2.3515736143095273825 2.5095659339407743182 3.4651061043195441336 3.0141698329134962719 2.6526458568936739368 1.8990144566677353843 0.96582640595473800982 0.53088419278265097656 0.2659491004447782081 0.15568130032787938499 0.14675907023477471891 0.12489300191708210819 0.12538233279838828516 0.23341681573485434376 0.34890664710492103051 0.78410812255052819708 1.1431134076621058959 1.9624318573943271282 3.5808580435237820083 3.8297146488691069521 2.9377860249385467917 3.2961172308473232206 7.6425576903653356098 18.477492069471569636 28.088209739310538993 26.048998676973948108 nan nan nan nan nan nan nan nan nan nan nan nan nan nan
7.5842542306392841667 6.4072694743795715056 5.2937731083940366972 1.9886802543783856922 0.98240579695743135424 1.5725349315561212293 3.5297020954005562388 4.765808932746351978 8.7336473159703622571 11.650966522078539001 6.3876100461176541501 5.8045986110070613151 6.0044031856456792084 6.3958123706219556226 5.7657391756093723245 3.0358790485126263547 1.5375439889860658127 0.66079842018086076827 0.22008858723732702134 0.082338624550779643263 0.064576629783071048951 0.058890065027902928352 0.12707559236616511322 0.26080096780315509264 0.43278162588529528465 0.58121096487973755718 0.71131251886108393112 1.3133735597894982128 1.6343980609108814672 1.6333756214251820005 1.4931576839240110477 2.1876169239917300224 5.5107515706636771569 12.674262627845418905 19.511099366575642478 nan nan nan nan nan nan nan nan nan nan nan nan nan nan nan
3.0840920140670848859 3.0378816850186036724 3.3534220036013855371 1.600105652632620945 1.0405982373880215963 1.8418216614526650154 2.7499160632961756612 5.9565803770627958613 10.750206246152254508 13.016387987925032377 10.991099095327818702 9.7764482215678789601 12.285454376122689979 14.042857920853686338 8.2078294134141671634 3.949112989062462109 1.2733140384989953819 0.53827073141490666686 0.1819886703093970548 0.07169303054538531117 0.099323100832253166659 0.19813232295666605154 0.31191652054495727642 0.65726496670734724237 0.9618691962929506456 1.2815533223667674445 1.0559867411361969491 0.7955909539930807739 0.52669711857984913284 0.64010528474669792232 0.60000610911627894062 1.2666130911156723293 3.2161992568851842655 8.6985586671454537822 10.021202226875237429 10.715713306130171034 3.2428918478698980365 nan nan nan nan nan nan nan nan nan nan nan nan nan
2.2023090159333316151 1.9359247825738539195 1.6143183352625360971 1.023298377788959268 0.8740497897602436117 1.5563217113980012396 3.3311562882599163871 5.3520851640167306229 7.1892732690600205103 15.613786196004406648 19.495396479817955537 12.442274739374859394 13.323481771676146224 12.347165558158232912 8.5162852185513440162 4.6198709068726113713 1.8333216292293619265 0.61515362359816494475 0.21681197543533714533 0.10308482753432338108 0.18510433692260322425 0.54210412116895834167 1.2262189309022353267 2.0655387561347717806 3.5869538068800874697 3.1287094528176879749 2.1982718286652875861 0.90427270461163966608 0.73649665483712745129 0.37286748013318199435 0.19210859098403726408 nan 1.2930863233492875253 nan 6.141621214177572341 nan nan nan nan nan nan nan nan nan nan nan nan nan nan nan
1.6559342028412527004 1.4762201805336887528 1.2832090286950639246 0.87141621757148179928 0.77313775985720478712 0.98263918768790803338 1.6940627111195367682 3.6733775131363062272 6.9099394102692679454 8.2793619205246127279 6.992179930041615421 5.9923561932887148274 9.126921140397834975 7.7700952687917128614 4.9186030588888991488 2.8296717328526894697 1.6366492124292031374 0.8026358061956325729 0.35948291694110073857 0.29024881934794860561 0.63173721619838418828 2.0242193349022410409 4.1079395149754658334 6.9174261177669400524 7.3189185976935506872 6.1601274919579118716 3.9365934985255792711 1.6673310601190536318 0.5126069646733815155 nan nan nan nan nan nan nan nan nan nan nan nan nan nan nan nan nan nan nan nan nan
1.6649843209514421094 2.4575456110333147031 1.4706025185278630563 1.1730259373650899768 0.76505252747114771417 0.59759322831489880556 0.97514187774722149715 2.0532756911971183911 3.6027118775419801899 3.0649699399890675267 2.4846933679925982119 1.779158836585583936 2.9362348977890793122 4.0627824522429412113 3.5680340540388346682 2.7093961022675285832 2.3685626602223806003 1.2264386381397323067 0.63412669955343403672 0.54551191904363605101 1.3558328345389387692 3.5988120742087854609 6.9192293410435468104 9.8547705208805957966 9.4893323308404582406 7.3076600201643966415 3.6235617943305924449 nan nan nan nan nan nan nan nan nan nan nan nan nan nan nan nan nan nan nan nan nan nan nan
2.070526165476870073 3.9411780662779776208 4.0107232832272714518 1.8837476710833169768 0.88973749881471397849 0.56513105939917007703 0.5203318858268063396 0.86078558515534309148 1.1774986806932841166 1.1350926299071137926 0.6309361261617161265 0.50676690680978719872 0.9838043601397419291 1.6416710851921627601 1.6910125281914416551 1.4105251261515852068 1.4305804688298904281 0.85194216884861573291 0.42407727479372508972 0.43822034637047396766 1.2641991989712264566 3.2713323377553176208 6.6239208691930002715 7.6404851131456439362 6.938620732023323967 4.5949888286874518428 nan nan nan nan nan nan nan nan nan nan nan nan nan nan nan nan nan nan nan nan nan nan nan nan
4.6830226176854141684 6.0475228404724417075 6.6765662007861257266 4.2352086400323400994 1.7446294912561968182 0.72079495533166459964 0.28345724008140860128 0.25853346323133180595 0.31132704851073433883 0.35366010715393048081 0.43867578251327454808 0.61015227643008995706 0.70813009304331220317 0.9066190743629014559 0.89239313699266020752 0.64188757194470302814 0.56531576385447024347 0.37719866359014986301 0.32720361661365199302 0.26676914474732749127 0.6109758695871253531 2.0732329498303365689 3.438914878647184814 4.1812587288352931481 3.0678078318796080382 nan nan nan nan nan nan nan nan nan nan nan nan nan nan nan nan nan nan nan nan nan nan nan nan nan
4.7212659008473858435 7.344523729386363442 7.7649436457787945898 5.3428311070338931899 2.4408654654422052843 0.7301530780483908023 0.17621471958302040162 0.053026883776710900809 0.076080415919891800081 0.14173850981944424721 0.31333888596913184177 1.0358170349013839928 2.4165320213027272622 3.2968491751594886097 2.8943131823995726926 2.4826306633295676107 3.1697207660667099383 1.7861236979031662742 0.71301930315681127937 0.34534801555468114254 0.38285757391865721244 0.83221820482577846256 1.5342090101207017661 1.3811255209451758219 nan nan nan nan nan nan nan nan nan nan nan nan nan nan nan nan nan nan nan nan nan nan nan nan nan nan
3.2878110292665216896 5.9500454482493561059 4.7510091252127386596 3.2129421018663650855 1.1895876892550769632 0.3004226681047849068 0.11009755618490145446 0.025754449397975488073 0.042607078593716471437 0.11464031288454790136 0.25400450596714124751 0.5772487627804033794 2.1813951669736644234 4.2912158166454723585 9.5862357232472472646 12.531853595156123404 9.5229744858408658104 5.1249531657920543992 1.5806625892169106073 0.40571898973688647061 0.19640379680456310219 0.27869357014135953676 0.32599382063719950509 0.32747382021541265873 nan nan nan nan nan nan nan nan nan nan nan nan nan nan nan nan nan nan nan nan nan nan nan nan nan nan
1.3277821025864207094 1.8999303933382041265 3.0420044869797671083 3.1131107455545206086 1.3776848049739400803 0.58458440935032018881 0.1740068900104374261 0.09034649820469657644 0.27256531878863055063 1.3105906307456209881 1.6067112334513851124 2.6088659804640417228 7.1496672876685947173 10.798466836056082485 21.656906928099544984 28.179064755432349898 13.244385659460720106 5.5083863633190865983 1.5231083511896270632 0.37644365391639250662 0.094554633563380688366 0.068102623457080457836 0.081823972113410872731 nan nan nan nan nan nan nan nan nan nan nan nan nan nan nan nan nan nan nan nan nan nan nan nan nan nan nan
0.45614807178312943847 0.91022882905083135618 1.3366323739734118359 2.1696499417724433023 1.2022478775286384867 0.24077104742498076084 0.11573889164015599418 0.12500335791021593979 0.51912776119297920907 2.4592150838528556989 7.9387035218319983443 10.333564830088608488 25.689909052578933313 41.701596744310762688 38.649706137583009991 21.364504997246765328 8.0611901935048795309 nan 0.63231466466290053852 0.23814859496432230768 0.061778869570486893981 0.01973813735750510126 nan nan nan nan nan nan nan nan nan nan nan nan nan nan nan nan nan nan nan nan nan nan nan nan nan nan nan nan
0.38797250225414553482 0.53506118206885477928 0.74151949785820792105 0.59266645875572865343 0.55580409596281310503 0.28215110992837627579 0.09448983020130195809 0.11087320027650451881 0.53292778872531754164 2.1790794221942109132 5.4560764662591783036 13.706867606483090327 25.233192725583805327 29.128641486369282632 nan nan nan nan nan 0.096159537351912668934 0.031124228357069211315 nan nan nan nan nan nan nan nan nan nan nan nan nan nan nan nan nan nan nan nan nan nan nan nan nan nan nan nan nan
nan nan nan nan nan nan nan nan nan nan nan nan nan nan nan nan nan nan nan nan nan nan nan nan nan nan nan nan nan nan nan nan nan nan nan nan nan nan nan nan nan nan nan nan nan nan nan nan nan nan
nan nan nan nan nan nan nan nan nan nan nan nan nan nan nan nan nan nan nan nan nan nan nan nan nan nan nan nan nan nan nan nan nan nan nan nan nan nan nan nan nan nan nan nan nan nan nan nan nan nan
nan nan nan nan nan nan nan nan nan nan nan nan nan nan nan nan nan nan nan nan nan nan nan nan nan nan nan nan nan nan nan nan nan nan nan nan nan nan nan nan nan nan nan nan nan nan nan nan nan nan
nan nan nan nan nan nan nan nan nan nan nan nan nan nan nan nan nan nan nan nan nan nan nan nan nan nan nan nan nan nan nan nan nan nan nan nan nan nan nan nan nan nan nan nan nan nan nan nan nan nan
nan nan nan nan nan nan nan nan nan nan nan nan nan nan nan nan nan nan nan nan nan nan nan nan nan nan nan nan nan nan nan nan nan nan nan nan nan nan nan nan nan nan nan nan nan nan nan nan nan nan
nan nan nan nan nan nan nan nan nan nan nan nan nan nan nan nan nan nan nan nan nan nan nan nan nan nan nan nan nan nan nan nan nan nan nan nan nan nan nan nan nan nan nan nan nan nan nan nan nan nan
nan nan nan nan nan nan nan nan nan nan nan nan nan nan nan nan nan nan nan nan nan nan nan nan nan nan nan nan nan nan nan nan nan nan nan nan nan nan nan nan nan nan nan nan nan nan nan nan nan nan
nan nan nan nan nan nan nan nan nan nan nan nan nan nan nan nan nan nan nan nan nan nan nan nan nan nan nan nan nan nan nan nan nan nan nan nan nan nan nan nan nan nan nan nan nan nan nan nan nan nan
nan nan nan nan nan nan nan nan nan nan nan nan nan nan nan nan nan nan nan nan nan nan nan nan nan nan nan nan nan nan nan nan nan nan nan nan nan nan nan nan nan nan nan nan nan nan nan nan nan nan
