src/SDSim/tmp/apis9
ncols        196
nrows        122
xllcorner    -12.166618000000
yllcorner    34.999860000000
cellsize     0.083333000000
[rows 88 to 109 of 122, columns 100 to 149 of 196]
10.217873278172016072 8.3463918832198160658 6.4575844496136838302 3.3381277818287724557 1.3748738501040198567 2.2058873332369328679 3.4342124010721315486 5.4184451316516790698 6.7382270420594503335 3.9253408645053569082 2.1961885780023284731 2.414069543710482435 3.3604376687845354255 2.9194024059509389168 2.5808116541376056041 1.8594007791794029405 0.94505141413267890194 0.50923562357053686611 0.24879478350620556903 0.14265254552289771683 0.12978023906066191162 0.10419766438091368488 0.094763988406341190252 0.16098235009588479638 0.2439672856000540957 0.5899359726749885402 0.89268526382560131616 1.5946548682035746047 2.9457880992261906705 3.0890099219694691079 2.2461810728961610906 2.3273967288765735617 5.7906010987577838378 15.152968877274155091 24.293240380346276197 22.917993629183964543 nan nan nan nan nan nan nan nan nan nan nan nan nan nan
7.5972120378757086456 6.2224316977965994369 5.0395541145930069504 1.8842584089632334887 0.94411971349950030152 1.5486097834424126241 3.5669547990047307806 4.7093391771905164234 8.4507789315025103605 10.942718161715363934 6.0690366113521738711 5.5097127034549400193 5.7514921760379928983 6.2637247442543486642 5.8006244745249855299 3.1057864047646264183 1.5446506673964963685 0.6279019554672208292 0.19512461979486597774 0.067338884310479199535 0.049690337337309750665 0.044133616184404582394 0.090874201093378237371 0.17870494534856654067 0.29153829602609787619 0.39683407219065491844 0.50682391260772563513 0.9677262209895522993 1.217003902833845741 1.2010164538076311125 1.0315819064498175095 1.4805965995060810236 4.0360589587346229479 9.9829898454025265409 16.187242008029897988 nan nan nan nan nan nan nan nan nan nan nan nan nan nan nan
3.2711744493658780897 3.115953140953645395 3.2647162104792677439 1.5041723884656952315 0.98955661014414841858 1.8637021331998355755 2.8562863376195086751 6.1723123730297464462 10.640347817586837564 12.890122470501260921 10.841458398090766835 9.546544695916052703 11.704621919082125459 13.914986461243033844 8.5237130508417617847 4.1713406632972738208 1.3211434251422027319 0.52695036079044588195 0.16196684770901928485 0.05563148502275735291 0.075296141834073376797 0.15672527574558223207 0.24911249335611379552 0.5126495762904753617 0.72981934590979702371 0.94416445503503521053 0.76374574347379042827 0.57096564314918041294 0.37150857788674807036 0.42854613190491208652 0.37696357274831243656 0.80907685816605290352 2.2358207430657155435 6.5711490387762996335 8.0466717310432063215 9.4036196851066833347 3.016142974244039543 nan nan nan nan nan nan nan nan nan nan nan nan nan
2.4306140944114322799 2.0544130215553018104 1.6023854104914578844 0.94865132087510950498 0.813630002716717593 1.5495844356196124547 3.4356278165735116836 5.3991565177879126125 7.1662818809445090196 15.623129833812388512 20.039408720547221776 12.231426178823367579 12.739846270566948405 12.229363165420519266 8.9143161535363795167 4.9159544790808107351 1.908143309619460215 0.60167293109009889474 0.18984962533839319643 0.077460374514153343406 0.14454907088965981976 0.45439316233004400925 1.0416221327946744157 1.7418502969627782662 2.9254482975523892208 2.5025834475406973922 1.7438227990913073295 0.72211532143349266288 0.57511769515666000263 0.26171745962861292512 0.11473840544144076059 nan 0.86604417522464827162 nan 5.0186954228136304579 nan nan nan nan nan nan nan nan nan nan nan nan nan nan nan
1.7549387729014860327 1.5202502449640020732 1.2385262611068357241 0.7858520939163451402 0.69195551056533832757 0.94322780554326235425 1.6507931223882117422 3.5410563276277562395 6.6839169548736316884 8.303800604248328554 7.0443364363721263643 5.9335446182963522688 8.7221794323669517013 7.6527925193341417298 5.0343000511687261422 2.9495138772895352908 1.6620263743200633932 0.76214551667854224526 0.29993254757947623856 0.20687125361564775994 0.48680042576859289261 1.6871959870394264147 3.6216884337709922548 6.0417627600525811715 6.2803869378641605792 5.1142106196278076524 3.2714047098862479857 1.4138424283468054021 0.41739540143922360116 nan nan nan nan nan nan nan nan nan nan nan nan nan nan nan nan nan nan nan nan nan
1.6229769757473360148 2.3385146063841033559 1.3846854792062177619 1.0809551468837061972 0.68783569093300167552 0.53466218105626084345 0.87459842377227225985 1.8528898830069273629 3.3486869616555576812 2.9415060341957834922 2.4358287899084838379 1.7223198116972038285 2.8348243746063013226 3.9797369267799727055 3.6053742770443806265 2.7490085144163138864 2.3243427438010080266 1.1224466659842411431 0.50507464929015388755 0.37420621802176673443 1.0174319740001542822 2.9714798971080340628 6.039174525286818529 8.9493237719977152267 8.1609960144166038276 6.1339169155344244189 3.0986788198072319211 nan nan nan nan nan nan nan nan nan nan nan nan nan nan nan nan nan nan nan nan nan nan nan
1.942916414581438378 3.7875715258440356692 3.9341924874382336874 1.8639012709392048794 0.86288630476138772352 0.50682084337547961272 0.43330792887912178424 0.7229004427049136039 1.0196525219983416655 1.0207260395665795905 0.58503212804163107208 0.48216067757379538206 0.96195828225860247063 1.6651540006782208359 1.7460885233066505418 1.4471901628907073434 1.4005241932866743237 0.77473269225823782058 0.33502360809004583242 0.29898171352034930148 0.93556328996792759156 2.6396210777827038285 5.6974831730646009476 6.5812747012726582341 5.9493477466371897933 3.867686714773769463 nan nan nan nan nan nan nan nan nan nan nan nan nan nan nan nan nan nan nan nan nan nan nan nan
4.4283478464868313296 6.1171755588267764381 6.9052710767019753746 4.4091990517199688426 1.757397494428317497 0.67756364529077217629 0.23668916956428190379 0.19965900453174464935 0.24590771116029749854 0.28734180872452297351 0.37549474139888927571 0.56595724616098819215 0.69873453620025394173 0.92165128861499812096 0.91677001580622397015 0.63214835377970546304 0.52536890437599448322 0.32606685991502099009 0.25128026705891354231 0.18074130919134276385 0.44298093763803442213 1.6183242866163853879 2.7526243247205171016 3.4145475507794595948 2.5281566727117690263 nan nan nan nan nan nan nan nan nan nan nan nan nan nan nan nan nan nan nan nan nan nan nan nan nan
4.5639897746014899127 7.5362347657888859587 8.3353432857028124658 5.6334440115610968647 2.4867229473498606573 0.69853208760098262076 0.15232153745907009434 0.039551187243617912104 0.05364883859652406356 0.106402991214145759 0.26183973506580010548 0.93720485493261451726 2.2961591167794557222 3.180791845736008483 2.693306886857460114 2.200542017528465788 2.6650574954634009828 1.4178269469376429956 0.52386567741669420872 0.22692660307685613708 0.26108087748114972015 0.59656250643802211098 1.1272429358854805237 1.0510811210945656402 nan nan nan nan nan nan nan nan nan nan nan nan nan nan nan nan nan nan nan nan nan nan nan nan nan nan
3.1876643723220428051 6.1200875994031811445 4.9605900569472654027 3.3524568800737708507 1.1952187469343977799 0.28644835610454638664 0.095013407072868774628 0.018339576808853182144 0.02833970320752547678 0.084800187881579808247 0.21014544094591583456 0.51643921242825796547 1.9919347478228461856 3.8713616013391023429 8.400033070893483611 10.604768256454667252 7.7765778751486731579 3.9920639546679876908 1.1520816702142133714 0.26457519037945403939 0.11952331714283412345 0.17884296794580797907 0.21938221230842105958 0.22141588206791726345 nan nan nan nan nan nan nan nan nan nan nan nan nan nan nan nan nan nan nan nan nan nan nan nan nan nan
1.276068639799687876 1.8778154225985954628 3.0088252607398566774 3.0091717449617139124 1.3004383325993926768 0.51790304422068145218 0.13947197219371881838 0.057321242210078789114 0.17558855581973137339 0.95084672509904089033 1.3171295329065648705 2.3331109359214226018 6.5402271078733607013 9.8483000105085682918 19.216819479607604393 24.172346885725183085 10.99240115387578598 4.3525386907112082469 1.1008823576581654446 0.24706142753918858279 0.053965318045936364055 0.037968806030763135873 0.048383063475034404632 nan nan nan nan nan nan nan nan nan nan nan nan nan nan nan nan nan nan nan nan nan nan nan nan nan nan nan
0.39831720050051394599 0.81643123290071473175 1.1913648908617819888 1.8750038556238954879 1.0202953666296843416 0.19828724323768601168 0.085675184233117304688 0.073111652781195635153 0.33140950821242687319 1.7802062138007872516 6.4242596687702322455 9.2700167451606478863 23.993174633800400386 38.833417263591528013 35.544636219643955144 18.697782692860570819 6.7834492656941414168 nan 0.46275196057407241845 0.15593396755293001399 0.035198645874025262514 0.0098333750827517517334 nan nan nan nan nan nan nan nan nan nan nan nan nan nan nan nan nan nan nan nan nan nan nan nan nan nan nan nan
0.29469222226180041835 0.41567692253025417815 0.57792278850376443966 0.46083497895087011109 0.42188435734901563734 0.2057641901705770382 0.06164730323802533607 0.061521063366876307943 0.3358071208678865549 1.5826419307644872259 4.4763167773238192737 12.273664287795321926 23.711741527642963945 27.865582688500992958 nan nan nan nan nan 0.062991010266363792192 0.017925499753634624445 nan nan nan nan nan nan nan nan nan nan nan nan nan nan nan nan nan nan nan nan nan nan nan nan nan nan nan nan nan
nan nan nan nan nan nan nan nan nan nan nan nan nan nan nan nan nan nan nan nan nan nan nan nan nan nan nan nan nan nan nan nan nan nan nan nan nan nan nan nan nan nan nan nan nan nan nan nan nan nan
nan nan nan nan nan nan nan nan nan nan nan nan nan nan nan nan nan nan nan nan nan nan nan nan nan nan nan nan nan nan nan nan nan nan nan nan nan nan nan nan nan nan nan nan nan nan nan nan nan nan
nan nan nan nan nan nan nan nan nan nan nan nan nan nan nan nan nan nan nan nan nan nan nan nan nan nan nan nan nan nan nan nan nan nan nan nan nan nan nan nan nan nan nan nan nan nan nan nan nan nan
nan nan nan nan nan nan nan nan nan nan nan nan nan nan nan nan nan nan nan nan nan nan nan nan nan nan nan nan nan nan nan nan nan nan nan nan nan nan nan nan nan nan nan nan nan nan nan nan nan nan
nan nan nan nan nan nan nan nan nan nan nan nan nan nan nan nan nan nan nan nan nan nan nan nan nan nan nan nan nan nan nan nan nan nan nan nan nan nan nan nan nan nan nan nan nan nan nan nan nan nan
nan nan nan nan nan nan nan nan nan nan nan nan nan nan nan nan nan nan nan nan nan nan nan nan nan nan nan nan nan nan nan nan nan nan nan nan nan nan nan nan nan nan nan nan nan nan nan nan nan nan
nan nan nan nan nan nan nan nan nan nan nan nan nan nan nan nan nan nan nan nan nan nan nan nan nan nan nan nan nan nan nan nan nan nan nan nan nan nan nan nan nan nan nan nan nan nan nan nan nan nan
nan nan nan nan nan nan nan nan nan nan nan nan nan nan nan nan nan nan nan nan nan nan nan nan nan nan nan nan nan nan nan nan nan nan nan nan nan nan nan nan nan nan nan nan nan nan nan nan nan nan
nan nan nan nan nan nan nan nan nan nan nan nan nan nan nan nan nan nan nan nan nan nan nan nan nan nan nan nan nan nan nan nan nan nan nan nan nan nan nan nan nan nan nan nan nan nan nan nan nan nan
