src/SDSim/tmp/apis6
ncols        196
nrows        122
xllcorner    -12.166618000000
yllcorner    34.999860000000
cellsize     0.083333000000
[rows 44 to 65 of 122, columns 0 to 49 of 196]
nan nan nan nan nan nan nan nan nan nan nan nan nan nan nan nan nan nan nan nan nan nan nan nan nan nan nan nan nan nan nan nan nan nan nan nan nan nan nan nan 0.25551814311423554082 1.0274141694363632116 2.0991218321330418206 4.5094379862546185578 4.3575133963554035788 4.6959574801682055778 3.0094953823467442966 1.6173029265458909176 1.0120097652956561163 0.5174680130920290555
nan nan nan nan nan nan nan nan nan nan nan nan nan nan nan nan nan nan nan nan nan nan nan nan nan nan nan nan nan nan nan nan nan nan nan nan nan nan nan nan 0.14453536299912816965 0.55364690240092495621 1.6210318115438089315 3.3458197840657275535 5.2551075445868162817 4.4935511585216216801 2.5749879516707654403 2.9352102484951854144 1.2759496840261963513 1.0707803128717470198
nan nan nan nan nan nan nan nan nan nan nan nan nan nan nan nan nan nan nan nan nan nan nan nan nan nan nan nan nan nan nan nan nan nan nan nan nan nan nan nan nan 0.33705022443249049724 1.0702278665130113833 2.5721498297372971109 2.4681986104020730011 3.0950969226625679731 3.0657106652033014882 4.7821494284118744034 4.6977322074357870108 3.0568745112372122108
nan nan nan nan nan nan nan nan nan nan nan nan nan nan nan nan nan nan nan nan nan nan nan nan nan nan nan nan nan nan nan nan nan nan nan nan nan nan nan nan nan 0.18156085060855312041 0.58326018861912509728 1.0371850277392162809 1.5043042662863073122 2.3778153403838691027 6.6471924348773807623 9.8968455256302938494 8.1663630775432345388 3.5045471569524044853
nan nan nan nan nan nan nan nan nan nan nan nan nan nan nan nan nan nan nan nan nan nan nan nan nan nan nan nan nan nan nan nan nan nan nan nan nan nan nan nan nan 0.076663485492564562018 0.18978100918152815413 0.38840545196726272703 0.86912858121841563008 2.6697016198435612466 5.2173529185348410664 12.088966735338068759 9.3538463699115119709 3.6027279977068591421
nan nan nan nan nan nan nan nan nan nan nan nan nan nan nan nan nan nan nan nan nan nan nan nan nan nan nan nan nan nan nan nan nan nan nan nan nan nan nan nan nan nan 0.049668741523694062701 0.13972911675494861794 0.53143889496733520694 1.7404644531856625633 4.7511874972691350294 7.6347028392722853241 12.464019356859033394 8.2292057605983224278
nan nan nan nan nan nan nan nan nan nan nan nan nan nan nan nan nan nan nan nan nan nan nan nan nan nan nan nan nan nan nan nan nan nan nan nan nan nan nan nan nan nan 0.018744483272049174138 0.092099144873808824752 0.369793585048791007 1.2228330721489144572 3.5984380366490062997 6.4387826134610035567 14.447388517956444076 11.634457523660035605
nan nan nan nan nan nan nan nan nan nan nan nan nan nan nan nan nan nan nan nan nan nan nan nan nan nan nan nan nan nan nan nan nan nan nan nan nan nan nan nan nan 0.009878037298910648939 0.04147583331736198059 0.15524759406995958244 0.53999769350213155938 1.6381751069922740882 1.6786099251443153957 3.0577898957910396582 5.3813818885028075201 13.198224540407283101
nan nan nan nan nan nan nan nan nan nan nan nan nan nan nan nan nan nan nan nan nan nan nan nan nan nan nan nan nan nan nan nan nan nan nan nan nan nan nan nan nan nan 0.14134756527110090008 0.45917435429419078963 1.1984049284206368391 1.6863176823880479116 6.7212791794048358796 6.5975363029570859297 8.733713205428374593 8.7867227225330193363
nan nan nan nan nan nan nan nan nan nan nan nan nan nan nan nan nan nan nan nan nan nan nan nan nan nan nan nan nan nan nan nan nan nan nan nan nan nan nan nan nan nan 0.40498960564867680922 1.3316288603172958815 3.1509496207828244785 5.3248766489826158121 5.4908746023329566555 5.5213745595395993249 2.5619224451357682781 3.2219759646599923641
nan nan nan nan nan nan nan nan nan nan nan nan nan nan nan nan nan nan nan nan nan nan nan nan nan nan nan nan nan nan nan nan nan nan nan nan nan nan nan nan nan 0.39540067213147722658 0.70534403755318630935 2.6104870129528006117 7.9705835724870510717 8.5846643740777022202 6.4564302718448232099 2.4522369859769415079 2.510965014918512761 1.4384089949122034202
nan nan nan nan nan nan nan nan nan nan nan nan nan nan nan nan nan nan nan nan nan nan nan nan nan nan nan nan nan nan nan nan nan nan nan nan nan nan nan nan 0.68153328912843536003 1.1055648050229969215 1.3391127578383432706 3.5719739796038805224 9.6763159662648750015 17.9726621668956561 9.4131195689545670291 3.7270645730343909818 2.2532076846843676066 1.810324721804628112
nan nan nan nan nan nan nan nan nan nan nan nan nan nan nan nan nan nan nan nan nan nan nan nan nan nan nan nan nan nan nan nan nan nan nan nan nan nan nan nan 1.8367167739624772338 2.6278340516450082731 2.2585386771243456394 3.8746473763963664716 9.4046484094411901822 9.8108279709852563855 10.735523222659564269 4.203924146744196122 2.071827282633029288 2.9569981785610357505
nan nan nan nan nan nan nan nan nan nan nan nan nan nan nan nan nan nan nan nan nan nan nan nan nan nan nan nan nan nan nan nan nan nan nan nan nan nan nan nan 3.8795167532270773414 4.2421491450310933047 3.3143864806530762834 3.3981170129897937393 4.2430300331977806039 3.9320132361697290868 4.177662262610604138 3.0257082807770245836 1.9110290810188068633 1.8037880207058338833
nan nan nan nan nan nan nan nan nan nan nan nan nan nan nan nan nan nan nan nan nan nan nan nan nan nan nan nan nan nan nan nan nan nan nan nan nan nan nan 2.8736971370674031512 4.9818305590023781448 6.4008098278421545757 6.037506047351795857 4.0484901160387902763 2.2646696139100712664 1.3103663583327027631 1.1583116881378401342 0.96861983785397531843 0.77136408160268143952 0.78002034852941271037
nan nan nan nan nan nan nan nan nan nan nan nan nan nan nan nan nan nan nan nan nan nan nan nan nan nan nan nan nan nan nan nan nan nan nan nan nan nan nan 2.4777638587364796408 6.905635652257952728 9.5302625023804949933 10.080032603789769396 6.386424377139471531 2.4653394957493435236 0.75036812109954231786 0.32837151345369020028 0.23590084805715852423 0.1845153237511601152 0.23925684853802797747
nan nan nan nan nan nan nan nan nan nan nan nan nan nan nan nan nan nan nan nan nan nan nan nan nan nan nan nan nan nan nan nan nan nan nan nan nan nan nan nan 6.4995820036545870479 12.15289238654719739 10.159866803492436205 7.2252252215269301416 2.5768442039148977685 0.99428660145925906733 0.41869044666417049028 0.16096820927669097667 0.098308957079544026514 0.12155274686765085712
nan nan nan nan nan nan nan nan nan nan nan nan nan nan nan nan nan nan nan nan nan nan nan nan nan nan nan nan nan nan nan nan nan nan nan nan nan nan nan 1.9076422928447838157 4.7894401261842762807 7.3109389541725544603 8.7305416831258213506 4.7648201370134612986 2.9045642038422418985 2.1059692098941549254 0.67100821108468566845 0.56046736702025945487 0.32565999215294960667 0.43441579224582083096
nan nan nan nan nan nan nan nan nan nan nan nan nan nan nan nan nan nan nan nan nan nan nan nan nan nan nan nan nan nan nan nan nan nan nan nan nan nan 0.3339765634883044565 1.0803587581384295202 2.2571286728286330536 3.27062231590476582 3.3662644783095969636 2.8317502363459090553 3.9654310973864603795 4.1128109363203781967 3.0258984824866708152 1.9394828184129861981 1.4972005258392357963 1.7250192169181504109
nan nan nan nan nan nan nan nan nan nan nan nan nan nan nan nan nan nan nan nan nan nan nan nan nan nan nan nan nan nan nan nan nan nan nan nan nan nan 0.2013917484103386335 0.43932546694783070063 0.69481348754442984195 0.90064057190504109851 1.1326681919440801938 1.9845583920762035479 4.0404063021297211833 5.5252354155352918497 5.0224517071622178932 5.9046444758899383487 5.2581507148232375926 3.1572813667203774024
nan nan nan nan nan nan nan nan nan nan nan nan nan nan nan nan nan nan nan nan nan nan nan nan nan nan nan nan nan nan nan nan nan nan nan nan nan nan 0.32479526434055561168 0.4890109829615423287 0.44849032945240019377 0.32780542914629601237 0.43727727619408068849 1.0880094868314515999 2.7552011189855192264 4.5882498485300100555 6.6468128141914286644 11.966368953181895307 13.192762060986924055 9.9302275305450731224
nan nan nan nan nan nan nan nan nan nan nan nan nan nan nan nan nan nan nan nan nan nan nan nan nan nan nan nan nan nan nan nan nan nan nan nan nan nan 0.88143050986009230385 1.2556792818247288768 0.85296181671777360211 0.39451298483982460974 0.22603933209782353653 0.59361309879564316816 1.2358648468374717755 2.4236692228897984691 6.1973941044299447611 12.797120411764495884 22.107125620361550489 13.460996827842706125
