src/SDSim/tmp/apis20
ncols        196
nrows        122
xllcorner    -12.166618000000
yllcorner    34.999860000000
cellsize     0.083333000000
[rows 44 to 65 of 122, columns 0 to 49 of 196]
nan nan nan nan nan nan nan nan nan nan nan nan nan nan nan nan nan nan nan nan nan nan nan nan nan nan nan nan nan nan nan nan nan nan nan nan nan nan nan nan 2.0004635098183061181 4.2126368624500321047 4.3908106111180664755 5.6948370165543442667 4.4277973145369680097 4.3212918572565737207 2.9446879195365367465 1.3589070617521956663 0.68246180215830376525 0.42428214223061416766
nan nan nan nan nan nan nan nan nan nan nan nan nan nan nan nan nan nan nan nan nan nan nan nan nan nan nan nan nan nan nan nan nan nan nan nan nan nan nan nan 2.0466138283809902632 4.6724548466320863227 5.9692293375246237019 6.078331894584298567 5.3743568234197329758 4.1166172297682628312 1.9917409476842160565 1.685471457808938478 0.59127062618492365331 0.69873613527293287895
nan nan nan nan nan nan nan nan nan nan nan nan nan nan nan nan nan nan nan nan nan nan nan nan nan nan nan nan nan nan nan nan nan nan nan nan nan nan nan nan nan 4.7426079684036217543 6.7700615219365936071 6.8649454096822699611 3.9080504787061105532 2.7857486023673110331 1.4661123762111241131 1.3627510630073735864 1.1851712187445344604 1.4419749056635171591
nan nan nan nan nan nan nan nan nan nan nan nan nan nan nan nan nan nan nan nan nan nan nan nan nan nan nan nan nan nan nan nan nan nan nan nan nan nan nan nan nan 4.4901593053371033903 7.072526060362894107 6.6190559199523839595 4.5604175234301909114 2.7637723869814743161 2.7978442423258518268 2.0062387699340171743 1.8222584852018604007 1.2453244323389998094
nan nan nan nan nan nan nan nan nan nan nan nan nan nan nan nan nan nan nan nan nan nan nan nan nan nan nan nan nan nan nan nan nan nan nan nan nan nan nan nan nan 3.4693593354949663343 5.995832391241302517 6.5320724025712522121 5.1542564238934014398 4.1974585876183807542 2.4666624514002157831 3.2074577479504999822 1.9387684007234420314 0.92587860786098641341
nan nan nan nan nan nan nan nan nan nan nan nan nan nan nan nan nan nan nan nan nan nan nan nan nan nan nan nan nan nan nan nan nan nan nan nan nan nan nan nan nan nan 4.0547925695921209766 4.9553548840392993569 4.2478026460704274569 3.2650173286823913621 2.904396194886760707 1.9351454666361647128 2.1780131305934373742 1.4065102300063756502
nan nan nan nan nan nan nan nan nan nan nan nan nan nan nan nan nan nan nan nan nan nan nan nan nan nan nan nan nan nan nan nan nan nan nan nan nan nan nan nan nan nan 2.2578073136647009989 3.1625198637069744656 2.34554626863230542 2.0952171641401982072 2.054196737841195386 1.3778676034575922937 1.7747726488640549469 1.5445219823514804158
nan nan nan nan nan nan nan nan nan nan nan nan nan nan nan nan nan nan nan nan nan nan nan nan nan nan nan nan nan nan nan nan nan nan nan nan nan nan nan nan nan 0.57386490334803685887 1.3999591137582383382 1.8870891153210509472 1.9273474181656962134 1.3611086381359638331 0.51493337375254644162 0.49819037258937137747 0.66934810054666837864 1.8064151647321291527
nan nan nan nan nan nan nan nan nan nan nan nan nan nan nan nan nan nan nan nan nan nan nan nan nan nan nan nan nan nan nan nan nan nan nan nan nan nan nan nan nan nan 0.84720206420825105997 1.2651104066045049112 1.4361790304758967896 0.76140466395225214757 1.4670641521175944444 0.86482901786208465911 1.2373580174486646932 1.7523246774892697886
nan nan nan nan nan nan nan nan nan nan nan nan nan nan nan nan nan nan nan nan nan nan nan nan nan nan nan nan nan nan nan nan nan nan nan nan nan nan nan nan nan nan 0.52950626516358667573 0.90450451774623474854 1.3584854958335881303 1.5191323033638803874 1.0710910902808212786 1.0335029121917373995 0.61702133680894222234 1.3629094353911730408
nan nan nan nan nan nan nan nan nan nan nan nan nan nan nan nan nan nan nan nan nan nan nan nan nan nan nan nan nan nan nan nan nan nan nan nan nan nan nan nan nan 0.18892530115045308436 0.37535083643460298575 0.880200053114650105 1.6042520825506505489 1.6024122473621615903 1.3118816575714231654 0.92922517621179978597 2.0744253860756409757 2.4903287061729155738
nan nan nan nan nan nan nan nan nan nan nan nan nan nan nan nan nan nan nan nan nan nan nan nan nan nan nan nan nan nan nan nan nan nan nan nan nan nan nan nan 0.078720399692090617383 0.22829350257777722422 0.49949759170801988351 1.0234156283474913351 1.9172934381055921627 2.8791767504800573896 2.7943527188081649371 2.8335720759753781905 5.0831256494358667553 6.7501264758880159533
nan nan nan nan nan nan nan nan nan nan nan nan nan nan nan nan nan nan nan nan nan nan nan nan nan nan nan nan nan nan nan nan nan nan nan nan nan nan nan nan 0.1240837741928373511 0.33732779775230176122 0.80608988532681957739 1.6625347350443855365 2.8145049841915277256 3.560199527469413816 6.0615358956026126336 7.1813240719617956742 9.3469111741706427665 15.032708311860845996
nan nan nan nan nan nan nan nan nan nan nan nan nan nan nan nan nan nan nan nan nan nan nan nan nan nan nan nan nan nan nan nan nan nan nan nan nan nan nan nan 0.20145574551115816297 0.52345769490076277108 1.1696123619365974555 2.36281521514457582 3.875429103091066807 4.4778951688393879849 8.858333624544640017 13.276225447452645767 17.854464197892244925 21.329318362942576215
nan nan nan nan nan nan nan nan nan nan nan nan nan nan nan nan nan nan nan nan nan nan nan nan nan nan nan nan nan nan nan nan nan nan nan nan nan nan nan 0.11998024700557043121 0.30446916691100245345 0.75032416907315968579 1.918482728863819764 3.4663556270808846271 5.6688970613751834549 7.1562185623011416169 12.17259781272189656 16.863090855915125132 20.888752353905058357 22.510563948285749802
nan nan nan nan nan nan nan nan nan nan nan nan nan nan nan nan nan nan nan nan nan nan nan nan nan nan nan nan nan nan nan nan nan nan nan nan nan nan nan 0.13707208375799195821 0.45920687774588403451 1.1362154807774025311 2.6274979754145988409 5.8299148049096674029 9.146856818048826554 12.621837101912934287 15.390701064538367504 17.713098199934151467 15.395429680669133532 19.891535675181007292
nan nan nan nan nan nan nan nan nan nan nan nan nan nan nan nan nan nan nan nan nan nan nan nan nan nan nan nan nan nan nan nan nan nan nan nan nan nan nan nan 0.64821529384718112876 1.5121433691958932055 3.2999510717367144252 7.3522655816596973466 10.80350638143430686 15.592960427904102971 14.949293795769001747 11.545871366361144084 9.3034076065032866865 6.3867656440706523924
nan nan nan nan nan nan nan nan nan nan nan nan nan nan nan nan nan nan nan nan nan nan nan nan nan nan nan nan nan nan nan nan nan nan nan nan nan nan nan 0.40287164064523134366 0.81793709754307142301 1.765651275085843519 4.0727816008368211698 6.8791056607626366315 11.297765867433811948 13.752275841861676398 5.9245725280788779088 9.0138144879237298568 9.3443837496155151001 10.543398818675417061
nan nan nan nan nan nan nan nan nan nan nan nan nan nan nan nan nan nan nan nan nan nan nan nan nan nan nan nan nan nan nan nan nan nan nan nan nan nan 0.1805762457207668592 0.45614336301888014358 0.97123276840582684066 1.9433521719141622075 3.852868098293372956 6.0534378352686193381 11.318303803132771179 12.659569954914450918 11.51585522280026197 12.838472577065859426 15.807005802969825936 19.492146059075537323
nan nan nan nan nan nan nan nan nan nan nan nan nan nan nan nan nan nan nan nan nan nan nan nan nan nan nan nan nan nan nan nan nan nan nan nan nan nan 0.20218862403735654576 0.49631805654674898687 0.96233366824876920287 1.9127615528398447253 3.7225644418351411247 6.9492406432193147836 10.975577434230935125 11.494397082022487666 13.349628033688144768 18.637008493923666208 17.18750614912444874 10.817013173155650918
nan nan nan nan nan nan nan nan nan nan nan nan nan nan nan nan nan nan nan nan nan nan nan nan nan nan nan nan nan nan nan nan nan nan nan nan nan nan 0.19526611993707959636 0.46478190054939011455 1.0247201952712501338 1.8388054804963596123 3.6219778738758603431 5.9998464823019768133 9.5098883890143515174 13.836230937497402849 15.512905284912338999 18.161694617915618011 16.99863341978753084 13.022955393949404268
nan nan nan nan nan nan nan nan nan nan nan nan nan nan nan nan nan nan nan nan nan nan nan nan nan nan nan nan nan nan nan nan nan nan nan nan nan nan 0.18907661022617436308 0.45809912538702457496 0.87542569087812693862 1.8070022913919185914 3.2552288278684549105 6.9537783699367654577 10.597030662132802092 13.572489574684620806 17.261782448230658105 17.058283541972880215 16.334880788120251793 13.039924496889163663
