src/SDSim/tmp/apis15
ncols        196
nrows        122
xllcorner    -12.166618000000
yllcorner    34.999860000000
cellsize     0.083333000000
[rows 88 to 109 of 122, columns 100 to 149 of 196]
12.789183975561394746 11.120868901303415655 9.1343339514167816162 4.7917654688088600068 2.0816181178137647123 3.3107673347226955762 5.2710614122073682353 8.5354854762872651719 11.160362800839612518 6.0591875805031412128 3.0987904169470805726 3.0433311093178367912 4.0220076314173773824 3.361134387149006475 2.8257470446820254217 1.936835695120974643 0.96835825856512247611 0.55208788472816339166 0.29413398314223071495 0.18619398364180952954 0.20638434649647263708 0.24090689691580519094 0.37154524317832038349 0.92202386792471724419 1.3274789425992463698 2.3699128574574701567 3.1650784353185712483 4.9188076854470068611 8.9723756942004566639 10.556624860600024363 10.160507177532915435 13.873269229556013826 25.295566169283816294 46.686830730518366295 59.359370269735144632 51.059618811779273528 nan nan nan nan nan nan nan nan nan nan nan nan nan nan
8.044213262896033001 7.4337970163883637653 6.5934795789422446788 2.5597780737335389389 1.2305049655483706328 1.8114951637386489391 3.8608415887231841701 5.5046312216416737328 10.441726592595284018 14.615894209213823984 7.7152594718843054977 6.9782679615668348205 6.984093569580505978 6.9509119515450477067 5.7060367467294055288 2.8035550359840670787 1.4447939621132852572 0.70843464439545678069 0.2865005596028483148 0.14400389512559710892 0.15250236450356186024 0.16792059476653695138 0.4554844045189108126 1.109190911238663535 1.9594454986800236007 2.5674204217879830203 2.8034067931566197807 4.7377569742762615235 5.777127760363812925 6.2898337234480878877 7.2586598637062520467 10.798136538210881596 20.621195355819793349 36.627716366197226705 46.803464840960351978 nan nan nan nan nan nan nan nan nan nan nan nan nan nan nan
2.7866434212310400298 3.0358509741605153032 3.813397944771928838 1.9964760579591840362 1.24384972716855291 1.8567671654551736182 2.6326675982394736053 5.8437750251605766749 11.496648102501973554 13.840533860047303349 11.840207220741612915 10.862559037034142051 14.338923779684503046 14.839855930888655067 7.5743648036784101407 3.3517274596146306997 1.0945946500643679578 0.53497284226329244738 0.24411260136602530579 0.15972242423066734807 0.28111209391938979385 0.52303119817123822077 0.82070954006074581244 1.8922192864552411784 3.0863419822903823686 4.5898741134705760558 4.0942891328069395129 3.2078438261568202883 2.2919230417609699479 3.4425997183077097219 3.9053287099330860066 7.4692700290082401082 14.205268549877159145 28.69788135032000298 27.251433085939652301 22.812765397590162308 5.757570560842362184 nan nan nan nan nan nan nan nan nan nan nan nan nan
1.7229710066823125114 1.7133513127810522381 1.7183619079022804943 1.2875084177796880525 1.0828882037737632693 1.6182605714519358031 3.1940052428432408327 5.4017604312043578929 7.3928966524201875643 15.758208063781465214 18.812967633433967052 13.476053208657944538 15.361039020485398154 13.066621649772738323 7.7285627104793270803 3.8138254137778253572 1.5513824869628536351 0.62535933139516242107 0.33722533624537548436 0.2878484014289712789 0.51206819114591894948 1.2378820137032544579 2.6582076529397418163 4.6371168754268072831 9.0286027333891212265 8.5989563445569832112 6.407956111576706526 2.7051942025497517363 2.5325181087518009448 1.8905140729886455997 1.4686007686176654197 nan 6.3340193391024355307 nan 16.198932849701684233 nan nan nan nan nan nan nan nan nan nan nan nan nan nan nan
1.4280796676967573156 1.4033921789973560212 1.4497649090850455167 1.1642752998298353528 1.0598266557171758251 1.1516021862518208696 1.8910318603513802671 4.1561354350102197586 7.6067570874738281717 8.3660378424649799456 7.0083246336215978545 6.3607579073704245687 10.488503461215552548 8.2880043200675093118 4.6481008952871629702 2.4770941181106049811 1.5102040118884834108 0.93346611625077990926 0.70907771438356359539 1.0155288760237775048 1.8757690874627463984 4.7004412099131522851 8.1456130438225820001 13.989051105148515575 15.912396353412209038 14.949438502442077947 9.8463362106447576139 4.1551049394580612528 1.5000739820473920627 nan nan nan nan nan nan nan nan nan nan nan nan nan nan nan nan nan nan nan nan nan
1.8017727199202329125 2.7957469698182415563 1.7103090570031871387 1.4468003360847405681 1.0293712952204983058 0.8414158915093560287 1.3743818139341739126 2.7980287248368043151 4.5195981509153302369 3.4950729008498129247 2.6729600444113583713 1.9785166940622831433 3.2966580241845755417 4.3613780445778873585 3.4783767614573433136 2.5615533783908657206 2.4815646803441615553 1.6570953802253229892 1.5109576729287996777 2.2278429460970330389 4.4390931296341307188 8.7300463594962796066 14.128408424446522673 18.48193704413182914 20.261174675906033826 16.932549234853091491 8.414277480243496754 nan nan nan nan nan nan nan nan nan nan nan nan nan nan nan nan nan nan nan nan nan nan nan
2.5103111756688556433 4.3475216826565343808 4.1209565681899649192 1.8783013098148544362 0.95535557383420566246 0.77512167959906330683 0.89302307426790117351 1.4688934292017363781 1.8424419774650342418 1.5836689742277831883 0.80094921203787605712 0.6018189919852537928 1.1005379649639066564 1.6915719950970498076 1.6587720187221102197 1.4124097181481736207 1.6362399972813979065 1.2764487575326621815 1.1061279431700743459 1.8622646882621107789 4.4155279424101445684 8.6768478445936771948 14.53632454984140665 16.377840782693624533 15.115538130163423958 10.552586351670614206 nan nan nan nan nan nan nan nan nan nan nan nan nan nan nan nan nan nan nan nan nan nan nan nan
5.5967607886878525392 5.8647820887704238402 5.878573212575934015 3.6219417811453391565 1.616144451257805148 0.83470548097051688874 0.48227794480934860211 0.56275551042570681748 0.65001508421668596771 0.67867186850364125128 0.73056826440629685226 0.84750042958483029487 0.88570099103865396195 1.1033438946081366439 1.125488091853966699 0.95629922539774714352 1.0118572012287068151 0.82940652358479394213 1.0356340803791217464 1.2135006692294882935 2.3480614054067210361 6.3353866923376136455 9.395633842452090434 10.534632685094679871 7.4290981496786248073 nan nan nan nan nan nan nan nan nan nan nan nan nan nan nan nan nan nan nan nan nan nan nan nan nan
5.2914958321121856599 6.7417975187780854185 6.234895496809537363 4.3477161447311747366 2.1668587030450674469 0.78552975459498985966 0.27067510651127779653 0.13113560847831437495 0.22579968471872297053 0.36025208501966249353 0.59338357655766060805 1.5920132045625208228 3.4080168879969914286 4.8838345972065182465 5.0132937624887805583 5.0556396710799349492 7.5828401081109184645 5.0897906594686190829 2.6009574055414956817 1.7963152993268709512 1.8775863877123764034 3.3625732824639573693 5.5394859949296089141 4.3458159668520961461 nan nan nan nan nan nan nan nan nan nan nan nan nan nan nan nan nan nan nan nan nan nan nan nan nan nan
3.6412381243281339849 5.4319314051750309247 4.0921059143377904732 2.7875365028433889414 1.1477054490775477902 0.34553264964131363834 0.18555453906354876792 0.090762161003452496155 0.17634813663222154156 0.35575715824578918456 0.55413507391070682129 0.93689846931204412428 3.3569578722459469944 7.0682330214083508579 17.928550401258679159 26.718082833661355835 23.349384106244315262 15.108967590844402551 5.8731248785959202507 2.1818838254681107713 1.3578423626452367223 1.6298233857421806636 1.5623066753755199265 1.5157998629156435033 nan nan nan nan nan nan nan nan nan nan nan nan nan nan nan nan nan nan nan nan nan nan nan nan nan nan
1.5621002807665675949 1.9793242780801827418 3.1834705627510770931 3.5450109188596954368 1.7464222550139898438 0.91486413093441110167 0.42587088004567524857 0.49026177399804038437 1.2972555896576030143 4.340118804131971153 3.6234726993653163518 4.3178241991549448642 10.725327227568268285 16.701597114022742829 37.439901080217978802 56.091607304863330796 30.387480281456650033 15.325171323071808516 5.8262600023573689612 1.9993635987823832334 0.78823990408974908828 0.61936096414351093919 0.59205496503932264485 nan nan nan nan nan nan nan nan nan nan nan nan nan nan nan nan nan nan nan nan nan nan nan nan nan nan nan
0.80725588531546499382 1.4097712443172363272 2.0676255391721616306 3.7225903682496261915 2.2265234222298908584 0.52380239393515193314 0.41170382573644825897 0.85793982283351155615 2.5726339290552755479 8.2307024732038218673 18.344119136362277089 16.859476230890329873 36.812251125852803568 60.263546911898963288 60.277546742476779684 40.239991915252531385 17.560001332186295997 nan 2.348407831361590592 1.2906742274052862562 0.52954500457540554237 0.24381211215570164352 nan nan nan nan nan nan nan nan nan nan nan nan nan nan nan nan nan nan nan nan nan nan nan nan nan nan nan nan
1.0668893354007222829 1.306327825578078361 1.7482679024487006725 1.4081282558747985068 1.4539130788248832982 0.88730780311599222188 0.50444482783777833124 0.87778127485662427176 2.7815287008938573976 7.1851022385175138396 12.022193587700090944 22.444360088410217458 35.587958408835355328 39.858264779160101909 nan nan nan nan nan 0.53440510484830661131 0.2603953262053355644 nan nan nan nan nan nan nan nan nan nan nan nan nan nan nan nan nan nan nan nan nan nan nan nan nan nan nan nan nan
nan nan nan nan nan nan nan nan nan nan nan nan nan nan nan nan nan nan nan nan nan nan nan nan nan nan nan nan nan nan nan nan nan nan nan nan nan nan nan nan nan nan nan nan nan nan nan nan nan nan
nan nan nan nan nan nan nan nan nan nan nan nan nan nan nan nan nan nan nan nan nan nan nan nan nan nan nan nan nan nan nan nan nan nan nan nan nan nan nan nan nan nan nan nan nan nan nan nan nan nan
nan nan nan nan nan nan nan nan nan nan nan nan nan nan nan nan nan nan nan nan nan nan nan nan nan nan nan nan nan nan nan nan nan nan nan nan nan nan nan nan nan nan nan nan nan nan nan nan nan nan
nan nan nan nan nan nan nan nan nan nan nan nan nan nan nan nan nan nan nan nan nan nan nan nan nan nan nan nan nan nan nan nan nan nan nan nan nan nan nan nan nan nan nan nan nan nan nan nan nan nan
nan nan nan nan nan nan nan nan nan nan nan nan nan nan nan nan nan nan nan nan nan nan nan nan nan nan nan nan nan nan nan nan nan nan nan nan nan nan nan nan nan nan nan nan nan nan nan nan nan nan
nan nan nan nan nan nan nan nan nan nan nan nan nan nan nan nan nan nan nan nan nan nan nan nan nan nan nan nan nan nan nan nan nan nan nan nan nan nan nan nan nan nan nan nan nan nan nan nan nan nan
nan nan nan nan nan nan nan nan nan nan nan nan nan nan nan nan nan nan nan nan nan nan nan nan nan nan nan nan nan nan nan nan nan nan nan nan nan nan nan nan nan nan nan nan nan nan nan nan nan nan
nan nan nan nan nan nan nan nan nan nan nan nan nan nan nan nan nan nan nan nan nan nan nan nan nan nan nan nan nan nan nan nan nan nan nan nan nan nan nan nan nan nan nan nan nan nan nan nan nan nan
nan nan nan nan nan nan nan nan nan nan nan nan nan nan nan nan nan nan nan nan nan nan nan nan nan nan nan nan nan nan nan nan nan nan nan nan nan nan nan nan nan nan nan nan nan nan nan nan nan nan
