src/SDSim/tmp/apis3
ncols        196
nrows        122
xllcorner    -12.166618000000
yllcorner    34.999860000000
cellsize     0.083333000000
[rows 69 to 91 of 122, columns 0 to 50 of 196]
nan nan nan nan nan nan nan nan nan nan nan nan nan nan nan nan nan nan nan nan nan nan nan nan nan nan nan nan nan nan nan nan nan nan nan 0.6445458957760497043 1.1304213869656765112 1.375158840573725394 1.7551898700482460036 1.2439985090425316194 0.58891661875497036682 0.11284686319825802669 0.0072537410499081654558 0 0.00050914651038706912247 0.0021133502610162402564 0.0051520631932496733368 0.015315079090448567578 0.18144863074965320027 1.8072966226783779842 7.3524240719541289479
nan nan nan nan nan nan nan nan nan nan nan nan nan nan nan nan nan nan nan nan nan nan nan nan nan nan nan nan nan nan nan nan nan nan 0.49256683176183591044 1.5726633338707041165 2.5066216011777839867 2.3619566170017867179 0.97374628579103494896 0.36078393610944969883 0.10037409759294464717 0.035404708026681920574 0.0029840933361968864646 0 0 0 0 0.0059429164930250369392 0.14726996179392007336 1.2932372315952997965 6.5447410276903390525
nan nan nan nan nan nan nan nan nan nan nan nan nan nan nan nan nan nan nan nan nan nan nan nan nan nan nan nan nan nan nan nan nan nan 0.65777000514226591221 1.9445917580858089746 3.5347268503074285029 2.7138475356095304036 1.1829596086567797375 0.20655387506682598708 0.019545703410193671773 0.0025367862822745007242 0.00076967771500694587283 0.00011983071078006219084 0.00010083070455571012847 6.5001699178171803615e-05 2.7023884192211274563e-05 0.0036840090343388028765 0.076127147213582324614 0.64695224587338684419 1.3156678762354923062
nan nan nan nan nan nan nan nan nan nan nan nan nan nan nan nan nan nan nan nan nan nan nan nan nan nan nan nan nan nan nan nan nan nan 0.50512890398633603084 1.6233516902218079192 2.5889009229610606688 2.2201409871308470656 0.95204862076067864329 0.17050939243971241499 0.010919021530974303696 0.0010411927291774634476 0.0022073649358209162727 0.002593650060979752793 0.0027799235703291126122 0.0030319475147742164234 0.0053201577923199169784 0.0092354824544323317614 0.033762825199415008592 0.089113152323350139361 0.2449216987766865139
nan nan nan nan nan nan nan nan nan nan nan nan nan nan nan nan nan nan nan nan nan nan nan nan nan nan nan nan nan nan nan nan nan 0.053361353815987569438 0.25822465953947071338 0.62862371973477781939 0.90975462134235740574 0.7769604638144459452 0.49613905244932743344 0.088282812175286884404 0.0068040552013378221077 0.0078892326434351900399 0.01756462162360182544 0.025575054001430820583 0.020381043650211393137 0.039647112346878427003 0.094104214738877339785 0.19523915109723194439 0.21505314137236483663 0.21339113081962821084 0.29762366002683737776
nan nan nan nan nan nan nan nan nan nan nan nan nan nan nan nan nan nan nan nan nan nan nan nan nan nan nan nan nan nan nan nan nan 0.021536090919150131795 0.058807099801154998076 0.11317275809105316331 0.14379819222178755189 0.14607063771578390754 0.08088287567986181259 0.034464551500632677195 0.0043593071540051825039 0.016950262557138086328 0.083003228910293172516 0.10347436098129042525 0.087598281252331960944 0.11530854109159499599 0.72223462467082766292 1.5596267505140990473 2.2323979662159785242 1.6655515243246059587 1.099398325957879452
nan nan nan nan nan nan nan nan nan nan nan nan nan nan nan nan nan nan nan nan nan nan nan nan nan nan nan nan nan nan nan nan nan 0.0018160745999936764739 0.0046766229087447774154 0.0076271479538257257874 0.0097396025090272925206 0.0092437368341482493983 0.0070350256109834048007 0.0034866763788379854724 0.0036803229437842180718 0.022035712480896023358 0.094318764449295738883 0.26045065617984691775 0.10386205694418791656 0.19957200557354121129 1.5423262749901602842 7.4463179793532621176 10.136916333111411603 8.8201255543711507556 1.9962542344973015496
nan nan nan nan nan nan nan nan nan nan nan nan nan nan nan nan nan nan nan nan nan nan nan nan nan nan nan nan nan nan nan nan 0 0 0 0.0023800513387100259537 0.0028447420454534248085 nan 0.015778375683645182864 0.021243647282416761035 0.017499975837842934867 0.026421946240562627084 0.082766210548567281657 0.095952436005479133097 0.088690042428271886887 0.22931963783576253535 2.1829754061483113148 10.110286685031178777 29.461583140435838146 10.113009303305394937 2.6291972440307236347
nan nan nan nan nan nan nan nan nan nan nan nan nan nan nan nan nan nan nan nan nan nan nan nan nan nan nan nan nan nan nan nan nan nan 0 nan 0.069903917668623902215 nan 0.1533043145431378651 0.18026984673800655612 0.12198997407793753245 0.065757684674035296601 0.029339441667277588177 0.031831730794478679814 0.031359396649488280318 0.20153503560131369454 1.6672422792493368782 8.7891371087702960807 9.1682035380748825304 8.1235439062287806422 2.0583560001245766458
nan nan nan nan nan nan nan nan nan nan nan nan nan nan nan nan nan nan nan nan nan nan nan nan nan nan nan nan nan nan nan nan nan nan nan nan 0.4263429276103518073 0.61172296182764018813 0.67365294365778716212 0.57543284986312559504 0.45120081615772278383 0.12629389251426148544 0.14325641371224528964 0.14862655719876988192 0.12985360266770362703 0.18774724357123054319 1.0244645710797535276 2.6060292596382654828 4.0683741491747928976 4.1926548888102423973 2.6847086555652599493
nan nan nan nan nan nan nan nan nan nan nan nan nan nan nan nan nan nan nan nan nan nan nan nan nan nan nan nan nan nan nan nan nan nan nan nan 1.4241622068128152456 1.836172242601258997 1.2024759678756613557 1.1576297006259657074 nan 0.57724423890985088192 0.95007003860736749523 1.3680199642974839591 0.9242678049511707794 0.60857690759350624443 0.94159161839622240731 3.3745124423276022796 11.195072576603587677 12.114083923246807828 10.246410368495181942
nan nan nan nan nan nan nan nan nan nan nan nan nan nan nan nan nan nan nan nan nan nan nan nan nan nan nan nan nan nan nan nan nan nan nan nan 1.6384460285972264337 1.6940003962200949061 nan 0.51775243948189386689 0.58528053250525124973 1.0037472698847931252 4.6438902351124218271 4.7588732905763704295 4.4702972567244101398 1.1122048857548050282 1.4478751078659033436 8.6906167078721612285 17.457861131236917629 35.049575349812798208 11.533280847572450867
nan nan nan nan nan nan nan nan nan nan nan nan nan nan nan nan nan nan nan nan nan nan nan nan nan nan nan nan nan nan nan nan nan nan nan nan nan nan nan nan 0.31082883058941934706 1.4924639553544301052 5.2576200135279709258 14.695904160891592127 5.4105296983083261964 1.7594349737921446408 1.9895590753307397236 8.7028863210124587368 29.744091952183886463 17.08734701361182573 10.519596633668314212
nan nan nan nan nan nan nan nan nan nan nan nan nan nan nan nan nan nan nan nan nan nan nan nan nan nan nan nan nan nan nan nan nan nan nan nan nan nan nan nan 0.35220751945973438612 1.2480362053960891711 4.4837711813934095773 5.8530241840757994964 6.2870719578528690974 3.5036405786479787317 3.199446879247391351 6.5234511987745840145 8.5003366694382513913 8.3022148801336861368 3.0812287796984847432
nan nan nan nan nan nan nan nan nan nan nan nan nan nan nan nan nan nan nan nan nan nan nan nan nan nan nan nan nan nan nan nan nan nan nan nan nan nan nan nan 1.5771052115733810162 2.9888781303981861726 2.6958495648555480528 3.4786449125751000011 7.2569912528193007972 9.1819159992356915723 8.6505801751494342255 3.9070388597213021598 2.2984646215572488437 1.4529280177335501811 0.83441479391553985412
nan nan nan nan nan nan nan nan nan nan nan nan nan nan nan nan nan nan nan nan nan nan nan nan nan nan nan nan nan nan nan nan nan nan nan nan nan nan nan nan 5.5835532865303205696 7.9440354463644027305 8.1507245141258941601 3.6158963132635189019 8.1426900358026959026 21.426316341514084485 11.480957273368996852 3.7585864313915231527 0.92278924539069095978 0.29991328680983408983 0.20691476763791971649
nan nan nan nan nan nan nan nan nan nan nan nan nan nan nan nan nan nan nan nan nan nan nan nan nan nan nan nan nan nan nan nan nan nan nan nan nan nan nan nan 7.296894326573632128 19.695105700228097589 8.5662908963923189987 3.7425277390731981342 6.3982606071319469976 8.5686280233201070899 8.136615465344934961 3.000299613175267055 0.76591250091034246417 0.45784932918122239753 0.44757425953177193412
nan nan nan nan nan nan nan nan nan nan nan nan nan nan nan nan nan nan nan nan nan nan nan nan nan nan nan nan nan nan nan nan nan nan nan nan nan nan nan 2.3396964700522957514 8.6560839866457222058 10.363000859639811324 9.0483661606803718058 2.8191454419301518186 1.9106084280975410561 3.0187488055023443678 2.9796988790374143719 2.1821150993089801773 0.66779649822743569754 0.48297309545258942931 1.2367018285405497746
nan nan nan nan nan nan nan nan nan nan nan nan nan nan nan nan nan nan nan nan nan nan nan nan nan nan nan nan nan nan nan nan nan nan nan nan nan nan nan nan 4.6319984675094039162 9.5179436036723430448 4.5512783401251954984 1.6993921196998724721 0.89029144773982382688 1.791991174203624082 3.591531637970650781 1.8381806291278448562 0.68530221317231332367 0.44595284369982562955 0.42466662426007417697
nan nan nan nan nan nan nan nan nan nan nan nan nan nan nan nan nan nan nan nan nan nan nan nan nan nan nan nan nan nan nan nan nan nan nan nan nan nan nan nan 2.5681540322294518219 3.2902240211681315074 2.9009411819177737257 0.97775652603424667575 0.90001687816146647148 2.6871888046887808521 3.5010512577312629112 3.0665612239550443796 0.75823472159873295251 0.26518667911633070355 0.32084648234267404421
nan nan nan nan nan nan nan nan nan nan nan nan nan nan nan nan nan nan nan nan nan nan nan nan nan nan nan nan nan nan nan nan nan nan nan nan nan nan nan nan 0.59288411459468359777 1.0312480295190173951 1.3255147871496211209 1.8189142999537575296 2.8316064148756412422 3.4463038048144754022 5.7673923400946440765 2.5495927235932449584 0.84041877714427992707 0.96454906752905844591 1.6992388762681154279
nan nan nan nan nan nan nan nan nan nan nan nan nan nan nan nan nan nan nan nan nan nan nan nan nan nan nan nan nan nan nan nan nan nan nan nan nan nan nan nan 0.08589601291419320106 0.2737495511241616053 1.3174719728654247231 6.4406202407403849719 8.0669934805883976026 7.4752077324287178328 3.6875045277567273239 2.0945463598766931312 0.6775554687354092831 1.7549978788890234771 7.9724904445186872692
nan nan nan nan nan nan nan nan nan nan nan nan nan nan nan nan nan nan nan nan nan nan nan nan nan nan nan nan nan nan nan nan nan nan nan nan nan nan nan nan 0.013258858525872503631 0.19007562189040982936 1.6011906401107258713 6.2180370132921938264 16.459175426657264296 8.1799586935459274173 2.5394482507817239814 0.67319156464946738883 0.42556054728136694099 2.377292837495366129 9.252222080425207551
