src/SDSim/tmp/apis19
ncols        196
nrows        122
xllcorner    -12.166618000000
yllcorner    34.999860000000
cellsize     0.083333000000
[rows 88 to 109 of 122, columns 50 to 99 of 196]
7.9273703000567561361 8.0066955006996263222 7.5892512232015540974 7.2565955129028836268 7.8394523038306109797 7.4395139208603424663 8.5982233016697673378 9.2136197436282873952 9.4486291829589692526 8.9857047384180805949 8.2006814223693389465 6.2347577460606462552 4.3234978295406785165 3.3377134239486423439 3.743404720072809333 5.7573337466636989035 7.131128936125885609 8.0296912606907504539 9.6672703071711527656 11.921745946786296955 12.01169773202057911 10.155260718078038096 9.0108964790580259319 7.253243028252479796 5.4104842933052568199 3.7314824773572952132 2.4079704181279315556 2.0830764513265958016 1.7934920220656840328 1.9363658735974367264 2.1763652608736214766 2.25881149008112736 2.066756321180105882 1.7843370634170581113 1.7185766420708394886 1.8835524233467610955 2.1737638082182981769 2.4991780654559563324 2.5876655164422053268 2.8471224719724994578 3.106452341422988539 3.3631843108350492066 3.7655627571468470727 4.4928111107165173976 5.9700452482874561966 8.6377048596612233666 11.500309628892484426 13.795589106075468067 13.516810718941124847 13.243626129511008926
9.9148159057910625336 10.436777592482215482 10.697831210494383569 9.4355438946082283991 9.4198857330241985153 10.319247272595143627 10.380964315645789142 12.008051065772107791 14.103226183180954223 14.308127986272792143 13.785116235373001459 11.188970647526142344 7.4964575393353003463 5.3346476994562035401 4.1564637599113591904 4.4301086585342215329 5.8726309357889618923 6.2765111019538863957 9.1838638869875630633 9.3937008881981700625 9.9685862682573098681 10.117252968683910552 9.1835841079867233105 7.123135375138136105 4.0434005449587502312 2.5700809875243688651 1.9993136432702283134 1.4030729581278760243 1.0947524554004033348 1.2968476401174882096 1.1217503896812728303 1.1280690669869866127 1.1690865094963218684 1.2426565259240007766 1.8909778193140025504 2.5993976624603738479 3.400425149632634092 3.9656599840429618276 4.468682612420723288 4.2317991540938635353 4.2277616229928574043 4.0039934335936555598 4.0705483391594370346 4.4364522895383533552 6.0815388595066668387 8.5916211763939109858 11.398326336293191474 12.298334190731038618 8.8298229983703464541 8.3682102178919279822
12.669950542181544151 14.367868222357286001 13.62238772719721247 12.704457647030984901 12.774750903638468102 14.189968083636552265 17.568119608656935782 20.655223176489265313 22.953199512170762375 22.495965406378438445 23.01466843429106035 16.530698995973743592 11.117877117853110391 7.4318105441447226411 4.8147758485647225157 4.5174140516259457812 5.1218696899952007584 6.7932683599906313887 8.2798109048225434492 8.8573435812274112777 9.2637542707566638001 8.2436842911515224586 7.7124659551876577623 5.2456912567200246755 3.6551476301770065014 2.1876483128993426952 1.1228092215178107072 0.77357372100511734292 0.62246654428132797143 0.5690011436026142233 0.60599699493238945447 0.65562285666334529921 0.81786981637827449454 1.2489189046326625299 1.8786271817232231829 3.1371360399092136362 4.4515726577540668529 5.6440425371800433396 5.900170735138844158 7.1020520017212112052 5.6700595187065747638 5.7940211915114563368 4.8199956392885283663 5.119388707780080594 5.1408360269804305176 7.0022972805749041925 8.6998982428456645977 9.5176401663559584421 8.6172735607826513871 4.0695381447199272529
13.848396801016690461 16.663922542227822987 16.991224887539178923 17.334029666321505658 18.235033159840163819 22.016482784762075653 24.568163191913104271 29.871028166590413377 32.488541963000486135 31.7150590907577552 26.996076025871012405 21.932800006079173016 14.55005248196690637 8.3847746249829100407 5.5060017572976880373 5.3604999871794385413 5.7676323855872917434 7.6733266270263928988 9.3863440289039310471 8.8351830034810152625 7.4369584476540238072 6.7830445755643475891 5.1453031569659168909 3.7307843063554870788 2.3435149944724895654 1.4930293034946715558 0.88004107816744148174 0.56144161026148120541 0.44378046360141598647 0.37786547864447439515 0.38376927742882843697 0.49506796283969251027 0.75602350531156914393 1.2868138472043859633 2.186071594037652055 3.2361682622376934937 4.8167793694918765723 7.1927259136462424749 7.9046975173031297501 8.4978044882172660834 7.5130697800629491212 5.9806879446998229 6.3797899518639136218 4.5397244492824642137 4.07531403843442952 5.0694815235827253019 6.5484711850128363153 6.919202072917208568 5.35546802574040548 2.5785762271416974301
12.714274229988134834 15.324573210660089373 19.125761611850080612 20.441354804944502632 21.59784256117404766 25.162335094626794074 33.15119380645541014 38.69866518983415915 39.301576850266471297 37.313519859752283026 31.045876641101092019 21.292800721592680446 16.331119153156627988 9.5066305481895767571 6.1312617579003187984 6.8874549152066881774 9.1812723673426379634 10.400347436267201928 12.002303802479431738 10.244921315066648049 7.7262902744716468462 6.3085072762771234878 4.4846925342643571 2.979377039608099409 2.01985753945041413 1.3194132062113954618 0.98763835277351530451 0.71255737363201610002 0.54731201627211412131 0.40967218025675661286 0.40386133895599274357 0.521163573583735662 0.87624986570695595489 1.4297364561824843499 2.4432728915773900269 3.8968362888620049489 5.6457776065686982037 7.2055657740317506921 8.5478857998688724251 8.8914877515011756515 9.5025631052552110845 9.0770884563555664926 7.7226989967937935688 2.707589372177960918 2.6753819779807259671 3.5387470132779297316 4.0972189890292165515 4.1969831474979999442 2.4572363892497501858 2.0118536198674452642
8.5007655415992822157 13.241610275154734211 17.506516417230677973 20.806000845815582068 22.601902185525354128 28.655890858010081956 31.948262965004680325 42.072232439116618252 44.165711390004169346 35.172406011164575546 32.800267230455752099 24.752063744856780403 13.38458136759450845 8.8493024130574315933 6.5625085762207291395 6.7922297831922211486 9.5922222280112521275 11.43099396023166392 14.866169307209737838 11.874938432669459587 10.183542478413956545 7.750436536464555104 5.832373394144862111 3.5926561942449573017 2.3044425105310208934 1.7859905798813531241 1.443762385167588258 1.0804818342301705236 0.79192854318817706982 0.66271530147275792277 0.67767205893023951813 0.77302647538569058128 1.0203091151936678482 1.5159502770742609989 2.3059261309188214817 3.6496704438543114968 6.0082693466533658722 7.7172441525301449516 9.0883059007212452229 10.529767885039525765 11.269482908090093787 10.125473041734620594 6.9154905468470371233 5.2396950855436967842 2.8205159457457789074 2.6306175019258040138 2.2754881815142389279 2.0568934868520432069 1.6754927491197004752 1.5686002006507631101
5.8984516847474992574 9.6280193611721252012 13.449437186462628091 18.569283746062723139 20.244024767784811303 24.82172314065072527 27.882336645288830823 33.235552682740618025 41.045230849142754437 31.73740637176048196 26.352890693370653707 19.14025386244348681 11.45011309446570813 6.7942885208571306421 5.3984519136156619012 7.3167129719504560015 10.007373617646507569 13.895650988548991833 13.778747841959216203 13.755642660402275013 10.478364557858641959 9.7424827726475804468 6.3078591359395241867 4.2416053675820952762 3.1315255106278336861 2.5601879935269620248 2.1177579253339180454 1.701610206459292618 1.3384248459586303159 1.2070860135842984562 1.1376737453011924739 1.0957485087289093872 1.2951583894014220277 1.6564262009290968702 2.1731113787453955055 3.5418537459268888412 4.8979017779649325348 6.6143387380208231718 8.8219655284188611688 10.644683699581355185 11.320012414775051823 10.592364263523647239 9.1579689312694423364 6.7752166705694154558 5.4191374718335545424 4.5682461065024453362 2.2517534489582184953 2.4774669314973349898 2.0197988272698874646 1.8570628214391091682
3.9604196610003823409 7.0266544255087506343 9.2409090096055379604 14.012979616917903058 18.92976086100916433 19.464981606045324014 17.755650099470553727 18.250160184772692418 19.237191563128789085 18.122363465216228207 14.832891858113907091 10.623439362040047129 7.3458699485826421949 4.7424941715927015906 4.6498682675113007789 6.7556303743356131974 9.911128185580906802 12.774822157277412771 15.173336260986888036 13.420333178164112198 12.889314250082772872 9.1156798254064419496 6.318630797315608838 4.841341427962195354 4.4032824777038666042 3.9534284973880904346 3.4010619351577555669 2.6615684863288127104 2.0822754379854404583 1.7329231257245734099 1.5570690298386464789 1.8250861582119164428 1.8085381825277602186 1.9710267741665763452 2.3831389357726173728 2.8255512239676638941 4.4073518965774187706 5.4661936271638831286 9.126161920508328862 12.254389508960084498 14.103221274954007569 13.860267885263722221 9.972789476930183028 8.427775025022423705 7.9853814968856999812 6.1522955113896928836 4.1604487960304776806 3.8533045433937953561 3.7073502796630046774 4.0888595808060079762
2.9786946594667877974 5.5659501176757952834 8.4500839790310582345 11.055489197946526403 11.027721374688814748 9.3937360403064538161 nan nan nan nan nan nan nan 2.4350086493783411612 3.1284390599953670886 4.5627136622508936981 7.0493783977127897344 9.2207869317250725771 12.604141696645994486 13.967115535789750069 12.210372369487288324 10.958741916852197562 8.0250438956731446893 6.7262808300935539307 6.0247162345054254828 5.3438033190400515693 4.5200473340196438699 3.1519016244969737528 2.4888088751745010008 2.1644084343001819271 2.5896755076368056514 2.2546837396314214352 2.084907028714167776 2.3169975546986698589 2.4137783835382209396 2.5893173556710364913 3.9174574971931575007 6.413257934734122756 9.709929749490314066 13.877750482992178505 17.329982842901149098 18.100943472390369493 11.039095954583247661 7.9508214108813328735 9.2133184587306029556 8.0583797051059828931 6.6232569974157220472 4.4722411192479771813 4.2061794311576310434 4.4278763807904493177
1.6443284612122424093 2.7361122443774958946 4.7761805960133187909 5.0279405068907507825 nan nan nan nan nan nan nan nan nan nan nan 2.3791662410042486719 3.8409368002933286235 6.1965661729918020129 7.9962161610954796132 9.8071052380997478792 10.895549017079286358 9.3301484304045807505 9.1375600016301010697 9.720872584257389093 9.4908388584053149373 8.074435947926703605 5.7979507446485314404 4.4637815444547497279 3.7485789368082347295 3.8449408943790031046 3.6372821801364594307 3.056782402198199744 2.5109611520111707605 2.4411854599637825558 1.9651654194060859115 2.1391915977386299907 3.4269453233695998939 6.3830472309481969262 10.569540289152230983 14.597836229773998085 19.12695029313237427 21.024841022962480253 19.989401038708617619 14.256459191969762301 11.710713565580149975 7.1301125272233383257 4.8694591359317964674 4.924622907189566412 2.7847730617435320077 2.6273600548069797611
nan nan nan nan nan nan nan nan nan nan nan nan nan nan nan nan nan nan 5.0909683914572880781 7.8323736301909860913 8.082505380449822141 nan 9.3370785897174854995 13.057930157800139881 12.66044863559943856 10.830719485436725691 8.7944374496609860614 6.6247007619123419175 5.4995529099033095832 4.8471083707480691061 4.5510999542604073653 3.2939970882552618292 2.3899313349821951213 1.8499504055339723863 1.1773846849819182836 1.5318164164581935527 2.6499301619886144188 4.916184231484498568 7.6755041050453893803 12.830724214520042636 16.13991780127609843 20.406886882570237418 19.201622341124345184 20.514082884201854995 22.992422216767362642 20.446326648047065788 15.315423080316518778 3.7471663890518254192 2.4780060554508569481 2.0283894710811258832
nan nan nan nan nan nan nan nan nan nan nan nan nan nan nan nan nan nan nan 5.3796884955621493418 6.310468637750461518 6.9336568655249397608 8.220382086237297159 10.635792822279363179 12.838309660929271061 11.326802761130741359 8.7324618117616417123 6.712680369435088501 5.5465477966927005937 4.9816655801220850464 4.2567608993557328745 2.8624210332364770082 1.8303667157065177662 0.91100928279007342692 0.74375093100231215448 0.75896642234560218743 1.6672583306964461336 3.078655451329501247 5.9246322894234220158 8.2379996520682787775 12.380914107641665112 13.759383589615303833 16.656441406644614034 15.992179019222707126 28.309964039547882209 24.156541009882861459 17.173516503819328705 11.70109281137678181 3.2762135764402251503 1.6996399870936229615
nan nan nan nan nan nan nan nan nan nan nan nan nan nan nan nan nan nan nan 3.6805944464122504201 6.1970236700301786215 7.1035296138274253153 7.6116566357881865201 7.8646770671700130251 9.7191437336536843361 7.4929554288044180055 5.8073728106911834956 5.1005556169473384998 4.275999380074210876 3.7840029809905262326 2.8775337064332582315 0.74219978023941390877 0.78232749617989438828 0.58949804164359553837 0.44174877220926672683 0.31969551254534239737 0.80195034331429781993 1.9813577452726898187 2.6743262411544979074 4.657854185553423676 5.322116640019398659 6.3155164720427272584 7.9712589092679619895 13.340676429041486983 16.40179372057849605 14.680126338274892106 9.2388832187644958083 6.1609751368959466689 3.8701004316487228607 1.7617642201406209512
nan nan nan nan nan nan nan nan nan nan nan nan nan nan nan nan nan nan nan 2.0851866988877358899 4.0672850358436782869 4.8099394265840222928 5.6431365553012131642 5.6242246077161874851 5.4660055252283203941 5.2503922323603386957 4.0752756368599412085 3.4836901620301574667 3.7948537105538981962 3.3504287243046495526 2.1072668236592093649 0.62138987275868351468 0.39513816247751520905 0.3062183343674515501 0.11452744424436613058 0.12115568399727977278 0.49292412573169935852 0.78328324412079042283 1.2999509248577940657 1.8733869555235258542 2.5081996270733917243 2.3392093607103006114 nan nan nan nan nan nan nan nan
nan nan nan nan nan nan nan nan nan nan nan nan nan nan nan nan nan nan nan nan nan 2.9388255661109257133 4.0642278512495773057 4.0582161981291626773 3.6903559873449398587 3.2225360581757023226 3.3897029277611228082 2.7682953604452218421 2.7802508370524749992 2.763894539306960052 1.7856241793361216086 1.0678504322822981454 0.52744903529693509814 0.28712051494750218117 0.13367985613917765519 0.11999742166833894663 0.24635460386999746829 0.43119227043689178913 0.7129048187236481926 0.89694643991407407846 1.1925280892557559298 0.57204150791027208456 nan nan nan nan nan nan nan nan
nan nan nan nan nan nan nan nan nan nan nan nan nan nan nan nan nan nan nan nan 0.82412856150622004758 1.7166997581584617638 2.3322815380834192034 2.6980351861771971755 2.4653795213358868921 2.2772953641336242114 2.1605821925946107065 2.2381219813482919889 2.1178871251505042572 1.8725904154507841959 1.3608340036334694023 0.91033652471397008554 0.53415355560529709233 0.26311599862059742438 0.13430254918957715282 0.078099448711460572881 0.087324611230661999817 0.14846652597156281828 0.23920373326991134499 0.26987873550678426193 nan nan nan nan nan nan nan nan nan nan
nan nan nan nan nan nan nan nan nan nan nan nan nan nan nan nan nan nan nan nan nan 1.0724127370556453265 1.2531575009651889641 1.338741715663923415 1.5249278556823655517 1.4824652958849895423 1.6485319658632229256 1.6123991709425156138 1.4628657750206024435 1.5114183055808916301 1.0496529567323427123 0.55525304644083750549 0.36163906221340036407 0.185226260071496035 0.074232130925815792422 nan nan nan nan nan nan nan nan nan nan nan nan nan nan nan
nan nan nan nan nan nan nan nan nan nan nan nan nan nan nan nan nan nan nan nan nan nan 0.64301079126100457728 0.95627679633068485288 1.0777041207113484678 1.1185498512801981263 0.99447039288623473308 1.1931955080274718739 1.1903759423222262104 1.2858649044578900345 0.99284592004595961789 0.55597741638114883678 0.24551107060604096533 0.10964604590988906441 nan nan nan nan nan nan nan nan nan nan nan nan nan nan nan nan
nan nan nan nan nan nan nan nan nan nan nan nan nan nan nan nan nan nan nan nan nan nan nan 0.48863899313636893762 0.6638440662160777217 0.75442902666925582 0.98028959956950667554 1.1062304399279041522 1.0967566923198919238 1.0421100217501717555 0.81488716816635309304 0.45784457677409862164 0.18349288886273881771 nan nan nan nan nan nan nan nan nan nan nan nan nan nan nan nan nan
nan nan nan nan nan nan nan nan nan nan nan nan nan nan nan nan nan nan nan nan nan nan nan nan 0.38399253187267257115 0.51741950957944393696 0.6396366230382837248 0.89969461534819616944 1.0252272690676726974 0.64438062205825652473 0.48540498038578538953 0.25357859485953709866 nan nan nan nan nan nan nan nan nan nan nan nan nan nan nan nan nan nan
nan nan nan nan nan nan nan nan nan nan nan nan nan nan nan nan nan nan nan nan nan nan nan nan nan nan 0.339637288254279468 0.49462710910296669997 0.48491719036878017102 0.50962308353703988928 0.25149432456627690557 nan nan nan nan nan nan nan nan nan nan nan nan nan nan nan nan nan nan nan
nan nan nan nan nan nan nan nan nan nan nan nan nan nan nan nan nan nan nan nan nan nan nan nan nan nan nan nan nan 0.17543246375922000313 nan nan nan nan nan nan nan nan nan nan nan nan nan nan nan nan nan nan nan nan
