src/SDSim/tmp/apis4
ncols        196
nrows        122
xllcorner    -12.166618000000
yllcorner    34.999860000000
cellsize     0.083333000000
[rows 92 to 114 of 122, columns 100 to 149 of 196]
2.6314928790292424488 2.0363169259536664235 0.86234734344789565341 0.22957534501931350923 0.18222193808438025275 0.63839082058740526104 1.225692424112674761 2.3090167457275039276 4.1845414373172316047 8.452982565656036229 7.4854875295871972085 5.8348379873389895067 5.0597807929971079233 6.8532801908261218315 5.8184716985354922869 3.8087531060724129084 1.4209839945340747569 0.32749110737611930588 0.038858784875452065388 0.0073717399244967139749 0.067793542959233787926 0.49817118406133820141 2.0091705419415317735 2.9518267238583262291 2.8460594412283963806 1.7746167279951041706 1.2804853790162880056 0.74783590116830234162 0.12757121118766823198 nan nan nan nan nan nan nan nan nan nan nan nan nan nan nan nan nan nan nan nan nan
1.0923862235812058508 1.2171153415681743581 0.63379899850615328827 0.3722577570543051384 0.19754731367364850025 0.16205544090535622948 0.2701448149880811278 0.5673617351650014351 1.532850286051558486 1.7877259166215306863 1.82271350565267376 1.1333482958366873916 1.9166991482044013484 2.9638637604232282996 3.425496255345122254 2.5036405124357372642 1.6377720555773911393 0.38574147206197839655 0.050882303991652347297 0.011310059028910647225 0.11638588331286167654 0.84154262457953754595 2.966530040057589801 7.6679464332005284888 3.5661361133562197168 2.207497930878405068 1.9567497923268559745 nan nan nan nan nan nan nan nan nan nan nan nan nan nan nan nan nan nan nan nan nan nan nan
0.9668200465373607555 2.2028035681794264633 2.7132898271321255201 1.3695095620631569933 0.57543396129428781016 0.14469543753720473522 0.04993436058720646803 0.11525874984360237607 0.22473039203267522468 0.31312883721109152635 0.22270751471926153453 0.24841464589269870999 0.79906020146886513889 2.4301999740879685064 2.8413002011648229583 2.2800731560344087434 1.1482564284949767774 0.30081247853784376378 0.035948918991782402577 0.0089186056979338994982 0.10016805773921648448 0.64241321088171332576 2.7169063804238540172 3.0038685648280907259 2.7010126290003739769 1.477936870343334208 nan nan nan nan nan nan nan nan nan nan nan nan nan nan nan nan nan nan nan nan nan nan nan nan
2.4135028924297849962 6.7622236351980360425 8.1580957265078417606 5.6170195889884979579 1.4091452595762308242 0.26772692335133518871 0.027566714168761847353 0.010825860756572715585 0.019940697543350507231 0.027446871296338704732 0.057761218337534267486 0.25771385009419345291 0.80532962111942507644 1.6786943225019674841 2.4978839390858897929 1.1745199802321386606 0.56830914063955229043 0.13856258520567729664 0.027837889439371269612 0.0054094405573130704273 0.043030392123829412643 0.33582743832118938654 0.63998930751087346191 0.89893858611051180585 0.70377202137046368513 nan nan nan nan nan nan nan nan nan nan nan nan nan nan nan nan nan nan nan nan nan nan nan nan nan
2.9725870209452369686 8.580749026567547233 16.24033862098480796 7.3891153945951684179 2.1484731458737469367 0.29835402532078691973 0.023055115379863194008 0.0010066949081736929674 0.0007791397612800962354 0.0036419319427651425901 0.036009809167380731065 0.35459768474195235699 1.7403333757557970518 4.1842964840630676449 3.3691374802263802657 2.2629317752049646906 1.269369581266264424 0.32014716015333216648 0.047691586410933947682 0.0059844586161839708263 0.017974095173454891772 0.053020722592275366936 0.11353095264399314102 0.13243649808558946579 nan nan nan nan nan nan nan nan nan nan nan nan nan nan nan nan nan nan nan nan nan nan nan nan nan nan
2.0482447667627652343 7.2644075612685652388 6.3638377119883529076 4.5180712762936225957 0.99064242102581090421 0.13264141535009407735 0.014908229527595500546 0.0004529431171677724766 0.00032483040415718218664 0.0053478702778630687192 0.04193100438142104841 0.18641109862443244749 1.0174268702362727623 1.9899288489626409948 3.833238870417712274 3.7562751565956196131 2.1871571862529783914 0.75045506856324872835 0.10841613707585934234 0.0073228221130327295421 0.0021438150488400373531 0.005098293111803077482 0.0081486728440741326707 0.0082626332936879716418 nan nan nan nan nan nan nan nan nan nan nan nan nan nan nan nan nan nan nan nan nan nan nan nan nan nan
0.81238682864503874992 1.3961969928483852765 2.2936314667941237744 1.9305166194764167287 0.76641846488695786199 0.14961601409960453846 0.014779128913720547892 0.00069766414375034395152 0.0018723589757024183475 0.052348350750845339119 0.2630235005748480237 1.0384031429388573819 3.1919562169766915183 4.9567388909345337922 8.2896149862352110915 8.837997182193657153 3.678512233700141465 0.9737614895426305317 0.10142970780433134548 0.0078602971137134210883 0.00029113388948213340772 0.00018257427052973540385 0.00033599442022307914827 nan nan nan nan nan nan nan nan nan nan nan nan nan nan nan nan nan nan nan nan nan nan nan nan nan nan nan
0.1191424481550301534 0.27249597509671530382 0.36817752438907874746 0.46868906364166212919 0.22849603158612419307 0.040754687582270882062 0.0064545334547774502187 0.00041201350165233412105 0.0033948786322973113425 0.096907826285912518349 1.1066654215993960708 4.1601023746815322113 16.820325314009181739 25.532706246131514405 23.549176566919271636 9.4906700104340249169 2.5983036312620271246 nan 0.051006767832961312503 0.0051365275324718601135 0.00020383305873142502202 0 nan nan nan nan nan nan nan nan nan nan nan nan nan nan nan nan nan nan nan nan nan nan nan nan nan nan nan nan
0.023273078390804450427 0.033677475521421980365 0.046230783369899497437 0.036265965917570343324 0.02858131581512799585 0.011016060222617562667 0.001921400519163524211 0.00014573642015337339838 0.0031854784602675344229 0.087252892645437396535 0.84964804435138807648 5.3900669442685451571 17.556445910365134466 28.675988398959688652 nan nan nan nan nan 0.0022735194708332693951 0.00011741709301590287271 nan nan nan nan nan nan nan nan nan nan nan nan nan nan nan nan nan nan nan nan nan nan nan nan nan nan nan nan nan
nan nan nan nan nan nan nan nan nan nan nan nan nan nan nan nan nan nan nan nan nan nan nan nan nan nan nan nan nan nan nan nan nan nan nan nan nan nan nan nan nan nan nan nan nan nan nan nan nan nan
nan nan nan nan nan nan nan nan nan nan nan nan nan nan nan nan nan nan nan nan nan nan nan nan nan nan nan nan nan nan nan nan nan nan nan nan nan nan nan nan nan nan nan nan nan nan nan nan nan nan
nan nan nan nan nan nan nan nan nan nan nan nan nan nan nan nan nan nan nan nan nan nan nan nan nan nan nan nan nan nan nan nan nan nan nan nan nan nan nan nan nan nan nan nan nan nan nan nan nan nan
nan nan nan nan nan nan nan nan nan nan nan nan nan nan nan nan nan nan nan nan nan nan nan nan nan nan nan nan nan nan nan nan nan nan nan nan nan nan nan nan nan nan nan nan nan nan nan nan nan nan
nan nan nan nan nan nan nan nan nan nan nan nan nan nan nan nan nan nan nan nan nan nan nan nan nan nan nan nan nan nan nan nan nan nan nan nan nan nan nan nan nan nan nan nan nan nan nan nan nan nan
nan nan nan nan nan nan nan nan nan nan nan nan nan nan nan nan nan nan nan nan nan nan nan nan nan nan nan nan nan nan nan nan nan nan nan nan nan nan nan nan nan nan nan nan nan nan nan nan nan nan
nan nan nan nan nan nan nan nan nan nan nan nan nan nan nan nan nan nan nan nan nan nan nan nan nan nan nan nan nan nan nan nan nan nan nan nan nan nan nan nan nan nan nan nan nan nan nan nan nan nan
nan nan nan nan nan nan nan nan nan nan nan nan nan nan nan nan nan nan nan nan nan nan nan nan nan nan nan nan nan nan nan nan nan nan nan nan nan nan nan nan nan nan nan nan nan nan nan nan nan nan
nan nan nan nan nan nan nan nan nan nan nan nan nan nan nan nan nan nan nan nan nan nan nan nan nan nan nan nan nan nan nan nan nan nan nan nan nan nan nan nan nan nan nan nan nan nan nan nan nan nan
nan nan nan nan nan nan nan nan nan nan nan nan nan nan nan nan nan nan nan nan nan nan nan nan nan nan nan nan nan nan nan nan nan nan nan nan nan nan nan nan nan nan nan nan nan nan nan nan nan nan
nan nan nan nan nan nan nan nan nan nan nan nan nan nan nan nan nan nan nan nan nan nan nan nan nan nan nan nan nan nan nan nan nan nan nan nan nan nan nan nan nan nan nan nan nan nan nan nan nan nan
nan nan nan nan nan nan nan nan nan nan nan nan nan nan nan nan nan nan nan nan nan nan nan nan nan nan nan nan nan nan nan nan nan nan nan nan nan nan nan nan nan nan nan nan nan nan nan nan nan nan
nan nan nan nan nan nan nan nan nan nan nan nan nan nan nan nan nan nan nan nan nan nan nan nan nan nan nan nan nan nan nan nan nan nan nan nan nan nan nan nan nan nan nan nan nan nan nan nan nan nan
nan nan nan nan nan nan nan nan nan nan nan nan nan nan nan nan nan nan nan nan nan nan nan nan nan nan nan nan nan nan nan nan nan nan nan nan nan nan nan nan nan nan nan nan nan nan nan nan nan nan
