src/SDSim/tmp/apis4
ncols        196
nrows        122
xllcorner    -12.166618000000
yllcorner    34.999860000000
cellsize     0.083333000000
[rows 46 to 68 of 122, columns 0 to 49 of 196]
nan nan nan nan nan nan nan nan nan nan nan nan nan nan nan nan nan nan nan nan nan nan nan nan nan nan nan nan nan nan nan nan nan nan nan nan nan nan nan nan nan 0.170376192570282331 0.84543745442922757505 2.8670934511299792646 2.6777701597246008625 3.2167936031768218363 3.3109493436420862622 5.0372291057698657113 4.8664338734941035014 2.0647646024335588599
nan nan nan nan nan nan nan nan nan nan nan nan nan nan nan nan nan nan nan nan nan nan nan nan nan nan nan nan nan nan nan nan nan nan nan nan nan nan nan nan nan 0.088852320763507838808 0.43716348716802894137 0.81208055867708106579 1.1787235969025804394 2.0046653791496078512 6.7123938698950817994 13.004552723861680263 7.7316961165936222145 2.4928319101769709221
nan nan nan nan nan nan nan nan nan nan nan nan nan nan nan nan nan nan nan nan nan nan nan nan nan nan nan nan nan nan nan nan nan nan nan nan nan nan nan nan nan 0.033482890044272385632 0.089043848758157739809 0.18301149849352685295 0.4396638734911136881 1.8518450436073532472 5.0712703409517576603 10.871387024713394354 8.5169385214415207486 2.7714988888294884717
nan nan nan nan nan nan nan nan nan nan nan nan nan nan nan nan nan nan nan nan nan nan nan nan nan nan nan nan nan nan nan nan nan nan nan nan nan nan nan nan nan nan 0.011671963860991096604 0.035771181820178916955 0.21972905107669199465 1.0672225925517631051 3.4802107532803225887 7.0331229726593695872 11.648194165376228426 7.91957339303533292
nan nan nan nan nan nan nan nan nan nan nan nan nan nan nan nan nan nan nan nan nan nan nan nan nan nan nan nan nan nan nan nan nan nan nan nan nan nan nan nan nan nan 0.0016816148298452510048 0.020546070305535783784 0.16350846034323182621 0.74856050325033463011 2.8434888644607312358 6.7432051499081024915 17.541336228740718184 12.752397224177496327
nan nan nan nan nan nan nan nan nan nan nan nan nan nan nan nan nan nan nan nan nan nan nan nan nan nan nan nan nan nan nan nan nan nan nan nan nan nan nan nan nan 0.0019232153370901201774 0.0080400695589685385045 0.040588494443467224015 0.25006354900865246371 1.2730871439229638487 1.9158734491252182863 3.7561935208978614043 6.6716818108100239826 13.091100545078178996
nan nan nan nan nan nan nan nan nan nan nan nan nan nan nan nan nan nan nan nan nan nan nan nan nan nan nan nan nan nan nan nan nan nan nan nan nan nan nan nan nan nan 0.053750573470236859275 0.18864777421778819444 0.61274356699087373368 1.3679363057497764267 7.16789065990465879 9.3599389273784119325 9.3675563242208212955 7.4710581507604816309
nan nan nan nan nan nan nan nan nan nan nan nan nan nan nan nan nan nan nan nan nan nan nan nan nan nan nan nan nan nan nan nan nan nan nan nan nan nan nan nan nan nan 0.17309568034373612466 0.86869261758036286913 2.1463344291454182766 4.1821432767254256291 5.6398565193259200257 5.8728847703106277223 2.703318230775172637 2.3705263066700927865
nan nan nan nan nan nan nan nan nan nan nan nan nan nan nan nan nan nan nan nan nan nan nan nan nan nan nan nan nan nan nan nan nan nan nan nan nan nan nan nan nan 0.20988717213439081477 0.35047689652662117332 1.8148917836945124282 7.6354078440584629561 8.2722648120252628701 6.4208550736934135728 2.0672514063508447002 1.7580404700151079922 0.89187913664667550773
nan nan nan nan nan nan nan nan nan nan nan nan nan nan nan nan nan nan nan nan nan nan nan nan nan nan nan nan nan nan nan nan nan nan nan nan nan nan nan nan 0.64483549278068585942 0.89199798901877969115 0.79115615606745759436 2.5696417415300056852 9.1408344625557944596 22.494047970171227036 8.9250860593696170753 2.6978302444525774639 1.4127245002116717298 1.2273974540937730993
nan nan nan nan nan nan nan nan nan nan nan nan nan nan nan nan nan nan nan nan nan nan nan nan nan nan nan nan nan nan nan nan nan nan nan nan nan nan nan nan 2.1686116233370080764 2.7637845340586397747 1.4306393323151898045 2.4842383879057869933 8.7716451853674310968 9.152160871090035954 9.8767276511426960184 2.7453302760164830509 1.3216844545721249116 2.9268264149455229806
nan nan nan nan nan nan nan nan nan nan nan nan nan nan nan nan nan nan nan nan nan nan nan nan nan nan nan nan nan nan nan nan nan nan nan nan nan nan nan nan 5.007068532406310446 4.1239340106298696398 2.283175571223429845 2.0271864275421980217 2.6887526646435948585 2.7402289931965415626 2.643732998744920959 1.7919892219979696169 1.2475181191076172293 1.3186115200426453686
nan nan nan nan nan nan nan nan nan nan nan nan nan nan nan nan nan nan nan nan nan nan nan nan nan nan nan nan nan nan nan nan nan nan nan nan nan nan nan 2.9866240594022674948 4.8309172927815637877 6.2008804149310829956 4.8187263344928705777 2.9335755289584648509 1.1054092733108178415 0.53605434608141833142 0.4607546735841747676 0.40022963210720186034 0.36167400715645742215 0.43153991486023807189
nan nan nan nan nan nan nan nan nan nan nan nan nan nan nan nan nan nan nan nan nan nan nan nan nan nan nan nan nan nan nan nan nan nan nan nan nan nan nan 2.2031773070394304881 7.1461228121504074551 9.7021527198125045999 10.928759915581453654 4.7797240144647208382 1.2554807247939676618 0.21205413664892583392 0.068029951870856988916 0.055544387650155513381 0.055077175037150760684 0.077319307018503188877
nan nan nan nan nan nan nan nan nan nan nan nan nan nan nan nan nan nan nan nan nan nan nan nan nan nan nan nan nan nan nan nan nan nan nan nan nan nan nan nan 6.7828577489612786877 16.312146640316665724 10.099746244987423793 5.4900254687890477356 1.2663496178455979635 0.34198009022666003842 0.14749214407052108067 0.053639937857565211932 0.026662274213077232637 0.042620527973899632879
nan nan nan nan nan nan nan nan nan nan nan nan nan nan nan nan nan nan nan nan nan nan nan nan nan nan nan nan nan nan nan nan nan nan nan nan nan nan nan 1.579756034296398326 5.224303772996477413 7.5128627113502490786 8.5132075893915946097 3.2326859228863513707 1.6169196646069763368 1.2793376801653413288 0.43986309098951636987 0.31493553525722550734 0.099599410614456942992 0.15497590609552838736
nan nan nan nan nan nan nan nan nan nan nan nan nan nan nan nan nan nan nan nan nan nan nan nan nan nan nan nan nan nan nan nan nan nan nan nan nan nan 0.18618074596595579617 0.8083252999289324281 1.7313588914114756978 2.5517347439131090603 2.3153471469107147485 1.8678456927987381331 3.2764533841253471458 3.5716684083499963265 2.6063547869057557271 1.062559675758817157 0.60744808746303435854 0.7169143157503448105
nan nan nan nan nan nan nan nan nan nan nan nan nan nan nan nan nan nan nan nan nan nan nan nan nan nan nan nan nan nan nan nan nan nan nan nan nan nan 0.087113274353677813688 0.20003977967848782238 0.34124765703258880256 0.42483400442225172089 0.52258376717494137154 1.2323438738739327381 3.5268616226930480373 6.63782843911404008 4.0733474041522450548 3.7584972298274528235 3.3731659085313903113 1.9779171290698815966
nan nan nan nan nan nan nan nan nan nan nan nan nan nan nan nan nan nan nan nan nan nan nan nan nan nan nan nan nan nan nan nan nan nan nan nan nan nan 0.22335700451360665508 0.30588821300701585226 0.22212242850094013336 0.11738441513004888028 0.16046535049234211812 0.68752350619564084333 2.5108016969069626434 3.7495004368959294894 5.0890306740073345537 10.403085187214912821 11.431358434112816269 8.7394424435486879332
nan nan nan nan nan nan nan nan nan nan nan nan nan nan nan nan nan nan nan nan nan nan nan nan nan nan nan nan nan nan nan nan nan nan nan nan nan nan 1.0042261926589286514 1.293957205105194852 0.74645785613958259841 0.2054857823048176213 0.080957516075062102567 0.3571020674314990262 0.750078192684108358 1.3986192754120796433 4.0880159412194618795 11.127953773443877594 26.431102315885805609 11.538911604589412008
nan nan nan nan nan nan nan nan nan nan nan nan nan nan nan nan nan nan nan nan nan nan nan nan nan nan nan nan nan nan nan nan nan nan nan nan nan nan 3.0970086836590100532 3.4065471083147578213 1.5400697796418048036 0.33447064183022867656 0.060030383992741985499 0.065188051728829798925 0.16428915371467056605 0.59885559213380190613 2.492652737562944143 9.9448212289296176181 11.452383708503685256 9.8634510993596382633
nan nan nan nan nan nan nan nan nan nan nan nan nan nan nan nan nan nan nan nan nan nan nan nan nan nan nan nan nan nan nan nan nan nan nan nan nan 2.5317176476544469566 5.175457872892609501 4.0764304518632403784 1.7432739731833213348 0.36678853967314767326 0.041844183533126716457 0.0092117238118708706651 0.031165738888489738501 0.2258134220325514474 1.3745415936162712622 2.4255062748164886166 3.3687650157924662331 3.5541403308209482681
nan nan nan nan nan nan nan nan nan nan nan nan nan nan nan nan nan nan nan nan nan nan nan nan nan nan nan nan nan nan nan nan nan nan nan nan 0.9013894302311616924 2.0480096035054664583 3.5492875992801304896 3.4117099379560138495 1.5380131115961450661 0.31644272139902379637 0.036438553432125236897 0.0022343609166362268965 0.0092042102337095699216 0.081876914115557128393 0.21449364709323343048 0.41277268266900446481 0.77802419989786353316 2.0790897229490976628
