src/SDSim/tmp/apis23
ncols        196
nrows        122
xllcorner    -12.166618000000
yllcorner    34.999860000000
cellsize     0.083333000000
[rows 46 to 68 of 122, columns 0 to 49 of 196]
nan nan nan nan nan nan nan nan nan nan nan nan nan nan nan nan nan nan nan nan nan nan nan nan nan nan nan nan nan nan nan nan nan nan nan nan nan nan nan nan nan 4.199290977972670369 6.0662054451342894978 6.3090461298516604671 3.7380648228949806544 2.8280062578446738542 1.6113563705176414675 1.6398431233119388217 1.517649018953163953 1.8456583540457378589
nan nan nan nan nan nan nan nan nan nan nan nan nan nan nan nan nan nan nan nan nan nan nan nan nan nan nan nan nan nan nan nan nan nan nan nan nan nan nan nan nan 3.9612263550814148516 6.3219354868834036765 6.0889325729479439886 4.3838629100297650254 2.8309056137159829269 3.1110042845473167006 2.3976818219610209759 2.2718768148977228627 1.5272931780931549017
nan nan nan nan nan nan nan nan nan nan nan nan nan nan nan nan nan nan nan nan nan nan nan nan nan nan nan nan nan nan nan nan nan nan nan nan nan nan nan nan nan 3.0777209076665497101 5.4030805897838769525 6.0790821661000320475 5.0267175590190866785 4.3525098168854743363 2.718322561688953698 3.7316043167001642367 2.3072913285492400171 1.080305266483907678
nan nan nan nan nan nan nan nan nan nan nan nan nan nan nan nan nan nan nan nan nan nan nan nan nan nan nan nan nan nan nan nan nan nan nan nan nan nan nan nan nan nan 3.7281136774020651181 4.6957130821409576171 4.1989292379784792786 3.3781567828525203012 3.1391102277370102058 2.158616659621451106 2.4797471538646194134 1.5945541039787383131
nan nan nan nan nan nan nan nan nan nan nan nan nan nan nan nan nan nan nan nan nan nan nan nan nan nan nan nan nan nan nan nan nan nan nan nan nan nan nan nan nan nan 2.176219892548398871 3.0785525353301088636 2.3434732759667924462 2.1547190946514285237 2.1580483934282779224 1.489719505689083956 1.9704534223191596531 1.7432275859782890848
nan nan nan nan nan nan nan nan nan nan nan nan nan nan nan nan nan nan nan nan nan nan nan nan nan nan nan nan nan nan nan nan nan nan nan nan nan nan nan nan nan 0.57626393027011690862 1.4112612397220523075 1.9099314666920004235 1.9602328434239129074 1.3837791687324936252 0.52773984137774465619 0.5249476423961076943 0.74844998292709397081 2.0989697108067288944
nan nan nan nan nan nan nan nan nan nan nan nan nan nan nan nan nan nan nan nan nan nan nan nan nan nan nan nan nan nan nan nan nan nan nan nan nan nan nan nan nan nan 0.89611345888391757963 1.3454543766673379146 1.5107821548996676064 0.78860893745427207424 1.4858822655748531449 0.91250027099805075537 1.4331547144116778547 2.1884343918433346587
nan nan nan nan nan nan nan nan nan nan nan nan nan nan nan nan nan nan nan nan nan nan nan nan nan nan nan nan nan nan nan nan nan nan nan nan nan nan nan nan nan nan 0.61528549690734091193 1.0349511941519422553 1.5385205621188546843 1.676403631751855805 1.1875588811016448698 1.2198873816581088381 0.81536917689441068546 1.9234179535524498217
nan nan nan nan nan nan nan nan nan nan nan nan nan nan nan nan nan nan nan nan nan nan nan nan nan nan nan nan nan nan nan nan nan nan nan nan nan nan nan nan nan 0.2500412308943486539 0.48129562901116651474 1.1071169766024611114 2.0095937455248602532 2.0340811598533599103 1.7285856796891798659 1.332610611111789467 3.1254085170911896085 3.7926543758237722948
nan nan nan nan nan nan nan nan nan nan nan nan nan nan nan nan nan nan nan nan nan nan nan nan nan nan nan nan nan nan nan nan nan nan nan nan nan nan nan nan 0.11571211836143709129 0.32553808017725210933 0.68777890091206939083 1.3866363303956128483 2.6164503933174936279 4.0556963997172124081 4.1167710685135201487 4.3306801117421320768 7.8441912862215854574 10.161363488881622885
nan nan nan nan nan nan nan nan nan nan nan nan nan nan nan nan nan nan nan nan nan nan nan nan nan nan nan nan nan nan nan nan nan nan nan nan nan nan nan nan 0.18914192939178853248 0.49674080018676769477 1.1452575337977717318 2.3268677066845282475 3.973127536323092901 5.1935657335549896274 9.139652071290274904 10.952607456444889422 14.029858852409748948 21.889246299361850845
nan nan nan nan nan nan nan nan nan nan nan nan nan nan nan nan nan nan nan nan nan nan nan nan nan nan nan nan nan nan nan nan nan nan nan nan nan nan nan nan 0.3090563225447973128 0.7788146551692528563 1.6886900904806299017 3.3630554764976823279 5.5397130763235811202 6.5646048178832128173 13.220954366541695535 19.731424467282113966 25.854021149241994237 29.592683440173335185
nan nan nan nan nan nan nan nan nan nan nan nan nan nan nan nan nan nan nan nan nan nan nan nan nan nan nan nan nan nan nan nan nan nan nan nan nan nan nan 0.18084689982104118489 0.457733935095039568 1.1150396571059408846 2.8065439697849705603 5.0181034486967694974 8.2122631268762127377 10.460884969839204572 17.843750198336817192 24.322806892720187477 28.855080421347281572 29.867895506725343324
nan nan nan nan nan nan nan nan nan nan nan nan nan nan nan nan nan nan nan nan nan nan nan nan nan nan nan nan nan nan nan nan nan nan nan nan nan nan nan 0.19605546294873640867 0.66416315113841595252 1.655400149051007741 3.8405549635652311835 8.503306903710326381 13.327317668973758913 18.371820637754591843 22.178677444098273241 24.770159501007121605 20.455074333055303981 24.962081765400043309
nan nan nan nan nan nan nan nan nan nan nan nan nan nan nan nan nan nan nan nan nan nan nan nan nan nan nan nan nan nan nan nan nan nan nan nan nan nan nan nan 0.86637459583590870071 2.1199926550917540524 4.7266457055240644891 10.588275649125362676 15.546227993605230111 22.41576607280307698 21.052253142215445081 15.536242470012634698 11.78420549080592572 7.6298744964876172858
nan nan nan nan nan nan nan nan nan nan nan nan nan nan nan nan nan nan nan nan nan nan nan nan nan nan nan nan nan nan nan nan nan nan nan nan nan nan nan 0.46589806667990318889 1.0256543456109905588 2.3640481679994573838 5.6336334123099751636 9.5783217434875034257 15.737902552587357263 19.040226825157471779 8.012474462031802247 11.606027383472740766 11.343914890261739714 12.171396150968307737
nan nan nan nan nan nan nan nan nan nan nan nan nan nan nan nan nan nan nan nan nan nan nan nan nan nan nan nan nan nan nan nan nan nan nan nan nan nan 0.19020025093028736229 0.50653036884297708564 1.166542260584251256 2.5056762995139472139 5.1294898606053829226 8.1293300702528963342 15.17995108718419317 16.896884001581536694 15.166207582926016784 16.350114456476468661 19.291982118555040415 22.782503802046583985
nan nan nan nan nan nan nan nan nan nan nan nan nan nan nan nan nan nan nan nan nan nan nan nan nan nan nan nan nan nan nan nan nan nan nan nan nan nan 0.20831407289518841242 0.54000671675709099873 1.1385867493542582984 2.4201984608131961174 4.8702004398835585519 9.1754666118225696181 14.506054414642214567 15.254990318004074012 17.72560237064434574 24.447179075323482778 21.927704354506278861 13.44827374676947862
nan nan nan nan nan nan nan nan nan nan nan nan nan nan nan nan nan nan nan nan nan nan nan nan nan nan nan nan nan nan nan nan nan nan nan nan nan nan 0.20075363741667998085 0.50717182679832351067 1.217461003312607204 2.3405379433019488644 4.7796692880886206822 7.9941433467651341616 12.714226258770160882 18.622394357243333474 21.085582654103596667 24.842605968662340388 23.267243170795310903 17.687715005381786426
nan nan nan nan nan nan nan nan nan nan nan nan nan nan nan nan nan nan nan nan nan nan nan nan nan nan nan nan nan nan nan nan nan nan nan nan nan nan 0.19329502113916877115 0.50151189034534260358 1.0520712814770249999 2.3322250419264829446 4.3529051265077276511 9.3822031230153903891 14.285149015433740161 18.371025136577735282 23.683232171959375023 23.898667346375525256 23.424165812545524545 19.165057123919567061
nan nan nan nan nan nan nan nan nan nan nan nan nan nan nan nan nan nan nan nan nan nan nan nan nan nan nan nan nan nan nan nan nan nan nan nan nan nan 0.22177355000682885677 0.5200881796992049555 1.2275005637564182503 2.2917882916622054346 5.2441871564804865002 9.4656851905766536959 18.00518590641513228 25.822973695228455426 24.705952506204361896 27.549069031765210269 22.99367892208894304 18.306756629017559845
nan nan nan nan nan nan nan nan nan nan nan nan nan nan nan nan nan nan nan nan nan nan nan nan nan nan nan nan nan nan nan nan nan nan nan nan nan 0.11311065747402698767 0.27012760766192750461 0.61754624535755975323 1.2165782317870399432 2.4010537672159606437 5.0991934701971652899 11.745698379271395595 18.040172531139273104 24.522355303336922816 30.645238792900826752 25.344001392483797019 21.026737818733657548 18.479319459790126245
nan nan nan nan nan nan nan nan nan nan nan nan nan nan nan nan nan nan nan nan nan nan nan nan nan nan nan nan nan nan nan nan nan nan nan nan 0.056968942149719772883 0.12962275363644695791 0.3481664203798774393 0.73417060535476608152 1.7182094227108768436 3.0106960514732268308 6.6425896043797614254 12.745337540970968604 23.05882974358838311 26.939593969937824625 28.595860476443668574 26.797322172225872094 24.230537661051695153 17.522851393715868085
