src/SDSim/tmp/apis8
ncols        196
nrows        122
xllcorner    -12.166618000000
yllcorner    34.999860000000
cellsize     0.083333000000
[rows 88 to 109 of 122, columns 50 to 99 of 196]
1.9168891754961425722 2.0074320850350750867 1.6844632576337124075 1.1552694058764017004 0.77560698675716877037 0.52214884681931339472 0.53175579512836290696 0.59233308038493615033 0.64886613800403014629 0.65024315493784567987 0.56699372105998913085 0.37472732840296996137 0.18685825000932937412 0.10393400179182590848 0.24874124909971823127 0.96421001893697644292 2.15744619071249355 3.1778690880362328031 4.165747071047375627 5.1174392748942425513 6.6410999731927535805 8.181763905690313976 9.8405447050307071066 7.2145004114262540895 3.8965955069312094849 1.5686338019803300892 0.78768261274211814893 0.87350151675683462837 1.0275103150448543499 1.2852739412238254335 1.377069585038082522 1.2401664694869034555 0.89482067856359082114 0.61351061749572544102 0.58939344189973930099 0.80273494163280145752 1.1604093141965219349 1.4373720428732070786 1.3768848334608629891 1.1250581098848064787 0.84283560840882276732 0.67629825960400857809 0.63082709939729664228 0.72855455904378607634 1.4122210202443521432 3.5805120137491299737 7.0870374713894594976 10.712078908751784923 10.186254117138597408 9.5164104337904031894
4.2821838151853333088 5.0156915293589445781 4.3828205411892842136 2.5607700453262514095 1.1962806046497584944 0.73566601404861187152 0.90677598430858585843 1.5136485555805312408 2.2623132007866644244 2.5048422847765019483 2.2599446691310491886 1.4689344318460644256 0.64214899237759037742 0.22086615429480782602 0.17030033330033056416 0.40705253062771018513 0.84122006367221446865 1.1650353435003222291 1.8705732980876104143 2.5840931888711002884 4.4185990281133786794 7.3791749640267472188 8.3583538383636213354 6.5405652423521747352 2.7429279519483609207 1.0390126084698867448 0.434379758907705249 0.28017787368915436641 0.29518380547424422078 0.39437398058659667299 0.34905656463848144799 0.29965429894967487989 0.24490404936328480368 0.27360791818143054277 0.71237666202224603218 1.7121257657927393403 2.9122642958862861029 3.6015583093645866519 3.3953510094840275713 2.369756657649099818 1.6462692911473222335 1.2103286107775061975 1.0089018119051083033 0.84725857516387348412 1.3519269069624988422 3.199177748815372091 6.7991148363292870371 9.4096312441128926451 7.9909993303391146924 7.801734502630273127
8.3622908869215848426 10.232238020240467691 8.2824626264070531079 4.4743782017526401162 2.2674892825035453114 1.7572823320848898199 2.7432687300653735285 4.8343306950121975873 6.9073808754963881285 7.534660911661956284 6.8562899017973295557 3.7975667301161304401 1.4597156316662258657 0.43421690798028034219 0.15406530446280192193 0.2245872564940615268 0.40087761690587231378 0.65445611651118695828 0.97644202509670641188 1.5870809870034148226 2.9592696726745213454 4.0361990144191643992 4.7879108760027877523 3.3548411085192451075 1.9701085885448139656 0.72468794686637572067 0.19707816592722793292 0.077901139267846933323 0.063973542154004442439 0.067051350426551289963 0.069304103027753791166 0.063468855004834179301 0.086526553018561935815 0.27226574452367868773 0.9191568478460818703 2.6729590093285895414 5.3983625373155978977 6.881416887160425766 5.9546557108986588602 4.9424321009680847183 3.2209692276406940437 3.2125758963688850756 2.3675792995676392394 1.800314102705542707 1.2074463797823713485 2.1348764434789631039 4.1226090938345283377 6.8719217795861320397 8.7974101700084528233 5.1531319190135125297
9.95332302582302475 14.241646908312196373 10.803895589230151586 6.9319017384762293688 4.401540876055395124 4.6235086948050714284 6.2982306250685828886 10.355612923336030562 15.081106131536316184 15.963358621962239425 12.560163891395266234 6.8070040019708804024 2.5085516236696512316 0.64883449086970967912 0.2264996336493215745 0.42096997223073562289 0.77926067241962937437 1.3216824299469203119 1.7374678531616591926 1.8679676261258437719 1.9769839174317134223 2.3751484531226818575 2.1999596352869845717 1.7173813806031024143 0.96270323782752742492 0.44913993649463224145 0.14837030220128835656 0.051670829792824453375 0.028223148510384578336 0.02010258891371098644 0.018613081926984506587 0.029351068850258166948 0.08276329880346641743 0.31972647918480068263 1.1370758923114838712 2.9761715162532444978 5.9989526857462482923 9.9538440005105197628 8.0890547994498582796 6.4149977670107301009 5.6086890533746274201 4.8583371442530705053 5.0889882475175305387 2.4254109052243313371 1.0488645381133707701 1.1217268421938164646 2.3858138678824740708 4.4923512231705453601 5.6290646964850514777 3.6989104623351809487
8.3303338151303911729 10.39385500611754054 11.478761914319884241 9.210033464060323638 7.9488218976156099771 8.309409036927181802 12.286206185459995766 17.589843349037924014 22.162237910310480515 24.246908714631576487 16.894984843732935076 8.3045556776343154581 3.3751783638136396704 0.8615067264376555789 0.34274837851059525295 0.87076160124300938659 2.2767896121767647877 3.5581936794612039066 4.5425432261050513461 3.8513343746592569872 3.0899550772977022461 2.9664483706226651982 2.5715008423426493067 1.8043751556205509523 1.0656507511204786898 0.49060781686653959222 0.25817933814667104464 0.1505412036181777713 0.096107701122680064265 0.052794465435091753047 0.039805746173192192716 0.063538595092188523972 0.15844856114192057417 0.41751475395017539904 1.2057482214223622652 3.0068956533785691221 5.8690480930527559877 7.2715065310579811708 7.2216846229929227974 6.0103375550391522353 7.0421944331843242537 8.5391407689239375856 6.5491355368613861643 1.6564079681357819496 0.76493183413953047545 0.59815808662467806478 1.1459117708578623329 2.2610693667641736937 2.1939036387692989472 2.5848243913633011104
3.8726275391621745037 6.7997959592809493756 9.4189062139142585295 12.120296147454748592 12.211543031295912343 13.5377356989610238 14.017205782248527868 21.86567851655289374 26.884473923117003125 22.443895774043028268 19.516897899020733576 10.132767566089246003 3.1910121077787292343 0.909600552048901001 0.45631587925170730147 1.1946209515539805146 3.3703984154995163536 6.1272489555132709782 8.8479993622974522083 6.9698253407653911751 5.8052336365139352026 5.5514676813558736512 5.0775627966489036424 3.3117763614694966101 1.6995078218388037783 0.99737196945005079929 0.70487708705221974181 0.51047665384712970216 0.32142046581403366234 0.19283839645242689675 0.14014707322220618102 0.17409498277542898026 0.33168787092469803612 0.62259869815642043811 1.1604347746002405817 2.2117033845094931088 3.834471909884756613 4.666509283042254097 4.6452967298847305244 5.1797680110611938886 6.7442172867223924015 6.8746207732411139801 4.5969577569596262734 2.4563990604958516606 0.66210152178089698438 0.34418667768813820951 0.42385209833362469389 0.69932492391957956634 0.97159470909627665414 1.2323811512930824552
1.8301467774158108881 4.0518690726307760031 7.8525760449110046935 12.980898698253954038 14.431205050116696853 13.640038192533973316 13.08569301915550831 16.42984124098084564 23.504284320261440655 20.234510375009804761 14.8223450083356596 8.230019958839221772 2.9184321665171335525 0.77209122603988500355 0.43913640373809237349 1.4388251344527154263 4.0345366692095616656 8.3876899982450137117 10.384784420129649973 9.6123790201219279083 7.4856476532026388071 8.1101207296216166753 6.5330956320670825477 4.1246993648110974462 2.5704145106807940735 1.9192768542630704864 1.7230066760395263969 1.3767225094581732048 0.90800189530155073214 0.5668636495336000225 0.41124795075279846346 0.40581999380718841719 0.61277184787973337787 1.0209525458909978202 1.3131846686568693361 1.768140704841637767 1.8922272685165275607 2.1379963875279770491 2.7053497093671059481 3.6401118942299461878 4.4274102034886784196 4.4855146791508824222 3.5546648861510599104 2.0470168397842640751 1.0429160664850749551 0.59634198663753446024 0.31153569464025809843 0.42678455636015255603 0.54311336698451362359 0.83712860879477191123
0.97128073579006379834 2.9116389943295124532 5.6646543753604365889 10.674872198140038293 13.148523921617018217 11.352575714552330055 8.2139986328686536154 8.5364631577415952535 10.567185300785059354 10.776755625493633417 8.3582086260314181203 4.5246218291716484572 1.8379004805350400709 0.51384953659283016947 0.38582083345376194661 1.2724074980639985544 3.6243002945626758837 7.176434446662493194 10.057809793890816863 10.06865021652745007 10.033340863918098762 7.8436370041779763795 5.3749089771443667729 3.8672790741067872844 3.1974859098892505216 3.4448307500433466011 3.5427253604977639867 2.8632652561324176688 1.7624029812248833693 1.1369869466421178572 0.90315528610009698784 0.98284788211041473893 1.048590946810757929 1.364534088693537095 1.7507519210990358793 1.3371813171454152158 1.1984349395197095856 1.2367823288764057121 2.6111822786403502406 4.3320013336430802653 5.5262485667601168871 5.171887789081709208 3.3627143869403006704 2.365962691861285272 2.0063228305810008045 1.4953181113776308209 0.88759176842621501091 0.66546880152694409816 0.70103197468358513511 1.5333263595488539899
0.6887125468026183972 2.1892598266179894573 4.8136008159722845079 7.1996983161799095186 7.0576135297349500419 5.220901147324202185 nan nan nan nan nan nan nan 0.24862768585216471484 0.25894973154909917135 0.74914983193531958783 2.0073622598716096554 3.7808256896702445715 6.7719946666118033818 9.4078258998175918748 9.8068544325295494701 8.0625478998558168797 5.0859045599737697785 3.6753909671889171129 3.6317733632297541924 4.2906169790863311064 4.863198247438267785 3.2848858716597510998 2.2045841231453415787 1.733034060288512368 2.0271104865930498207 1.6491848496660641565 1.2663651793991945738 1.4548395715084114777 1.4675433575574179379 1.1117874413610235873 0.89349421266251105589 1.4916791656658772158 3.5366963299304572388 7.2375033996977213846 9.3718894864024928637 8.9704551918868684623 4.7057993204438401946 3.4478745662323877497 4.2613689274481121316 3.4659149518620764319 2.2143264367191224373 1.0305593710419835851 0.88456676825993008073 1.732464773339952524
0.37728581168886243802 1.0447365796403060845 2.3416412661759857805 2.8164884621423960098 nan nan nan nan nan nan nan nan nan nan nan 0.33034433558719694668 0.80566465787657592923 1.9022126617367050017 3.3931738912814077835 5.4883682200250154537 7.0859128966458833077 5.795861930918825955 4.6871697053349929973 4.6859771384132633543 5.325272845408874467 5.6978637078318810083 4.6644913673708536805 3.6664748166067226975 2.7965796409822822888 3.0327555696732271251 3.3188108923649379811 2.4576139372441878628 1.5421803763496875206 1.1426248593553240962 0.81719522588872062219 0.61976537875866510863 0.65891286676476135131 1.5782114222335912324 4.5028062415747127645 8.7147646090213779502 13.056640382475048767 11.244709361028363048 9.5214148523344910302 8.6667341168917690908 8.0849315689134222396 4.5689823951588870443 2.2814032181415209166 1.4907291454904949557 0.64568196887122020211 1.0690448427949390542
nan nan nan nan nan nan nan nan nan nan nan nan nan nan nan nan nan nan 1.7012813461339713061 3.1633236021227570944 3.7116590525575401394 nan 4.7617818897291712688 7.6318228797987348599 8.2227470437684555549 7.2432800999202804348 5.2747150645289133664 3.5841498730298160247 3.1317044265211846366 3.5076598961742853078 3.8176729999147176464 2.7288889342564419671 1.4284891148108067593 0.70946312079443718535 0.31017203141575921954 0.25819749104818678909 0.40000179992684936625 1.2156026245084372572 3.161262187368569343 7.2492566797909461229 8.9681823387462475949 9.9742751898958701418 8.9534853132799891995 12.425080825636346304 17.96972603018178205 12.927243493420498055 6.6676463570776371981 1.1019564708341815784 0.49941300953776257554 0.66244575335385957882
nan nan nan nan nan nan nan nan nan nan nan nan nan nan nan nan nan nan nan 1.6180514978974109841 2.3396815395467904786 3.5042929326283505098 5.3133930479705178129 7.7643978446875756561 10.422116147663542662 7.5612877557261741757 4.3073956925559153674 2.5517087347204108205 2.3189051834820535447 2.9477429330015811892 3.3495589100353551082 2.1572781216412404426 1.0606964420500673008 0.32621582910712348946 0.13321801655956702626 0.076624923247970794238 0.20185485505426320474 0.65612816843476529094 1.9901216616286261374 3.2815879436274779657 4.8927017034686244301 5.0224098012398332713 6.6839155924785043084 8.4183793708707135295 15.91532537973413497 12.689509204938989484 6.3980925546978575369 2.6518545393626409279 0.4767332921074383667 0.27338357699165749537
nan nan nan nan nan nan nan nan nan nan nan nan nan nan nan nan nan nan nan 1.1803563946428303755 2.7813083757792522732 4.9195446832512601532 6.4177020151601844589 7.1623736838968845575 7.83391911686124498 4.9574262805147704114 2.5539131097725396025 1.5585957370813587897 1.4129355104512737462 1.8228546872186859318 1.7511058676723449956 0.48638306716293672194 0.41496896315528825072 0.19291090046089784393 0.063377223894278744698 0.023080478914775531124 0.076738364560929112068 0.31648206637857079215 0.59076992183784748924 1.153186927773410142 1.3468652804976737336 1.7322370112455998115 2.6926092932692289317 5.4593190707612393453 7.139482234286962381 5.9807037812035899194 3.0249996291150469396 1.2801078550199560535 0.4606248112942240569 0.14980387207585574294
nan nan nan nan nan nan nan nan nan nan nan nan nan nan nan nan nan nan nan 0.776831992799609794 2.526480547404519772 4.4745522691685977179 6.2790458681068672675 5.4672233813945512182 4.2049265804157105464 2.9256115670243287852 1.6698209201855014339 1.2106638778434559711 1.4504224966395238283 1.495790512624590729 1.0296207711815157371 0.30460355591365151362 0.14473012630578457882 0.075243537248738806555 0.015392340560398898308 0.0066722687174048927322 0.031325868449116694991 0.071451041568575526797 0.15220819047099415355 0.23801809799270814971 0.35709855695362729966 0.45104828694949089529 nan nan nan nan nan nan nan nan
nan nan nan nan nan nan nan nan nan nan nan nan nan nan nan nan nan nan nan nan nan 3.5686883965882367775 4.8415199114548821413 3.9979438812240490897 2.5098305619668761501 1.5904068587958488656 1.5996841090337594604 1.6492055475627569461 1.951382544622633386 1.8934944748069597598 1.0540634967478017536 0.46108794980341999414 0.14283355415953294387 0.04305551374881542992 0.010533555694376200637 0.0035595438495476866211 0.0068571197225057688163 0.015880281237945822331 0.031037249877753338156 0.049172332419346730104 0.088165170189359987063 0.052561986810410112059 nan nan nan nan nan nan nan nan
nan nan nan nan nan nan nan nan nan nan nan nan nan nan nan nan nan nan nan nan 1.2236907395624674333 2.4025644978053835032 2.761351098885238553 2.393955742305934109 1.6051882460526547547 1.3297885245509690755 1.6583980481320819145 2.4173547106562476294 2.6713678442345640818 2.1812933467285970934 1.1672895225894719395 0.47594955585955978083 0.14121455269637667174 0.031385287789956854698 0.0066427278333811654726 0.0014483433418308597814 0.0010497654260414783847 0.0021069440182629110662 0.0043037301126513036187 0.0075752084567858608138 nan nan nan nan nan nan nan nan nan nan
nan nan nan nan nan nan nan nan nan nan nan nan nan nan nan nan nan nan nan nan nan 1.4595039522044888081 1.376721396058650182 1.1228601979987085091 1.1949160754048566702 1.4289025717329759679 2.2007675471871745998 2.6778016997833460344 2.6255223828320559676 2.2990728972318859036 1.1504588391494625643 0.3614340710068024709 0.11060814369626520426 0.023571255315620966153 0.0038343378150297339688 nan nan nan nan nan nan nan nan nan nan nan nan nan nan nan
nan nan nan nan nan nan nan nan nan nan nan nan nan nan nan nan nan nan nan nan nan nan 0.6455935168782711564 0.86653043028639331613 1.2259248471778005918 1.894617890364164392 2.0710477561400155722 2.6438324009086402455 2.2912701605152885342 1.9622192553400692461 1.0485131405857488485 0.35422505192579656352 0.08165286292987004868 0.017331999684230096903 nan nan nan nan nan nan nan nan nan nan nan nan nan nan nan nan
nan nan nan nan nan nan nan nan nan nan nan nan nan nan nan nan nan nan nan nan nan nan nan 0.56513640944326226645 1.0881832084667377725 1.7237639148175734061 2.6879048416424886625 2.6218699371967377765 1.9768532880957381259 1.288611802871347356 0.68538825941186298785 0.24581002001053051109 0.060121196670054805056 nan nan nan nan nan nan nan nan nan nan nan nan nan nan nan nan nan
nan nan nan nan nan nan nan nan nan nan nan nan nan nan nan nan nan nan nan nan nan nan nan nan 0.75921848662268032193 1.3350930461119410175 1.6854186877218682028 2.0071156996694408114 1.5586708805753970442 0.63492126857645814209 0.30191693343944198125 0.11081644383290457923 nan nan nan nan nan nan nan nan nan nan nan nan nan nan nan nan nan nan
nan nan nan nan nan nan nan nan nan nan nan nan nan nan nan nan nan nan nan nan nan nan nan nan nan nan 0.82646487037712657031 0.97254552283045792027 0.63682273369165454113 0.39678120224616264533 0.12771697212609278704 nan nan nan nan nan nan nan nan nan nan nan nan nan nan nan nan nan nan nan
nan nan nan nan nan nan nan nan nan nan nan nan nan nan nan nan nan nan nan nan nan nan nan nan nan nan nan nan nan 0.12035294907600690983 nan nan nan nan nan nan nan nan nan nan nan nan nan nan nan nan nan nan nan nan
