src/SDSim/tmp/apis10
ncols        196
nrows        122
xllcorner    -12.166618000000
yllcorner    34.999860000000
cellsize     0.083333000000
[rows 66 to 87 of 122, columns 100 to 149 of 196]
0.61079013471307097571 1.0211917053023154001 1.5418098985304098392 1.8784165448762624173 1.9609434278650701433 1.5865368052608335159 1.8536325051516542306 1.5515854034915890214 1.2107161942880337868 0.88184784299557761322 0.87260790109491237487 0.75951924704845874547 0.55795356067422530177 0.39727044185408172394 0.21119549389176592302 0.17909250261997852749 0.2114460861563391969 0.32481074629182549174 0.37000936509930115736 0.41954028908441848289 0.31632572127972896636 0.20426624935547391115 0.127975346903549142 0.088842820196311136915 0.064623957306326779149 0.070179679546663986667 0.051660614037785865249 0.054652467095046633472 0.025480836327009735026 0.014791110879412368989 0.011242563108104760075 0.011704412498898969855 0.012823455537622908962 0.015463378072020700013 0.03884812426056324236 0.069615665139196203359 0.1937224971208899027 0.38939171577953751724 0.5307134882364274997 0.57450207255291130259 0.52621978724245344061 0.4389450990218184967 0.28944574615452040023 nan nan nan nan nan nan nan
0.34130893171468840164 0.58948358934727163039 0.96587503547868669429 1.2119750528608790319 1.3929613226602908238 1.6212247187627697453 1.6889811008845700968 1.7066246088281828985 1.5313073474951126585 1.3440548569966010994 0.96099042797562728158 0.77687168260001948639 0.56498407882483570042 0.42110438150701795523 0.24780917844540761852 0.17154998498897000569 0.28010771025469205497 0.41667577733507210613 0.5379151202935770204 0.50380326130778807503 0.42615746390929193366 0.31671458060891483077 0.17204854008165987311 0.0979140419775628712 0.07087759992457780267 0.05965708612455600246 0.056115024376473282564 0.047180005894293199076 0.045006604837765529226 0.018520797099950671305 0.0080651704372236808493 0.0065582083399822873812 0.0053474715253477153251 0.004324283530452595857 0.01005189817616702376 0.072307379872313962133 0.30269419801468805398 0.7888290142276634942 1.17887204481274388 1.6837968587964571299 2.1932489418632572509 1.7223187669565973579 0.89640691924692172954 nan nan nan nan nan nan nan
0.16785872258167464088 0.26244258812275123027 0.4616368504502623149 0.62924879251552778836 0.83502209344230460264 1.0415522736072921894 1.3491375546427515353 1.6783403148310911401 1.762499709717005425 1.6361789931791184127 1.4844970386216258529 1.0341152335003720442 0.81109671729720922428 0.48805481011946011405 0.27144168250263966957 0.20528641200097927366 0.29040601597988163762 0.50283509439489859627 0.66014284301020276224 0.64322400089116116284 0.55584970385361665013 0.45052937238691420641 0.25605145581501631558 0.14018497751222400161 0.095733558087846823415 0.085297818354075405356 0.079702297374726643886 0.096683384109283121433 0.078428303713249186702 0.04104719863757630427 0.021366317997160728243 0.010304728426843675834 0.0066614319032884932587 0.004880379180812616409 0.010941767772598861436 0.040153820129639153369 0.34219118606749204803 1.0782783444704755471 2.3750731778524847293 4.6110677017266361588 7.4092207281928619267 6.1479106622488490785 nan nan nan nan nan nan nan nan
0.15782687591103042313 0.19979777359276720827 0.2906122439321910389 0.38103190417843740834 0.6514091644052319996 0.89293835863163228961 1.2021795651700224461 1.724204457753794717 1.603314749492172675 1.9028195131823757436 1.8968208337341487812 1.7109145059214376783 1.1945397694939423605 0.70862390942120201398 0.30349493989147324768 0.19762021411320215836 0.27795707050106732705 0.52197599267714034355 0.72050128238232746813 0.80904325617180605779 0.71615753362029099804 0.52107789637888646261 0.35001999967669505942 0.21989120771795314657 0.16539618485311338714 0.14564229196806521838 0.1440042148981307002 0.16218867520379637304 0.22332461532931816017 0.11900825983465321278 0.062081958501626219316 0.047235672813009471627 0.027017868826003273164 0.020793137907533447428 0.015946341164309724842 0.067039443710329216231 0.42538881399213174239 1.226297132874629936 3.4261064311601390209 8.512214339611050562 19.766188247950200463 16.554362879829827904 nan nan nan nan nan nan nan nan
0.28431379800220624166 0.30611564220404252623 0.36878654107927344441 0.65640278167194610059 0.93845003607788179956 1.146714989148535313 1.6473775885067556413 1.7622025698318866116 1.8987567869331967163 2.0922396850719264805 2.4219498921047368789 1.8246703346331507589 1.3540538441913680945 0.79884630442122650518 0.40202980314534625395 0.19590370959254918559 0.2425986316838645851 0.47777962470971185871 0.71427778130881314222 0.80480842098706950605 0.79194986973395598007 0.65304281849092904455 0.51395761261142924869 0.42066206701210034913 0.3787824363478410894 0.32923001703651383343 0.31964283300723500547 0.32806113028157352085 0.2157364180339535753 0.20416255417135131811 0.16631961287196261878 0.14997322515302119461 0.12727843734657640073 0.04859035085306961238 0.044547697879685758948 0.13274505893567303816 0.25640745857030489141 1.2903489523558488994 4.3937854008055037269 13.990421236237137848 33.670637807660099838 46.077952443513432002 nan nan nan nan nan nan nan nan
0.62263517073930818579 0.64348624036211221622 0.8753616479847931009 1.5268672167082180113 1.9291434873989692367 2.2178069301986629291 2.2408480147845399877 2.0329119423323063209 1.874075832107796602 1.8865532842238634803 2.1374011128066769949 1.6818106979785534261 1.2698643131597824318 0.74490274398862577065 0.32920617900299342651 0.17621777248298126084 0.22514669289475736091 0.33304063541322631581 0.55918056375665448066 0.73716377800513388507 0.83227698999254773327 1.0866558988924568396 0.90128953379917731148 0.93524423738798745376 0.92376528218374531765 0.97686701336937453721 0.69413961574063098858 0.78923733952885843923 0.51904796703997224672 0.39171457113927332649 0.21434595216268059747 0.15717721677981003059 0.16048594145031269687 0.28447841824312075643 0.11696213317635999196 0.1285832433538720565 0.59872356034775819911 1.3939089926937044961 5.3676891204810184277 16.944494335889441317 42.63108485999504893 67.026481488494283667 50.64977438546710431 nan nan nan nan nan nan nan
0.88722334125819823925 1.2305161485566453727 1.920326337080055179 2.4946184915154319128 3.0512917104868377827 3.1372492250811472303 2.929580341739268512 2.4156369935073218613 1.8603414057243328195 1.392381323136081317 1.3852722088413254031 1.4462175607691736268 1.1460960296349307352 0.59881033341175804452 0.29789459466635259677 0.15061977753463409724 0.15424416400300416941 0.24998932241483445837 0.43520428582229098158 0.80250143595116230077 1.2159404745612936161 1.5186119722253896835 1.7145741904570297454 2.0046564448343016096 1.8467028816035562233 1.7263042890969442222 1.5764678693872680171 1.4708215074494876973 0.98798936066626130703 0.50946880442142250534 0.26999723710792578046 0.2307401475610786068 0.32112214806226674346 0.50522117012471490227 0.22298151191225518142 0.51321368120573307436 1.1028587285825905973 2.8165909789930410057 7.1698071904642795005 18.044957544094405222 40.184097833275878031 69.797719090009394449 53.370084766464074733 nan nan nan nan nan nan nan
1.3401766334665832225 1.8166697638683309002 2.3139133894658860946 3.1782418710713318255 3.6307402109515209965 3.7791850238692550334 3.3487880037330421956 2.6036945081357396603 1.8118715635901136984 1.3723192441599010305 1.1167705508992451513 1.0256576337139815536 0.89102427771394787648 0.54416126297789524369 0.28573662734763866089 0.15690712709959064863 0.12508160486260672117 0.18530061786136378665 0.37942034811395242144 0.82540928624234743971 1.4201313169783342794 2.339737161582482905 2.8508718522804148421 2.5541923408196463008 2.266714093336306135 2.13212269096244178 2.1392101355338000168 1.4586395181251972097 0.85440644684549726939 0.50064537549169529917 0.34255563862396942731 0.28222442665092883907 0.61084066027716021896 0.74564230553084509534 0.71050879442753833715 1.1472764053176973675 2.2464618979396151488 4.798289567720212645 9.5619731016339830632 19.906161452648237997 39.578584461791209037 50.67509437187667487 31.832666296502157621 nan nan nan nan nan nan nan
1.4208122425686879886 2.0456292614039361943 2.6355542013680572921 2.9137555298153059447 3.7631813021665565522 3.9542043703367601992 3.5312290083163424548 2.3116523653713572095 1.4074481429313323577 1.0110887028757464812 0.85328434177440104502 0.81902825142063173658 0.69192207867889976569 0.54086868155514655765 0.30331447644079778669 0.16692985205716806552 0.1220767657002840012 0.18953505674626100475 0.36877132889400854321 0.72912304087395773955 1.4416431281717276836 2.4169952021074756487 2.6682640648374977843 2.4906193509875649283 1.8359364209459620998 1.4913074475708327782 1.4282904263304232462 1.1930716092631115099 0.71646493022349400093 0.61795402428474577317 0.58431640325865330521 0.72187615875017685507 0.58792505249223381281 1.4252437006009914811 1.4046463111015174974 1.6114260067642558472 4.0906880098891944542 7.5127473900690588948 13.583760733198824155 24.086109684218641291 36.306203562177536526 37.747346237086247811 32.493122021167884839 17.464395445086672964 6.7170828719271664653 nan nan nan nan nan
1.222946145977115151 1.8150297799331891468 2.3012929273172018085 2.5721589457710867244 2.4056576986704030219 3.4658559612534212135 3.1230794596183306666 1.8779548119650524285 1.1242986696875076902 0.72799241935631164857 0.5962780124160990125 0.56479361033569552841 0.53348260656293244875 0.51098014599439522954 0.34459153255591945531 0.23434994430095285045 0.1740013709409883591 0.19280902110326636478 0.354467017603238288 0.64099742404095905179 0.98923851690613395782 1.2925171006562887754 1.9339729226623540992 1.3213617630166232253 1.1826836054257987563 1.1141029947883267504 1.0890566144076541111 0.91681196911305196107 0.74323804629536094346 0.628124724545061075 0.68458577682165944189 0.84436823894896284592 0.99797037690935197496 1.7947822712143490786 3.2255943987085409219 5.392776509208811575 3.9443104385452332217 4.128254500461079779 13.526742200399219485 24.737519427392093974 24.045129424716794375 24.963987181293756379 21.712855030049606597 21.027902359890067174 12.12733934963899074 7.0688142471059771665 2.3717019616617474043 0.77751917792632541104 nan nan
0.88222847594103059876 1.5796408369470551492 1.7759190503857722465 2.0716075556963891025 2.7094475696103961226 2.7526968080377174353 2.0039293768899635317 1.3411048658568507363 0.76866035181725511638 0.46144026257681453052 0.35199819966342082989 0.35812504152806839963 0.41836947454512818378 0.48989084049371889318 0.40444811813977438186 0.3311763363954422501 0.24654943162798753642 0.22755149468718657846 0.28353509431191209478 0.45583387957599724727 0.60286792626741192436 0.7414895777900469831 0.80717035755186550272 0.76503052953499306454 0.69841729314760803149 0.76001118994367367065 0.73769268160099532583 0.6771250947503331119 0.52311637939868604885 0.50546528589497086159 0.79036627767487488416 0.77631166475964552554 0.96532341272432131696 1.3645176083387722255 3.5196019493581758297 3.9711497654494518628 1.6763616026871417386 2.459842969438214233 5.9333905518468617046 3.7563081239357445362 24.667707871877183834 18.890903545423437748 11.084028532502017583 19.367094776425176406 18.5030581856815175 13.569908438303299292 5.6770172266046783349 1.4990159558843318965 0.32577733070907310964 nan
0.58298583590335262272 0.85671025664414368617 1.2490997210781582538 1.6827151491583915988 2.0440612248637513026 2.2654593418062267673 1.7451338563828915351 0.91508623482518192116 0.48206791416117944493 0.26268756363759804273 0.19483803409240862958 0.24111640213407689592 0.38602097635124243968 0.44933905522802430887 0.48956649992840023389 0.43411429696565484448 0.34195469547982104697 0.25275049080045719485 0.30079626330914843724 0.35797662000636659707 0.45100407218954358113 0.61210201822402854344 0.72678610626206507916 0.66393240837412981215 0.62843555096535697047 0.54663815482519184652 0.69610734404416818588 0.5853056312553654994 0.47858148500924607704 0.34588366695092548353 0.48725451578056122592 0.86526439709360380981 1.2948962529053205106 1.9910345845570198708 4.7463141104674209103 4.219081750330540892 3.9097066545633891721 2.2122267308707392885 2.5891110841212170435 7.1847502890664225461 7.7342005235043798095 15.281166286639628282 9.147570679071213462 44.152322763261089733 32.53810708829950471 14.926505065006443473 4.421934680560997144 1.1014586615834405237 nan nan
0.35062574399262169678 0.61463033396221244953 0.8528497857822610051 1.3114375363620309756 1.912212411224761377 1.9330204901877581225 1.3942810374847462995 0.69003428553803425327 0.31446003947677392265 0.14614535641770887153 0.11011550441459688754 0.1827953821288112457 0.37517621608143270073 0.53061530052843186578 0.51138093157550246204 0.45202297100306304545 0.35119063364011260386 0.38751087558967944879 0.51215198027729691432 0.78414670030591238081 0.86312524346614172277 1.1523769752783361575 1.3137316484754848478 1.6552886786397837948 1.456550407803628211 1.1621554083948648639 0.90205853566110205666 0.62667637854181423851 0.41892861100899592142 0.35936433506858883602 0.40461485785776302171 0.8427463682737679207 1.7646428091669907889 3.9517652283283983827 5.5716217998458823502 5.1798699290020273622 3.1771667506325078634 4.6920708229660839095 5.6012653174059803263 4.1240990967864785688 11.282651532986054832 19.73013097147330086 69.482062065868731793 10.592108713428155298 45.900600792511880854 nan nan nan nan nan
0.28589918013545567721 0.32547040862470727474 0.6548826998313300729 0.96640534017756896112 1.5031991737049155144 1.5541175446278234773 1.125761688633864166 0.52802973200337754989 0.22029265795983118958 0.10230705398099262937 0.069675899058387752438 0.16016845387578709792 0.36297557504745003865 0.54047871312129125432 0.56475422722682611099 0.44139515656376077102 0.50601777222967558867 0.63133912665563962641 1.0869841774507178478 1.3260321045511727078 1.8822901072271440714 2.1228288145236002826 3.4043265562984417194 4.2469516629664356699 3.2001497203658075819 3.6010000461061526522 2.8064494146173544209 1.7562131392634716676 0.78090258909991505654 0.69044481391890655253 0.90066173957339057399 0.78982616497901103614 3.1627797366804011325 3.8390083580188734125 6.4398271694036193225 8.3154419143345812415 8.0890805786542561151 5.2969281065642430661 13.63017985402548149 13.409192457926280895 22.923426783988240629 44.636295989713907773 54.585817838127084656 46.989916148669564677 nan nan nan nan nan nan
0.17074203851345370886 0.21909422395938191186 0.30640339993417065045 0.63605167089467840036 1.0228254263086640208 1.1046383605426439711 0.84304714990079443471 0.41042402175691566901 0.16729076463414394027 0.064673240668024947753 0.065235609272677783088 0.14751406665723121314 0.33044770325722644388 0.36163374786923035975 0.52953138909614150265 0.97456308059727647652 0.61042622470660568013 1.2024280825093420777 1.7383380731133235564 3.0428574193891280153 3.406030627472898864 4.0566098239548775695 4.8907186702003535572 7.1906082279057423889 8.5673574501244686985 8.1960119546080782982 6.9681458424399806972 5.1770191648638439474 2.2460528738334177845 1.7425984410487724841 1.3674715088079787417 2.0117061101969322401 1.1024236025078526513 3.911736523043421343 9.2896774621956801354 13.411258398911064305 16.386457262284707781 27.242062221710995118 29.877006397926741954 31.446731223880306061 26.657418109155955221 nan nan nan nan nan nan nan nan nan
0.28509533423985655709 0.26974581713712303399 0.2590981509955627704 0.39155819655710089044 0.74631887097264171249 0.82270274566563927898 0.74196016252257235291 0.39508571096342121054 0.16182110235175878321 0.069866977862902523988 0.074887164685766227645 0.17271165443726044231 0.39416291849107071288 0.63583854015945751037 0.51099064971374452693 0.71311455144202751111 1.2863707529220296255 1.5953836048652640933 2.6486341221922780065 3.2122154241726672552 4.0532874986799045658 4.4069164042393218494 5.0140500719892466819 8.7697661823993264818 12.596661720856694444 20.414627810038158628 20.543226790710928498 11.720036428948313656 9.2312649161557160937 4.0718946183355138047 2.1042370361215612107 2.0000935299897997233 3.3305958960861854479 5.2173762235032556944 7.6288817920436908793 15.02167259504156327 27.658394455444845761 37.344421679630343647 42.99013552086523049 34.487747745123883192 17.142304302743273325 nan nan nan nan nan nan nan nan nan
0.81391085001323104642 0.69108189298186595284 0.53271184130340754059 0.52008803615296539391 0.54551491794819884085 0.5668643433505718976 0.46072881729403336593 0.23484585886006242861 0.13759860756686140282 0.080466258233100690367 0.0804138922103058984 0.14537058496454571821 0.26792372103729739097 0.55582538847004914206 0.50852095149116993689 0.75301199202327040449 1.7726232591653441339 1.7002975475905011127 2.738943075548988304 2.0411484188393598238 2.2057352071461964194 2.5348719279724138964 3.5487307595373227542 6.044050769706251991 17.206576346591933913 31.514610742017435285 34.404050712256584177 28.099970214151234416 17.681995131337508553 7.3818300243829613194 3.5757073869562114865 1.5407276595833165889 1.8939050755776771773 4.7652309514294088899 7.5761128583432038042 10.012746647358847341 26.00096699726156757 35.553044062747197529 41.177098820311790917 30.023073795693616006 nan nan nan nan nan nan nan nan nan nan
2.4558603004556940341 2.1020219627848648614 1.2338659390013650974 0.6932651767095653339 0.45850049840177353744 0.30335972189607268712 0.22080572238845830313 0.15599994783987458646 0.1350817150546677059 0.15322163450558820563 0.10703257144556556357 0.17556221037078592606 0.39004807181732964461 0.43108529801248085533 0.46299714174354567042 0.60543969852270873577 1.1007912751774464599 1.067013999267423241 1.4902661355897111051 1.4565464688136542382 1.5173923707701768571 1.5070494528740057127 1.9236355416005084251 7.081958164764311725 14.178928477378581974 31.785988635281391623 41.384737318627770719 32.192133314588481596 11.105985962604824735 10.395083166900503713 4.7905966247421751802 2.3921442043677716427 2.3855729848814157812 3.9740545545339012179 5.9250771013425787004 9.5507414464840039159 15.454515689453195648 21.735595593572110573 24.018802409734099967 14.585475029108906142 nan nan nan nan nan nan nan nan nan nan
5.8834034328007138726 4.702512743611650059 2.6377226584628310491 1.5085787268264145844 0.70396176381418718027 0.34909165944249170854 0.19028432834484526603 0.21973929602757535928 0.35706841136906747325 0.26274444933840468419 0.20101077693092708754 0.20137160807266796247 0.64498876263448912116 0.31450192550874928044 0.30994673068201239463 0.55737350379842742765 0.63304047730893620027 0.63784777701914363579 0.76125126049811675522 0.73236724777479722537 0.78959024243481734651 1.2369289471790425594 1.0229011514601984434 3.4816188308547437735 10.733609289383137408 18.966902501004735626 25.772294511205686263 25.044688657120484976 11.803280511476271997 8.8249364411139907816 6.7628054398581776141 3.22905326208660437 2.9119705910175657237 4.8045924853663475318 7.087899582986642244 9.4860397991091094383 12.276736542997552348 11.435211725052452536 nan nan nan nan nan nan nan nan nan nan nan nan
9.8859919512970471089 7.7916749049676381489 5.060937997430860591 2.6656723272322859764 1.346815469579264235 0.58946451360743090664 0.41960084013059256725 0.4413685085174131606 0.76877844107102011328 1.0626726501680132664 0.41384682087369462078 0.59321182102720759755 0.36549860936078876206 0.21371644249989363296 0.28590956878292334009 0.30646385383851409978 0.48473629987464983415 0.49551362407664190091 0.4867361985500837096 0.50124691004549004614 0.75255122318501788126 0.80457823962345431656 1.1824695528593307525 1.96763885141173267 4.1558075056540806358 7.5429931349082002257 16.344286107901719873 18.837651409559047266 20.933213571095656391 15.050053059705199132 7.5323348881177061287 3.5845982144510628586 4.2721071636978429353 8.2626115426427553246 15.73312256551893995 18.409946503014573693 15.355596388115946738 7.1452889343756282869 nan nan nan nan nan nan nan nan nan nan nan nan
11.710030941081152278 9.6320363787923000132 6.6228814117179721777 4.1267056009122802251 2.6933589588566144712 1.6913960297195749227 1.2316247254383922982 1.2172754069640410179 1.5663441623433198568 1.6957445256081569163 1.1252010819768740735 0.44787488832139560335 0.38175902282679735622 0.2989567651651416913 0.40691980809330341451 0.48802742191536535588 0.51767276241775928014 0.4019345656508523934 0.45203255369081907222 0.45621722156938171455 0.51008502406591404998 0.60923095656264258935 0.51480759446278534508 0.9171052437775875088 1.2495375492066367329 3.6261270572044961291 8.1301342924512738364 16.142723920866568932 17.073767254323186648 12.00159833829509104 7.4388290521880939821 3.9770004471463433759 6.1780994683409442558 16.067111880387265899 29.283013228139282091 39.675777881812997805 23.326601810345046317 nan nan nan nan nan nan nan nan nan nan nan nan nan
11.831644377212770181 10.294132617170987487 7.4574698467099116428 5.4013350874439636229 3.2594161691608092291 2.2227105622898815085 2.4501952944323917016 3.0032308208357649804 3.3172767346244524944 2.6564374306629483513 1.0949547990187105118 0.79294012149699022451 1.1339680386432626769 1.1038709272398952166 0.94696382254318223204 0.7934912320517865103 0.67732003393016471104 0.48038660951720224546 0.33030495309787338831 0.26886360015948401747 0.24377356313186210324 0.27769956012213803387 0.31595780555594127348 0.37657459989696973057 0.66774602410003303099 1.1182519817266967088 3.9181831427175675131 2.2077158290189866641 5.9543232610059879661 8.2765964628174586437 5.3362227430192739064 3.9317390915958778663 7.9336320138894382836 20.421208698983235763 40.908341439916135585 43.156576311378039179 21.790421646175648362 nan nan nan nan nan nan nan nan nan nan nan nan nan
