src/SDSim/tmp/apis18
ncols        196
nrows        122
xllcorner    -12.166618000000
yllcorner    34.999860000000
cellsize     0.083333000000
[rows 66 to 87 of 122, columns 0 to 49 of 196]
nan nan nan nan nan nan nan nan nan nan nan nan nan nan nan nan nan nan nan nan nan nan nan nan nan nan nan nan nan nan nan nan nan nan nan nan nan nan 0.35385755159031428985 0.62548692635151803554 0.9445428423210947555 1.0359431878888101242 1.6243964581201455477 2.8150877115398875716 6.3997585364778020178 12.552220714960418135 17.426011644291587999 28.037633343396077379 32.576746265155172466 34.107817542365978625
nan nan nan nan nan nan nan nan nan nan nan nan nan nan nan nan nan nan nan nan nan nan nan nan nan nan nan nan nan nan nan nan nan nan nan nan nan 0.1946670785740647891 0.38581546110228143176 0.62204412474105075237 0.73703008395327729296 0.76642894814613193866 0.96576330061831328067 1.9955197847789571952 3.8947504604589271437 7.4933561008904279177 14.240616859991506615 18.118821986915669697 22.971319302997518008 29.911342353108178571
nan nan nan nan nan nan nan nan nan nan nan nan nan nan nan nan nan nan nan nan nan nan nan nan nan nan nan nan nan nan nan nan nan nan nan nan 0.094866967255806955439 0.18676047697859871066 0.40217266426631154141 0.5811730511442728675 0.78319660445879402122 0.6566215444013524527 0.77773637621688074262 1.2093977445447179342 2.5855357686168325415 4.5843558564202666616 7.6116261850311150994 11.823673300171126499 18.339741829217864222 22.388523887362140385
nan nan nan nan nan nan nan nan nan nan nan nan nan nan nan nan nan nan nan nan nan nan nan nan nan nan nan nan nan nan nan nan nan nan nan 0.055360495447889929155 0.10605680397574955565 0.19042134827709050748 0.38880070698454965994 0.55173358139522066246 0.52354366401105911777 0.60157814859212599412 0.6036197599716844886 0.7211760757771160657 1.3126633869584791725 2.8449047773129705341 5.1690205087301341891 9.0634500510224125236 15.099362863977725979 22.310959182130279288
nan nan nan nan nan nan nan nan nan nan nan nan nan nan nan nan nan nan nan nan nan nan nan nan nan nan nan nan nan nan nan nan nan nan 0.028082763506969241063 0.063127051875492570798 0.12635471961115293804 0.20401453931034366218 0.32954217552298570304 0.51518454741522667906 0.41359085860595418138 0.44385278899482483173 0.42400182723981771904 0.4328971004445193449 0.72979902896048032268 1.4715112231125875297 2.9710258924757280141 6.6738994633645534194 11.919052042380865686 19.033856655038732697
nan nan nan nan nan nan nan nan nan nan nan nan nan nan nan nan nan nan nan nan nan nan nan nan nan nan nan nan nan nan nan nan nan nan 0.030967815528746604758 0.064224894651553163238 0.090343880453906857952 0.18312176780347522165 0.31982623317482528069 0.40792523057949414689 0.41370178689570535902 0.32784489047999942901 0.29386449314415596934 0.33306305131429675415 0.55812030831514380935 1.1816309526596417978 2.7403551999067525813 5.3777451568532246284 9.7568573718871931533 15.491135710975081352
nan nan nan nan nan nan nan nan nan nan nan nan nan nan nan nan nan nan nan nan nan nan nan nan nan nan nan nan nan nan nan nan nan nan 0.031153948876115732797 0.056950814521051093542 0.10661897041199698555 0.15741103715200294166 0.29617426546029973489 0.32167925012982262478 0.3148550650753751956 0.24078251810135600786 0.25964670107137260979 0.38139891145445747878 0.79352059001354746659 1.5893596722049379011 3.0963393753312011825 5.3024433510580797346 8.535502340295119339 14.577896629001859452
nan nan nan nan nan nan nan nan nan nan nan nan nan nan nan nan nan nan nan nan nan nan nan nan nan nan nan nan nan nan nan nan nan 0.012911166823793779682 0.029271485127112379515 0.058109358602692021134 0.094204059025113071058 0.14974209647767081077 0.24663746358142629722 0.23000973765036686336 0.19264033036117750308 0.20167408875809927915 0.30245625718419266725 0.61514905367128125402 1.3203149562930596161 2.6236191079247053182 4.84528108032173499 8.4776163421333095016 10.50918552903080716 16.635739029811023926
nan nan nan nan nan nan nan nan nan nan nan nan nan nan nan nan nan nan nan nan nan nan nan nan nan nan nan nan nan nan nan nan nan 0.015455285042711479349 0.031759619521289444988 0.051691257566548437508 0.087075105602086200207 0.15395302389126772069 0.18803683733992931915 0.22910693064961995535 0.18874459460786779941 0.24808008802817241301 0.44665581691939643116 0.98571975613899343038 2.0214942799999109369 4.5348401685877099965 7.2522608124283731712 11.881807182075336371 16.239047728919690172 19.520528149791520178
nan nan nan nan nan nan nan nan nan nan nan nan nan nan nan nan nan nan nan nan nan nan nan nan nan nan nan nan nan nan nan nan nan 0.011459308713113387432 0.02904010760269021274 0.057943726815771534611 0.08311249463509501334 0.14498617863294163688 0.21393289876475946043 0.23782304270734513918 0.24576509208155866704 0.3245022057857354647 0.63763810136678855667 1.2940959139385017629 2.809874982271812982 5.6791771318274166802 10.922854497919136207 16.838343980622102691 25.979744548200184084 28.720802027708227655
nan nan nan nan nan nan nan nan nan nan nan nan nan nan nan nan nan nan nan nan nan nan nan nan nan nan nan nan nan nan nan nan 0.0025021786199043642533 0.0092496325945721526163 0.020403029354763485559 0.069921357497785163737 0.093927872704220330413 nan 0.27501326002190790154 0.39109479885693931855 0.4060010913559846113 0.62903089842045911695 0.97128301721754428666 1.8046897334054530226 3.5067203374966493534 7.2506719870094284985 13.878002877432976447 25.221209380731963279 31.289722784190669103 33.152737920671356164
nan nan nan nan nan nan nan nan nan nan nan nan nan nan nan nan nan nan nan nan nan nan nan nan nan nan nan nan nan nan nan nan nan nan 0.012376573280969395408 nan 0.18774014147446771439 nan 0.49392263079865089681 0.68713804284965163127 0.77305907407408147591 0.94442904575711550397 1.613068987116562214 2.6417092553835419544 4.5680574706774379479 8.7550247249748966993 15.663776781031504726 27.044919639117768639 28.819426007024507186 30.89068896021758448
nan nan nan nan nan nan nan nan nan nan nan nan nan nan nan nan nan nan nan nan nan nan nan nan nan nan nan nan nan nan nan nan nan nan nan nan 0.32684564063022758518 0.66902659399701724929 0.78700846615441322207 0.89497496771982665287 1.104188155236269786 1.587671397525969974 2.9232711336156667059 4.0267790151769808915 5.7593165689679199915 9.67186204885289591 17.329743501014544194 25.708075284829750018 31.613922932004278721 34.417709730739119323
nan nan nan nan nan nan nan nan nan nan nan nan nan nan nan nan nan nan nan nan nan nan nan nan nan nan nan nan nan nan nan nan nan nan nan nan 0.46461541052098548343 0.78455503441979979051 1.1805290549222626773 1.2515904579666741192 nan 2.7409978552489260295 4.2883422639421322486 5.9189903023738228427 7.1434487660164993628 11.317172016777501398 19.198325314292905119 33.84449252989205803 42.225423604913601139 43.725134225892794859
nan nan nan nan nan nan nan nan nan nan nan nan nan nan nan nan nan nan nan nan nan nan nan nan nan nan nan nan nan nan nan nan nan nan nan nan 0.32203944799800027221 0.5277902432702344937 nan 1.2867466068620945219 2.6543131260633985313 4.3101961751136403933 6.8611195255152139794 7.1375993021095283098 9.5814567709000488804 12.707451049770915219 19.858618753665155054 36.08071054204501138 44.912612231622624392 44.026588853795416867
nan nan nan nan nan nan nan nan nan nan nan nan nan nan nan nan nan nan nan nan nan nan nan nan nan nan nan nan nan nan nan nan nan nan nan nan nan nan nan nan 3.5448125923973536899 7.0379224030651101884 8.4809443780093030085 10.606102687259063799 11.860399338924516144 14.535599932309908766 19.70718909135264596 32.537199734552686436 42.176649811662755951 41.502606098430320003
nan nan nan nan nan nan nan nan nan nan nan nan nan nan nan nan nan nan nan nan nan nan nan nan nan nan nan nan nan nan nan nan nan nan nan nan nan nan nan nan 3.8765571508628280384 7.6054167604911322442 9.3091094564077803142 11.277309001912197317 14.009101799605542027 16.496839500613543095 19.227822899884948527 21.390843605225533963 29.852099665471911294 32.011672477448087193
nan nan nan nan nan nan nan nan nan nan nan nan nan nan nan nan nan nan nan nan nan nan nan nan nan nan nan nan nan nan nan nan nan nan nan nan nan nan nan nan 4.1515905201086100718 8.9389650790146042425 10.421507174635392445 12.000101969282539471 13.103186820992426931 14.559708974340836107 15.474654832616913325 15.972898364948264316 20.584073248589252358 21.154167271143251128
nan nan nan nan nan nan nan nan nan nan nan nan nan nan nan nan nan nan nan nan nan nan nan nan nan nan nan nan nan nan nan nan nan nan nan nan nan nan nan nan 4.5986723971463741023 9.119874219197674492 12.985470303210130183 11.950983416301678375 13.345337366693556191 13.568293341135843733 11.838086559712289514 11.98147231423701875 13.165125604225284661 13.543902414948611579
nan nan nan nan nan nan nan nan nan nan nan nan nan nan nan nan nan nan nan nan nan nan nan nan nan nan nan nan nan nan nan nan nan nan nan nan nan nan nan nan 5.6184914969399892826 9.3515677816462812189 10.711522247508520778 10.706309976461428235 10.628967038149550461 10.689584534097607005 10.253142507684808393 8.9030362018632445142 9.6110353842184963469 8.8993246662880167719
nan nan nan nan nan nan nan nan nan nan nan nan nan nan nan nan nan nan nan nan nan nan nan nan nan nan nan nan nan nan nan nan nan nan nan nan nan nan nan 2.9692141237154459077 6.0905988378137383421 8.2922310227072983935 9.0807124353155650454 9.3210856980738263644 8.8570839604586417693 8.5244477998223047166 8.4671293736316481926 8.2552579244364032718 7.6026256865261210294 6.3161646938575168875
nan nan nan nan nan nan nan nan nan nan nan nan nan nan nan nan nan nan nan nan nan nan nan nan nan nan nan nan nan nan nan nan nan nan nan nan nan nan nan nan 5.2172410986810868749 7.0729162674378613929 7.6271890684190548626 7.427592613478140926 8.1601848174620243981 7.9562962563111074843 7.0654581979562314231 7.6214049565734969249 6.5815895118437293121 6.0983784227668653699
