src/SDSim/tmp/apis20
ncols        196
nrows        122
xllcorner    -12.166618000000
yllcorner    34.999860000000
cellsize     0.083333000000
[rows 66 to 87 of 122, columns 0 to 49 of 196]
nan nan nan nan nan nan nan nan nan nan nan nan nan nan nan nan nan nan nan nan nan nan nan nan nan nan nan nan nan nan nan nan nan nan nan nan nan nan 0.22613645126130557661 0.48503509296080848934 1.0341101594231192351 1.7853333883154025585 3.9494161487450294423 7.111221325894210743 13.586191440927489538 19.504978456356319327 18.44721349392844445 19.978169765169830896 15.92523784547544885 11.995115146580412002
nan nan nan nan nan nan nan nan nan nan nan nan nan nan nan nan nan nan nan nan nan nan nan nan nan nan nan nan nan nan nan nan nan nan nan nan nan 0.1295884170232601551 0.28829143585135985628 0.59750903437090641113 1.0619893106827171803 1.932484980669381569 3.9697140397218864116 9.1420133874254698725 14.148027894937413862 19.288326096940075161 23.81714773448280198 19.052299604509119746 14.923204000575319483 12.137948302717955329
nan nan nan nan nan nan nan nan nan nan nan nan nan nan nan nan nan nan nan nan nan nan nan nan nan nan nan nan nan nan nan nan nan nan nan nan 0.071221600352081665397 0.15333352644696462974 0.38463196449855485692 0.73788151486567976622 1.5574308032360750786 2.5127344576741736937 5.3579176222683431163 10.270069149483555648 18.744860067359812916 21.906413757369659123 22.907652529896378013 20.649620761942617975 17.495423412648484884 11.618392382403593288
nan nan nan nan nan nan nan nan nan nan nan nan nan nan nan nan nan nan nan nan nan nan nan nan nan nan nan nan nan nan nan nan nan nan nan 0.050084242589045313565 0.10221259720036765528 0.20973814487542399854 0.52956917486315679966 0.97706272165613350378 1.5102127584867031107 3.3463312351966214564 6.4256084946716391926 10.481619767765712581 16.779634593627339001 25.306224084611720571 26.460944451559612389 23.69767425227594515 19.521661524726980019 14.317777490292151299
nan nan nan nan nan nan nan nan nan nan nan nan nan nan nan nan nan nan nan nan nan nan nan nan nan nan nan nan nan nan nan nan nan nan 0.031101013995374418575 0.072322003158774544884 0.16293641721576324066 0.31997643688807486662 0.6445708151065767666 1.329725486371875931 1.7261810994086037585 3.5819719242778229606 6.416430582395762805 9.5107394874404320717 14.159018816155759524 17.960588116676401427 19.236108396737513715 21.26400475379827526 17.709455145878969518 14.594472643764829556
nan nan nan nan nan nan nan nan nan nan nan nan nan nan nan nan nan nan nan nan nan nan nan nan nan nan nan nan nan nan nan nan nan nan 0.046668455019401255957 0.10497779006779522915 0.17224433160215607552 0.42122742764240428404 0.89345395802660032558 1.5135518213746705918 2.3713852306786478152 3.5413895124298870876 5.6627103685949817802 8.1363317372726715604 10.585026071010798177 13.121237789603027224 16.056769974467826501 15.608127907238605658 14.443406180651420456 13.929963333758108135
nan nan nan nan nan nan nan nan nan nan nan nan nan nan nan nan nan nan nan nan nan nan nan nan nan nan nan nan nan nan nan nan nan nan 0.075064105082737420105 0.14554658400224085302 0.31108378670175323988 0.54164109457667297676 1.1844816460932388047 1.6451472772018691515 2.4257528734908282431 3.2043923206986857366 5.1381966969589232264 6.7540419796292985311 8.8352072483427832594 9.6378568482931381567 10.006243758458232662 9.9501147469110193811 10.272424133364527421 14.32973506364610472
nan nan nan nan nan nan nan nan nan nan nan nan nan nan nan nan nan nan nan nan nan nan nan nan nan nan nan nan nan nan nan nan nan 0.047839111718219730351 0.10931951361624234198 0.22707583477810269756 0.42062710718377072094 0.75106317911727105141 1.4357575881776301063 1.6396982628504848112 1.9884218913876605672 3.1121443535938300151 5.0190145288267880019 7.0361116961364409406 7.9121426354237813783 8.0607611561636769437 7.7908340739514603257 8.3888622229629810079 8.642134869350385884 14.750813572454898548
nan nan nan nan nan nan nan nan nan nan nan nan nan nan nan nan nan nan nan nan nan nan nan nan nan nan nan nan nan nan nan nan nan 0.077559003425779454721 0.16678169596196248947 0.29622440755817802671 0.55194983037938649684 1.0796127918472233631 1.466821428488218837 2.1090611123061866472 2.2811111803299395362 3.7792424631556498227 5.9857897827978989724 8.1448728802390633064 8.221954326898202936 8.8187954882500765308 7.0809950471735270128 7.0465323672313537884 8.7925703115800519782 13.278703712908566104
nan nan nan nan nan nan nan nan nan nan nan nan nan nan nan nan nan nan nan nan nan nan nan nan nan nan nan nan nan nan nan nan nan 0.079477853051237820625 0.19012900786988790047 0.38783241842756904783 0.59475591541859884614 1.0931781394193569312 1.7123730262242440325 2.0263483904243377864 2.4889239432698033738 3.7395486782567459727 6.4310886306517147659 8.2195738691358481987 8.9192323002054685332 8.3555014830488136823 7.8198328953892302096 7.2790950518375021616 10.068007804645493053 14.583720978576248939
nan nan nan nan nan nan nan nan nan nan nan nan nan nan nan nan nan nan nan nan nan nan nan nan nan nan nan nan nan nan nan nan 0.021284680463374429371 0.076358937288227207718 0.15024658926761355615 0.34511573275749035661 0.48773799714250226645 nan 1.4294450688134774374 2.0599031002075012253 2.5207157587302533308 4.5162457228500896278 6.4501302301894893887 8.3966057934778763894 8.7840290414303527911 8.7528053980126632183 8.2350539855922342269 9.1986332721198884599 10.085372643049453245 13.470804143238463979
nan nan nan nan nan nan nan nan nan nan nan nan nan nan nan nan nan nan nan nan nan nan nan nan nan nan nan nan nan nan nan nan nan nan 0.089695901329247942901 nan 0.32123764590983600042 nan 1.1250692446833807647 1.9473294514968551017 2.612863105206898684 3.5131387374342590846 5.9757899142912656032 7.8755148075851471035 8.4638875509333431069 8.4684860347023054317 7.9358593377999246954 8.8514332676347908802 8.3299099530662310542 10.453235362703001243
nan nan nan nan nan nan nan nan nan nan nan nan nan nan nan nan nan nan nan nan nan nan nan nan nan nan nan nan nan nan nan nan nan nan nan nan 0.27619649464605872113 0.64891232924449304686 0.91108761251770720158 1.4047130646363366058 1.9906118807617714239 3.0878807366664133838 5.3928844951010601605 6.6679254126760350019 6.7828236555392722451 6.6940840403077404019 6.9346351196587425747 7.2338419483457538917 8.0191683243882927457 9.7077914681182218004
nan nan nan nan nan nan nan nan nan nan nan nan nan nan nan nan nan nan nan nan nan nan nan nan nan nan nan nan nan nan nan nan nan nan nan nan 0.28304363994901254875 0.51964728052138398073 0.83633330172651321188 0.946646428562964104 nan 2.2972600619384180298 3.7132319785571459292 4.7837854206832810533 4.6104035557937717016 4.9348401932548249249 5.5571462429128404281 7.7436152478882327443 9.2650110569203789623 10.529253152147671102
nan nan nan nan nan nan nan nan nan nan nan nan nan nan nan nan nan nan nan nan nan nan nan nan nan nan nan nan nan nan nan nan nan nan nan nan 0.16443036054507276233 0.28401826551802156207 nan 0.49119490980341123931 0.95229742805654127302 1.5303633114895434097 2.5823877334633795755 2.5698854269707420706 3.0171780325592028049 3.2229368255233548091 4.0990495203781236455 6.8207926113595549467 8.790630828209772929 9.5942273879770976208
nan nan nan nan nan nan nan nan nan nan nan nan nan nan nan nan nan nan nan nan nan nan nan nan nan nan nan nan nan nan nan nan nan nan nan nan nan nan nan nan 0.66887360729595835007 1.2349050775429770699 1.4362888807737679286 1.7078653224033377711 1.7932476547955353841 2.1691168324977541104 3.0931579562540467698 5.5795250800235383082 8.1439468594254424971 9.2251292266196927017
nan nan nan nan nan nan nan nan nan nan nan nan nan nan nan nan nan nan nan nan nan nan nan nan nan nan nan nan nan nan nan nan nan nan nan nan nan nan nan nan 0.31925744186310933692 0.61037119653166338473 0.73438834039514211405 0.88899691070602293586 1.1929314365804541964 1.7441708932301991375 2.7745492444161410361 4.2203144196797532928 7.3737169116787919521 9.4977617229470716609
nan nan nan nan nan nan nan nan nan nan nan nan nan nan nan nan nan nan nan nan nan nan nan nan nan nan nan nan nan nan nan nan nan nan nan nan nan nan nan nan 0.14878599308623041697 0.31507879703155827755 0.40276305275416507401 0.571024872708357778 0.89659207859371159444 1.5767601391316270476 2.846631867119806536 4.8833594384745131478 9.0702208677693683114 11.853827215310509757
nan nan nan nan nan nan nan nan nan nan nan nan nan nan nan nan nan nan nan nan nan nan nan nan nan nan nan nan nan nan nan nan nan nan nan nan nan nan nan nan 0.088857943353250826157 0.20218448228904198349 0.39037756141866614135 0.59563538867147980405 1.1707685247358790015 2.1967911898337604271 3.6629245699174219908 6.8831074304759756188 12.160822344377427484 17.078521932340819944
nan nan nan nan nan nan nan nan nan nan nan nan nan nan nan nan nan nan nan nan nan nan nan nan nan nan nan nan nan nan nan nan nan nan nan nan nan nan nan nan 0.10582708222096230688 0.25083239376092397732 0.50485838667625226872 0.92500276055204544434 1.7077651919417402571 3.1993866198565612535 5.8654876892170904057 9.6846719461627763792 17.493894640728733236 23.389488856891038182
nan nan nan nan nan nan nan nan nan nan nan nan nan nan nan nan nan nan nan nan nan nan nan nan nan nan nan nan nan nan nan nan nan nan nan nan nan nan nan 0.064783402876297455086 0.18014500320251344845 0.41315767797326768962 0.86086823762369779622 1.6909856549485626775 2.9300532854199081711 4.9058435936172148928 8.6685061246261181367 14.756082446553605791 22.393843345354270014 26.63635523888022405
nan nan nan nan nan nan nan nan nan nan nan nan nan nan nan nan nan nan nan nan nan nan nan nan nan nan nan nan nan nan nan nan nan nan nan nan nan nan nan nan 0.28949916276804404935 0.71022215213494266361 1.4930011257969333371 2.682797801657572645 5.0034979245210378096 8.011640628451008439 11.44689310617231115 19.093734379658563682 24.211782295616330885 29.922672369340897802
