src/SDSim/tmp/apis20
ncols        196
nrows        122
xllcorner    -12.166618000000
yllcorner    34.999860000000
cellsize     0.083333000000
[rows 88 to 109 of 122, columns 50 to 99 of 196]
28.732170210328121129 24.386833962868777803 17.55305664980988567 11.375398280397206463 7.6846885804602953485 4.7346185433070271387 5.2396105121244191949 8.3201056451975006212 14.558202988299346003 23.688137349142589727 35.844326774201924479 44.728736068413617488 50.175989912647679603 51.966325790434453324 49.935829136601732614 44.64704751030552643 31.707061780641062398 22.175935848334397349 18.451390193096028014 17.834943050665593489 14.658223971122062324 10.533283740841504539 8.6494387059609838531 7.4982042827121917483 6.9481358946367901552 6.2733095895108297313 4.747525712865856562 4.1047326685013167946 2.9986349747515657072 2.6443775418923332055 2.8302013983378206952 3.3245638478369352597 3.8165596939725734416 4.0658259604756104011 4.1982251815656113081 4.3094540836860986133 4.3207171865074718298 4.4385754507757999576 4.5543813778499764311 5.4302188627455940662 6.5959622062258729258 7.4637047792261661527 7.8785254425888187058 7.7077552581340524895 7.5833374106965587558 8.265569881115029105 9.3579824217258540386 10.910123469235502469 11.209446207966106357 11.532271131458127655
23.070929805572372828 19.362852784813654239 15.355275872722328856 9.9636258428198125614 6.9069365130587714319 5.6944015982567108836 5.9083950744098121532 9.3847013791546682882 16.535317445653802793 25.818161866305064933 38.19242030790275777 48.094995662111010404 52.80299903808595019 56.970771368947005442 47.474250119006818238 36.07247428683086099 29.292949353041024096 19.768445237011704307 21.002450016165980173 17.046698083104971033 14.555136065235339871 11.965483036141190354 9.4169252351774233034 7.4421508078369935646 5.2407777742526633347 4.6682698035580605378 5.1083154976274096626 4.206081830321867443 3.0819396440659154734 3.217219083935167756 2.6474970740530023861 2.9375897324524968823 3.5143470689815305974 3.8551873514503363083 5.080932549599129544 5.3154837483432402223 5.2732734705992898583 5.0601060908579853503 5.3360166171842635663 5.5051848465916508601 6.4544138173699829863 7.1912701783915844445 7.7408936255652722735 7.7431297857641068205 8.3146331705152256575 8.7958225621324910293 9.5229834044043819574 9.4480213698280799406 6.8392729120583632962 6.6887134223552182632
18.59816861263741572 15.57524098718802108 11.120452463622802597 7.6897668882231435816 5.6222701272214949952 5.3238293978669570805 7.4244026817036186117 11.830733068212124337 18.808119610037454805 27.440784649509176063 42.375450796784342344 46.510828442736510624 49.983312351395952078 52.21211650715375896 41.943484696500334508 32.651523473903310446 24.180119385558750622 21.868283261877049739 20.960379113470235524 18.63807737482770932 15.790304054296555591 11.165704505972728455 8.7445154824708080099 5.76428805711917569 4.8519673837131316319 4.3224216108448487716 3.386000555153614755 3.2652026961498732405 3.0102179782162696853 2.80873428904759459 3.0636036678193976357 3.5122223699365315852 4.1485310992051891432 4.9744357424645508914 5.1556607649023877826 5.7970399837963491052 5.7050315700769074212 5.605892461563812823 5.1922678580859003006 6.4158046281848060133 5.9458730198382863108 7.3400474545400200554 7.0880006775245121275 8.0116006359231803913 7.4758062234856899053 8.4001186499642575001 8.5384460470584020442 8.0904379042650980125 6.7254679906987711036 3.1021981077033236041
13.895880423443571772 11.384011277324697531 8.2124451048829971711 5.9859909456731115185 4.8391865974623620161 5.59229729594308278 7.6155067159920140085 12.402923448257952899 18.787686868475873325 26.768686707140652459 33.786438284398769838 42.244904704246422966 44.30730167477591408 38.740168743420511532 32.972938778592364883 27.853966654454112017 20.964129819964181678 20.780225424483376173 21.7383978803142206 18.118404244561720162 13.01728639035971824 9.768691803728936307 6.1950836494711678526 4.2016142093613062514 3.081577659966531435 2.8288257162652135079 2.7128340828239889682 2.7536531162156121511 3.0459729760045455293 3.1480663655528648981 3.5082988333891069743 4.3026796195110854626 5.0967907272428165655 5.7400939249453974966 6.0129530416283820671 5.5557981351063538966 5.5008137494035489468 6.0412717109629801016 5.5833119252881200367 5.7617414196811482796 5.6538321745676771712 5.4151357399669368675 7.0929423819936294748 6.3271105881542535343 6.7761050797703115123 8.0989774598998600652 8.8925161237216627796 7.6466320549378883342 4.9979920323706190644 2.0632596187731575554
10.000321050324215477 7.5557263242863994535 6.1318960759544518524 4.5356086271836151269 3.8272376406174015706 4.6682891967836983582 7.7558521231671537777 11.988375901093059284 16.430469075083433239 21.909662320430328464 26.885392616427967738 28.067643720124319628 34.325375293124388065 31.560572641438188413 26.430648764757695091 26.211019713212881044 25.45327718630174374 22.394819155505231834 22.669962507193307744 17.599030009420246756 11.739293540989365283 8.1399156917295094615 4.9329707701371487971 2.9921305830876252507 2.2344210439038838523 2.0234762383689193221 2.3680061103592660032 2.70921845774369352 3.1567159726990277058 3.2533459313263990431 3.8510975813110519539 4.7837172571528832066 6.1914845120185582061 6.5254637843167362377 6.7691617962375847384 6.5383740052870820136 6.0851746417035839087 5.5136259225163328779 5.1459289786302964131 4.8867631588635234152 5.6263011448666020442 6.6916248320209286149 7.6543761099789158209 3.8842464358017871895 5.559358695219452251 8.2774139321171595896 8.4927343105907588949 6.9922224255471085996 3.2104897322758887412 1.9607705311898488976
6.330267561096676765 5.6902792862780664507 4.5390201509487537734 3.5422628123175572412 3.0609381410057152628 4.1666590082055874333 6.0076843528258887517 10.232688971307524639 13.854152710127694448 15.090618419461183208 20.260073805932417912 23.354252661993758267 20.928050828466808753 23.329045843668467342 23.490674354492007581 21.537785727432662952 22.602749128751895569 21.14234455370320731 23.505019007456692037 16.927000461912477647 12.745288281476694792 8.3341616779387486247 5.3867765653958681327 3.0018871443754453487 1.9936100661645255183 1.9436553017221500639 2.2454603943310096348 2.5217625784507640141 2.7822387206954015682 3.4046960587425680878 4.5518432031147995076 5.6137001204769916285 6.3491315275946584862 6.7347192727373910159 6.4645961990383833395 6.2647755388311807678 6.5512899077691244543 5.585048315165502153 4.8214158055029763261 4.9691162858523307833 5.9729984885009299589 7.1889462557501504492 7.2476645798163792378 8.7694267688262002025 7.5527938707740229773 8.786694661666688333 7.4044756868536163452 5.5635513828492761945 3.4032529800388617858 1.9894139884366341953
5.0502306521427895447 4.5191693337812859355 3.5936514330899340663 2.9983678704581007146 2.4824332699988795881 3.0965127143790995845 4.3993682376307408077 6.7529923574991403967 10.317711606010849579 10.599348053880557785 12.654327288919555272 14.134886716924492944 14.719636360063777403 16.155221668033100002 18.164758562876681225 22.076691421500285628 22.281154031193217691 23.73831921514640797 19.80859579509242252 17.334707350085153621 11.624960718172879126 9.4312254365233094688 5.4269923738603278451 3.3519756414770220943 2.4566564438692446437 2.2229858431369802219 2.2646568244590472574 2.4748045072330731031 2.8745923197704335017 3.8771064680879194775 4.9734240830476883488 5.5975348928615957789 6.5157264419958194068 6.927987654064895473 6.3913912201903899657 6.5176573760659426426 5.4857582599394580924 4.5062109606110576365 4.0428072088276065799 4.3451468545881173355 5.4750831046391885693 7.2079789195798458223 9.8913597342730525952 12.031817757906257071 14.744397638893364189 16.49238056254653273 8.5174087154478961281 8.7354876954949425283 5.1562091047447626835 2.6440261087436205401
4.3507092528201276593 4.2034299717771457239 3.0287923824358853331 2.6598626610581455054 2.4542488537864519671 2.2858463708958276506 2.4829917270852450706 3.3679936841132978032 4.3922592855661992672 5.3177917128112239809 6.1716695724076950924 7.0362292039012288569 9.7208206797099272478 12.11231473506478018 16.141202674400719985 20.891892966539625576 22.465864599261674783 21.853946278588722407 21.272352942449614943 16.371987317151504016 13.959394266508944327 9.035111520288563014 5.8996221479766717266 4.3451493878353089073 3.8497483777606409383 3.4418285183881511813 3.1481115499421230552 2.958269450014699764 3.1631983182554721523 3.7081348024400120345 4.4669745337379378469 6.4961994426024336491 7.2563804529751010364 7.629247818685077398 7.3675367939174254417 5.6645988933753201877 4.9809358574552993204 3.2622176965547944327 3.3200147573751732644 3.983273357617917565 5.6164384446920658789 7.8800881122976349502 8.8859682682721814473 12.582937436294727718 17.638201173504693742 16.654574292397786195 12.919219282817293148 12.038196043029911309 9.1320136701249179367 5.8110801648385521645
4.1266841748899301123 4.1941477823045572038 3.4892193222409333409 2.705754256749428599 1.7025334194617245398 1.1079493295344102766 nan nan nan nan nan nan nan 6.7873991194658040982 11.194650952156781187 14.226645212971126497 16.78343146051132706 16.508576124920612216 18.366612140934083897 17.663612696200150509 14.119125204024138398 12.113236613917964135 8.8221425324892237541 7.3923460040889068523 6.4141690839305223193 5.3817755381933016778 4.4171048473067981988 3.2881947436523244477 3.0705768623193638867 3.3342527283120677595 5.071592424002295374 5.6715646455429942208 6.5880141036197192861 8.1033842848640080803 7.5980211990449042503 5.4049548030500718099 4.1287841066261563583 3.096329775458949829 2.6275029668474703115 3.3513407350031618748 5.1528593380419138725 7.2317900178488718765 6.337352882489257766 7.0047735633349059725 11.921557590388289327 13.668960810540601969 13.960673665926066178 10.216371299829720698 8.4138621655848648828 5.9712621000699046547
2.5076629935185019704 2.2312236413278259128 2.1898056665716563174 1.4726299131168993917 nan nan nan nan nan nan nan nan nan nan nan 7.4793460278118040208 9.4511738020783084835 11.393532825683163168 12.294740659033962515 13.678615927058388024 13.988815115691089375 11.710559436723821491 11.568062970517541288 12.501863436868458024 11.730242255147372177 9.3561066465570750239 6.4470088309371673674 5.0212205811353740614 4.500609582326584146 5.0900985836801204698 5.5301497688959058152 5.7684948562631470637 6.2878681269602632042 7.4753652560233838642 5.870933803801669626 4.2939685800448170738 3.1722540666330725223 2.4768511653040197196 2.1487604330711098655 2.5874143117188497243 4.0682042612189182051 5.6835465344150426503 6.7860142347347602865 6.1970669278015222403 6.311962140246930808 4.7733110153725952784 4.242508645304557291 5.7140951876476826499 4.0161999884605066313 3.3653851526074451961
nan nan nan nan nan nan nan nan nan nan nan nan nan nan nan nan nan nan 8.3529840399086694447 12.157198089205444091 12.173504197631041635 nan 13.388816254891393598 18.231872097778001773 16.773652284093259368 13.649025349847287103 10.866337020218434617 8.4050463725256818748 7.2534366558376106582 6.5281453288182467176 6.3453940511388520207 5.2276517454529169981 4.8506391974512883536 4.7566478916302470381 3.1498394331777688215 2.733435729394091851 2.0749207073276849655 1.5301093301657262558 1.2334064841387137879 1.7077389444318891165 2.5077036713520515221 3.8740938160744153862 4.2781882713952343877 4.8154961176283377355 5.3914816206308531221 5.0313869283901695439 4.6904974032480479806 1.7024008189114585576 1.9505563331365962654 2.5808404310137107451
nan nan nan nan nan nan nan nan nan nan nan nan nan nan nan nan nan nan nan 9.2407870378178440518 10.800781970186456249 11.245571076707820524 12.505320144446880448 15.174192238759527385 17.347406975309592525 14.856866893502582272 11.691939426699972771 9.591460192426946918 8.367405500617572045 7.4583069502618739577 6.1664105248875635823 4.2630614889860138916 3.1752524038116654026 1.9314499699601272997 1.6919025500758020364 1.1226118813421368525 1.0532799083539170493 0.78960660498035672994 0.75309072809399335569 0.86341587630072935688 1.4423317545718623567 1.8692365285829029009 2.3913854143401884755 2.2649241185505259999 3.7794979055156758818 3.482671448277761872 2.9324957829302538137 2.9851301334373063767 1.8594359399249578146 2.6906147722363855657
nan nan nan nan nan nan nan nan nan nan nan nan nan nan nan nan nan nan nan 6.6607307544737937022 10.830833070528667506 11.556138763267824743 11.445007237920298948 11.000468939236117905 12.976937112369000715 10.013146890024664515 8.2481674213231439552 8.1050587265195037645 7.3304956136187504612 6.4570232356416976671 4.6492877122322848749 1.1505686647711745874 1.2378597176938919144 1.0572898060599429382 0.83636081782870186352 0.3787726558885212147 0.383688485110113775 0.40803964898874645062 0.2893159424961281867 0.39726691359659577207 0.49032683893805217856 0.654668485977950243 0.84292617911642830908 1.3385506740847352702 1.6007353268209612018 1.5430423391179213244 1.2545397370146367244 1.3520066789950846431 1.9821783012433082938 3.116904330372034071
nan nan nan nan nan nan nan nan nan nan nan nan nan nan nan nan nan nan nan 3.7794102632186414858 6.8673909372515833383 7.3343051175101754424 7.8928378132681427104 7.4182040147514296535 7.0481742871137580408 6.972677904186496356 5.9500129971755324476 5.7783833666368158433 6.9073423426972500039 6.1324277595050977752 3.6900542396626119235 1.0093245734051066176 0.60348154323733849136 0.47543740626777020175 0.17558298370113123443 0.11202719105850533765 0.17488041867108394811 0.13340613361490652466 0.11886022586312579297 0.12989861664792584639 0.17923882654293132877 0.1890959311095184725 nan nan nan nan nan nan nan nan
nan nan nan nan nan nan nan nan nan nan nan nan nan nan nan nan nan nan nan nan nan 3.8771720961904230229 5.0373581504040192414 4.8680310347504338608 4.4493417801580559257 4.1116389669755566416 4.7695417537497020177 4.3528129311580814331 4.6914819687296178685 4.7370731880365157807 2.9606319998498609181 1.6550280764624814012 0.74381872163284235011 0.3792637071194574494 0.16045879720059916251 0.081008484756787652037 0.072798433481523358579 0.060349655075683100725 0.052517714327056021217 0.050942004710998550765 0.067555193300887786401 0.034731970587030577824 nan nan nan nan nan nan nan nan
nan nan nan nan nan nan nan nan nan nan nan nan nan nan nan nan nan nan nan nan 0.87881381085247500806 1.8249644905604869294 2.4910845527213227868 2.878783318577565975 2.7039407660813616907 2.6702441651275727885 2.7499856614241910968 3.0546851256895291016 3.0131070927397671788 2.6886034861928349571 1.9247052584504695805 1.2343561036691954591 0.68348106496865335124 0.31131261224296274959 0.14263597158607119186 0.05569306914880065712 0.024565197191892026995 0.017871219220363020186 0.015639427907819407337 0.013652226014224940615 nan nan nan nan nan nan nan nan nan nan
nan nan nan nan nan nan nan nan nan nan nan nan nan nan nan nan nan nan nan nan nan 1.0017410014078340641 1.1518633733067278335 1.2383119834214162402 1.4674435504019465171 1.5250721848545134574 1.8151696860943813405 1.859929767185702465 1.714851514605456595 1.7581895198281902726 1.2083653012945894112 0.63176824973180123468 0.40002218572130460172 0.19760658107659304084 0.074370139200412396785 nan nan nan nan nan nan nan nan nan nan nan nan nan nan nan
nan nan nan nan nan nan nan nan nan nan nan nan nan nan nan nan nan nan nan nan nan nan 0.52039104671809222058 0.76083491926997126598 0.885252835078900846 0.9876198374403508673 0.93940658043416958023 1.1718013079529683296 1.1916365435851712373 1.2860394631535230214 0.98625491248774765918 0.54687921386917281996 0.23973648901560923319 0.10662578954855762847 nan nan nan nan nan nan nan nan nan nan nan nan nan nan nan nan
nan nan nan nan nan nan nan nan nan nan nan nan nan nan nan nan nan nan nan nan nan nan nan 0.34990018221105351204 0.48424073328668315597 0.5795189411352732467 0.81071488501957122974 0.96812803083601628451 0.99819976016045142142 0.9699700342560679811 0.76476661512707955204 0.42827379121289249619 0.17076954085334483668 nan nan nan nan nan nan nan nan nan nan nan nan nan nan nan nan nan
nan nan nan nan nan nan nan nan nan nan nan nan nan nan nan nan nan nan nan nan nan nan nan nan 0.26145361439877634613 0.37314850410937899783 0.49615300996151906476 0.73716293031701163319 0.88697145303175917164 0.58139582858172111912 0.44777320572863849035 0.23512726024917360301 nan nan nan nan nan nan nan nan nan nan nan nan nan nan nan nan nan nan
nan nan nan nan nan nan nan nan nan nan nan nan nan nan nan nan nan nan nan nan nan nan nan nan nan nan 0.25632949659208370541 0.39416036624490141671 0.41201643175636371019 0.45439616217107958729 0.22982409221184266213 nan nan nan nan nan nan nan nan nan nan nan nan nan nan nan nan nan nan nan
nan nan nan nan nan nan nan nan nan nan nan nan nan nan nan nan nan nan nan nan nan nan nan nan nan nan nan nan nan 0.15572654645187067324 nan nan nan nan nan nan nan nan nan nan nan nan nan nan nan nan nan nan nan nan
