src/SDSim/tmp/apis6
ncols        196
nrows        122
xllcorner    -12.166618000000
yllcorner    34.999860000000
cellsize     0.083333000000
[rows 66 to 87 of 122, columns 0 to 49 of 196]
nan nan nan nan nan nan nan nan nan nan nan nan nan nan nan nan nan nan nan nan nan nan nan nan nan nan nan nan nan nan nan nan nan nan nan nan nan nan 2.0563968880615548507 2.4380073038212093373 1.6118824454756845999 0.55005785712250809816 0.18297509465777447857 0.18093279349362212383 0.46597579039678932444 1.4713252486226204852 4.0608565906286786529 11.279377921570961973 13.237825991306937823 11.454208472171643507
nan nan nan nan nan nan nan nan nan nan nan nan nan nan nan nan nan nan nan nan nan nan nan nan nan nan nan nan nan nan nan nan nan nan nan nan nan 1.6080126511212977647 2.8855064428986185732 2.9125981427715759153 1.6900128228127306862 0.58270884148051105278 0.1345295308975464621 0.058108109458505578793 0.14817294238831615893 0.61666833410273558247 2.3746113762159275495 3.9208071376086617299 5.2801822452541147257 5.9074676266248031808
nan nan nan nan nan nan nan nan nan nan nan nan nan nan nan nan nan nan nan nan nan nan nan nan nan nan nan nan nan nan nan nan nan nan nan nan 0.73227741096725662562 1.3861217789467690231 2.4698900167649400217 2.4811577119566750049 1.6199806589463552342 0.50987566606533074598 0.11902974841522863392 0.024238436342464728807 0.05340442637554346228 0.23979019740693557905 0.570911883031767875 1.0649815429296540792 1.9415504989149825477 3.7166882174481274959
nan nan nan nan nan nan nan nan nan nan nan nan nan nan nan nan nan nan nan nan nan nan nan nan nan nan nan nan nan nan nan nan nan nan nan 0.50505337402394634427 0.83751809026993850882 1.1476813114603010568 1.6119953562354616405 1.4556238613294805173 0.79385516291981361725 0.35044782278612068849 0.083717622016577855626 0.0133209300266909237 0.015166378838565218456 0.049770887175511105416 0.11852064118071674315 0.30567962242862534161 1.1143529350005447753 4.1321218940617558957
nan nan nan nan nan nan nan nan nan nan nan nan nan nan nan nan nan nan nan nan nan nan nan nan nan nan nan nan nan nan nan nan nan nan 0.33014971785551960881 0.73337800827552757088 1.2141115499781154341 1.2770561856625899377 1.0493530339337140411 0.80337123416806843768 0.32848242471135824516 0.14368898053015399796 0.041076831725982879129 0.0067059806678770178534 0.0028545213581909222901 0.0066564266014061436449 0.022435038940297528237 0.14209397319526692605 0.81663478607456096992 3.1458346238965262387
nan nan nan nan nan nan nan nan nan nan nan nan nan nan nan nan nan nan nan nan nan nan nan nan nan nan nan nan nan nan nan nan nan nan 0.3987421374579826483 0.8515177540669769396 1.0593016897878815286 1.2939850275658815182 1.028782916065669184 0.49705177659966487402 0.17495450871937917592 0.04663084219972119665 0.014381672132298337075 0.0045458231737640587486 0.0036716865971037904171 0.0068716826062667595021 0.019926711767055335645 0.096518229845559883051 0.48126994952628943114 1.7299524357865965207
nan nan nan nan nan nan nan nan nan nan nan nan nan nan nan nan nan nan nan nan nan nan nan nan nan nan nan nan nan nan nan nan nan nan 0.3451390380807565772 0.70169025230309001184 1.1340032618729440905 1.0370104987377501971 0.89881007156099346211 0.37457524965326183253 0.10309997061615332192 0.021897811358801751863 0.011829396188065612397 0.012685268532754052223 0.021442385799506434585 0.044487319664250839224 0.098318752725908509227 0.17748196513399847052 0.34583092296251677356 0.71895844379662543489
nan nan nan nan nan nan nan nan nan nan nan nan nan nan nan nan nan nan nan nan nan nan nan nan nan nan nan nan nan nan nan nan nan 0.075555474912729861381 0.21142468302516564949 0.46368334835495911284 0.63509212315226615253 0.64604784226629730082 0.54312532329689944266 0.21684465599646443601 0.056266279980935834937 0.023530334174759887089 0.032924158358651534062 0.048428545689053796586 0.07388530849254999755 0.20178971425006780871 0.49295746960546671378 0.95623787393462833517 1.0653248909989174731 1.2466691913728007446
nan nan nan nan nan nan nan nan nan nan nan nan nan nan nan nan nan nan nan nan nan nan nan nan nan nan nan nan nan nan nan nan nan 0.047212511930193191978 0.10705825614594122186 0.17735662603097196444 0.23810231094850456413 0.27378570215671838017 0.18941050823508179257 0.11071659639256685448 0.034444468830669747184 0.035275838234922245185 0.082505049423668999631 0.11649322827520282309 0.1662328174334315456 0.53653791509858050901 1.6378662593227899524 3.3314973051969500872 4.4769177355412654862 3.8190655588727309144
nan nan nan nan nan nan nan nan nan nan nan nan nan nan nan nan nan nan nan nan nan nan nan nan nan nan nan nan nan nan nan nan nan 0.01237035155091380581 0.030099376630486226331 0.050072542786301882378 0.065425550635165974356 0.071962283191039103092 0.064376054771891552675 0.04055790287924955495 0.028049013668080928496 0.042675369632269581632 0.099319952854288906519 0.16887695730409760242 0.23025418505839087557 0.84534734107406594994 3.265102696142304417 8.3742094968342151162 12.398565648314981757 10.598749771663845465
nan nan nan nan nan nan nan nan nan nan nan nan nan nan nan nan nan nan nan nan nan nan nan nan nan nan nan nan nan nan nan nan 0.00078307973263051062172 0.0022978029172969582743 0.0056381870578179815387 0.028418623097597368182 0.036358911645384524303 nan 0.071329279399400341566 0.089185842577235621698 0.067154117795592452311 0.07266468109194332281 0.099777517275484992054 0.12530610694385063697 0.24038912997067016231 1.0242823487077057365 4.3156208620463498704 12.360291529412323897 20.753105321612490997 12.657829973204764329
nan nan nan nan nan nan nan nan nan nan nan nan nan nan nan nan nan nan nan nan nan nan nan nan nan nan nan nan nan nan nan nan nan nan 0.001578554596518032694 nan 0.17729417642376912867 nan 0.30422476950829224762 0.31421435204271502828 0.22552770392837925839 0.15414097892773714893 0.14510365663229979338 0.16520958734486548836 0.26837976051207257377 1.011737142995261296 3.7709194931605387602 10.777798016704487338 11.627246425907999949 10.227165346253663358
nan nan nan nan nan nan nan nan nan nan nan nan nan nan nan nan nan nan nan nan nan nan nan nan nan nan nan nan nan nan nan nan nan nan nan nan 0.52196023382410050573 0.84831812647185667053 0.76980672480559197979 0.63545499871991362184 0.47506218621301782301 0.37097553297645075032 0.57755964328796349783 0.62638044314368046539 0.6276871958997295442 1.0193545526919423061 2.9628440536145190798 6.1244638689207357984 8.7619852781467439939 9.0263305436999274889
nan nan nan nan nan nan nan nan nan nan nan nan nan nan nan nan nan nan nan nan nan nan nan nan nan nan nan nan nan nan nan nan nan nan nan nan 1.0595679929642041195 1.5168003618108829578 1.3239571911875449572 0.84154278651539304867 nan 1.0606063052839078686 1.7636332563786358829 2.3323052015480825183 1.7899647993948248903 1.6998629428349734116 3.1393123145412484831 8.1297204587334412906 15.396167501364566021 16.583454613549925227
nan nan nan nan nan nan nan nan nan nan nan nan nan nan nan nan nan nan nan nan nan nan nan nan nan nan nan nan nan nan nan nan nan nan nan nan 0.89030152581960830815 1.2280234967803638213 nan 0.57750742899362161875 0.89771739886180035306 1.8314259264960497386 4.6328914847687343581 4.7599288533990300465 4.5382258575650498145 2.6868190668689435618 4.0962189417970487071 12.742934038918662054 21.292525367256690316 26.494700952709660413
nan nan nan nan nan nan nan nan nan nan nan nan nan nan nan nan nan nan nan nan nan nan nan nan nan nan nan nan nan nan nan nan nan nan nan nan nan nan nan nan 0.94063384407925809683 2.7939314833013564332 5.5640540988784064069 9.2157811023880231716 6.1632248678037235834 4.0853759540931644523 5.1134417010595534236 12.710522601331504688 25.129175822175284338 20.449119314519904833
nan nan nan nan nan nan nan nan nan nan nan nan nan nan nan nan nan nan nan nan nan nan nan nan nan nan nan nan nan nan nan nan nan nan nan nan nan nan nan nan 1.2424697560888910974 2.9123931256272408419 5.2172636601140007784 6.8850927440919278411 7.7491300836002610097 6.6152775013316063024 6.6272832556022347461 8.8331543673055410437 12.135948700775774256 11.819699967333001212
nan nan nan nan nan nan nan nan nan nan nan nan nan nan nan nan nan nan nan nan nan nan nan nan nan nan nan nan nan nan nan nan nan nan nan nan nan nan nan nan 2.4863725108508356598 4.9664708973659976721 5.1533967866329044583 6.2167186440146409154 8.3525825497377219619 9.7675644383896909062 9.1817441828551693561 6.1693849547806367539 5.395066480925636121 4.0431167868800130805
nan nan nan nan nan nan nan nan nan nan nan nan nan nan nan nan nan nan nan nan nan nan nan nan nan nan nan nan nan nan nan nan nan nan nan nan nan nan nan nan 4.850801903370509649 8.0865922869031070519 9.0283748615892065459 6.5237129844894461428 9.3578002810508955633 13.701492311609182906 9.487121505870350191 5.3086669441547034154 2.6251137864371387742 1.4397527947544213056
nan nan nan nan nan nan nan nan nan nan nan nan nan nan nan nan nan nan nan nan nan nan nan nan nan nan nan nan nan nan nan nan nan nan nan nan nan nan nan nan 6.9305637096905829964 12.095196374677309237 9.0364820139013950495 6.2892664528034964988 7.1333625300164449357 8.5556989031233730003 7.9010236343188910979 4.0855408111023949758 1.9564150473437984523 0.96423290889063995035
nan nan nan nan nan nan nan nan nan nan nan nan nan nan nan nan nan nan nan nan nan nan nan nan nan nan nan nan nan nan nan nan nan nan nan nan nan nan nan 3.2811428544517760031 7.7424702207652194019 9.6382162192897116171 8.3446377782285345859 4.9820853038091863496 3.9121885161943441567 4.4660095389394385279 4.3877444874217559345 3.2867134580639976171 1.6130236057066680289 0.85852390429971858765
nan nan nan nan nan nan nan nan nan nan nan nan nan nan nan nan nan nan nan nan nan nan nan nan nan nan nan nan nan nan nan nan nan nan nan nan nan nan nan nan 5.4060554047426325752 7.3967421690806958168 5.4600371148541384514 3.2232554399556856417 2.4964694021220243947 2.9459753948655067468 3.3016518702157955367 2.7281282968167461789 1.4851430194900816506 0.86436840907976331128
