src/SDSim/tmp/apis13
ncols        196
nrows        122
xllcorner    -12.166618000000
yllcorner    34.999860000000
cellsize     0.083333000000
[rows 66 to 87 of 122, columns 100 to 149 of 196]
0.50958884681124305693 0.79510579551396454168 1.1582299354834790783 1.3895364712091615722 1.4179354579413270265 1.1044226961033398737 1.243132111265417894 1.0730780043575165461 0.88720811097550156266 0.65375309077178500594 0.61405274451332236829 0.50278236392379771491 0.36624256356063616957 0.27700559275568092943 0.16398485139594282112 0.14053352783281544691 0.13973657436296216261 0.18824362045065856641 0.20435464119378407566 0.23382572448421487521 0.18655348550447764522 0.13066971281816627815 0.087254594220837755625 0.059142522898631297301 0.038407768231363811906 0.038164451265050663986 0.02837216839802086249 0.033188411352011740196 0.017760577460790561571 0.012144939459931912429 0.0098132024171306963395 0.0098128349295983109679 0.010746188466914106605 0.014832996311283871277 0.051134066549209308827 0.12274953267232745213 0.36828085007901084635 0.77859845114969206126 1.1619746074422367954 1.4747756672398704136 1.5609696597186466516 1.4483884262103141616 1.0154199543155653096 nan nan nan nan nan nan nan
0.31371413921936164293 0.50110773943625674942 0.78953243760393565509 0.96128248658578041574 1.0600859812429110907 1.1592379716726730621 1.1719007231575062633 1.1988065006951535985 1.1200506259335780701 0.99604019852947711655 0.68928432865772615301 0.5356233009219718566 0.38886594154824144498 0.3079063099553342453 0.20281698447085075299 0.14212881837038457422 0.19567687704254821401 0.25044534241422261589 0.3005262442049119187 0.27731089622737509215 0.24552608951633461687 0.20101031081738815476 0.12372454680216696254 0.077611101396089149373 0.054020190685889528381 0.041383637556032387694 0.038195334226528043775 0.03496770783999342963 0.037998565478877595336 0.01871841962557288519 0.010057262833952154701 0.0095861449164357809966 0.0080210441204121765008 0.0069054000555040856088 0.018841797129955130397 0.14147549510890400359 0.57998916226569441346 1.5132409022145159039 2.5325016690169270817 3.983683824664698836 5.554974463215446967 4.5379592223161600018 2.3825335092976667184 nan nan nan nan nan nan nan
0.17628593323404023741 0.26089887355916940859 0.43909425962811032829 0.56975278495905956611 0.70623903481937544413 0.82463148551012332987 1.0131039699697019785 1.2299727606616168707 1.2848297432739173018 1.1752241820853654986 1.0283204542138013604 0.69290686036037074658 0.54450732160391424053 0.35204684739642660984 0.22314828472777228918 0.17694427487898792273 0.20701679894398919424 0.30178248545385388812 0.35869894256051992887 0.34046626667884216655 0.30715624921519291135 0.28052670953804037524 0.18994395344668907333 0.12463381129887854404 0.089212392238389559562 0.073202045739706400607 0.06498050709034207395 0.083652109546519942684 0.076019528792524423966 0.046360377278055024675 0.031574369816330397076 0.019746649274644388627 0.015111522948456425006 0.011946489071359219988 0.025191724520299857426 0.085477688223410952517 0.70613260274511768788 2.3018705084200679067 5.2176888384148778499 10.076205552802658616 15.447593664612616848 12.544414521859795997 nan nan nan nan nan nan nan nan
0.17191027820088866651 0.23568169570849711869 0.32722485616841595624 0.39139807975617924019 0.62197136519911067065 0.78932247672211430789 0.98676350239218701965 1.3389376874097711489 1.1939359587318589817 1.3720925189219335127 1.3139932961595688354 1.1385485299157775962 0.80278712002210783627 0.51113509889509556317 0.25026974696282738853 0.17450581919463031833 0.20172585356766753462 0.31288620685145512867 0.39115089495722932256 0.42704604258901290859 0.40177162992241938211 0.33441117633105665874 0.27185944016497365361 0.20448011184080866487 0.16376688495752017571 0.13717927222318462843 0.12922415413468721357 0.1480995980401900447 0.22542437820957503258 0.14037265024802858537 0.087852034570446102535 0.07912114155993194009 0.049455844758761371982 0.042805598089266080897 0.038911715430585559761 0.16252729003559013288 1.0536540629887429787 3.0926939795665888688 8.3506821542250495582 17.719657764902969177 34.900745021969228787 27.816948339055141304 nan nan nan nan nan nan nan nan
0.27628840300829859977 0.33870248671119895789 0.39348468853951995561 0.64848021516880771653 0.86704832849819413187 1.0089629204923196149 1.4065038347465659285 1.4551128001955431213 1.5128658083158965653 1.5914506880957888235 1.7489789360730281231 1.2720481071662408379 0.93932406504053511664 0.59012044525441853526 0.33681511869686220351 0.17892125802649819222 0.18508621734913752177 0.3029422059977486259 0.41311057383815685817 0.4641232164368085944 0.48985695346499724678 0.45555696492181529944 0.41139121146887547287 0.37736370455568563065 0.35727629676238342737 0.30815609138201655037 0.292086552698722135 0.3019779105958618759 0.20784545689826594561 0.21654040971852173136 0.19756985536452162378 0.20378409465417857138 0.18969557540901652026 0.074306623010353622938 0.083772965031347429443 0.36485053081549800869 0.78695280810541923255 3.9811705835296864464 11.416183043220385684 28.682150290080556942 56.563386068734544665 66.551406592719075661 nan nan nan nan nan nan nan nan
0.55304826407563012491 0.61287353188097093426 0.82179293603158742876 1.3714563638297085912 1.6364944536374954609 1.8270676771739984279 1.8560269776324596069 1.7350493394588728524 1.60178258487268943 1.5300867500179600178 1.6185716816992987699 1.2063383735287365184 0.90261880566499863576 0.55449422959441407865 0.27667426400323652524 0.16751300828570342416 0.19221799264339711755 0.23995765705847238447 0.38019355366890578152 0.5041441638092551969 0.5910311799618004347 0.80764140088191427314 0.70271310885869042728 0.77705788683985710374 0.80389989614737578094 0.86329776348471520819 0.59805781775520405752 0.67722880498194959475 0.4521426435263915522 0.3521660509889339985 0.19798350401156394884 0.15444818330941223472 0.17555007288209956151 0.35502958711329990482 0.16945302420337571281 0.29302025110272356123 1.866853041383097267 4.4907116485635389935 14.405644203930837222 35.412204104413348205 71.192704854542583348 97.306757652221321564 67.436910612820781807 nan nan nan nan nan nan nan
0.73479674799953553777 1.0363337249563004949 1.6106094197566493964 2.0699591892893227651 2.4476831240088277042 2.436202293819718534 2.3021486889567501777 2.0008113382086425425 1.6119388597663784068 1.1623248739798297535 1.0440504891878845672 1.0091790587763656006 0.78474415300531497053 0.4332492094262900828 0.24595518835164684179 0.14800443191160730927 0.15213824005062240308 0.21770076257852716273 0.35549887865604801185 0.63818653349026099875 0.93227420347314393645 1.1232211752533731719 1.2800600370525987426 1.5607598528002948335 1.5128055047417690027 1.4019380657350588582 1.2374518996187264808 1.1418904575593853412 0.7743310872373255771 0.3940584455263965169 0.20225255293079066887 0.17826797475450278929 0.28485401007755117853 0.49455783388469887196 0.25680666627375092759 0.86473806875115788451 2.6533094156804382102 8.0349886941032266918 18.668119158984783468 38.335750831836847397 71.026172213057037652 96.876668941862448037 76.333597092083692814 nan nan nan nan nan nan nan
1.0700360093642504733 1.3873074687057054266 1.7659939152312293942 2.4777985488766964828 2.8332002282660262438 2.8608869299580996781 2.5073684758898124869 2.0254353845152288649 1.5125454783642982015 1.1283081613064438464 0.81137162270933127495 0.67302964973140511074 0.57887471625383402074 0.37709161971162924454 0.22763687816307487388 0.15171150062974170236 0.13280037427838994879 0.18009843268196096266 0.33334022504809224241 0.67256404618273046836 1.0805818588064413088 1.7109584091917799942 2.0710798488307897713 1.9514362627846784104 1.7797186386363645916 1.6031069759443070666 1.5221545079109426446 1.0199471583496726446 0.60042544546089682278 0.34077764572522589726 0.22412136449392164317 0.19402026109196432446 0.47317681490935320499 0.63449218678491170476 0.69161387568079657484 1.5316221841100716716 4.2480781000086160759 10.914408018413308099 21.327796432272734251 40.513732284066414024 72.562253337420031585 85.760400091913169263 51.533742807390460428 nan nan nan nan nan nan nan
1.1289035646090841425 1.5109027228848228575 1.9121176443340002216 2.2155034751593811748 2.9332824213693093895 3.004517092079479923 2.5990844459009916356 1.7490858457731870423 1.1336570084893191623 0.82111798784631717663 0.61924021427021513908 0.53494453506414352262 0.44496580068639007832 0.37010213810206116225 0.23003738261883641125 0.14444497697391583957 0.11764068129998156431 0.17726322144116971047 0.30967572861398512396 0.56295149526413301722 1.06748984111405254 1.7669334396339875237 2.0002732711993003178 1.9273664217749615357 1.4153704325804323805 1.0692354000836787886 0.94675927053155506385 0.7764760175863458791 0.46791365896919528966 0.39702075486181293007 0.3701562712230646035 0.48804387578089791777 0.44579264976607019255 1.1475815741170956041 1.2669587359527112458 1.781844648946445675 6.0363007279900005031 14.109111165445732183 25.489545462074396198 42.584797798002284708 62.985652054374945408 64.372324483863707201 56.581480615438131565 31.363847323498671216 13.620146748286874328 nan nan nan nan nan
1.0229844694207990141 1.3864164501549851582 1.7288182815361876621 1.9858841045656780988 1.9052545496875048503 2.7118134086438501207 2.3989560139380929904 1.4550535730976044135 0.9250066594801953368 0.61326004211687090706 0.46316726558869153463 0.39677932903589341329 0.36130930432994645685 0.34950522575563774952 0.24201397776190458622 0.17429562097140990917 0.14253939985542421476 0.16441591062624211217 0.28081484031814002433 0.4757023476773929449 0.72298476049033144619 0.98145183292187543334 1.54186501005537413 1.083404593470757904 0.94103420187214192882 0.80477957350193052299 0.72675151178923769191 0.59832971093087750081 0.49442941014682134648 0.42293263329374292114 0.47115675425219954997 0.62086565846409069724 0.79808874435798182745 1.522601123093267006 2.8713925394071635466 5.4969961299619995998 5.1045507923405084583 6.4936789903027767323 22.005492694869463577 38.560126525108643136 36.555633731146457421 39.352193419926898343 35.827839635096381699 38.621952558606416517 24.792131617619340034 16.689027912147768262 6.3922718250270689211 2.4283656565863807053 nan nan
0.81504350142121395617 1.3427952022885327743 1.4415020257399562276 1.6667540709860948489 2.1980476782375708567 2.252020642096616676 1.6521314107306146468 1.1348680776934427783 0.68532946533933036815 0.4311343395511889609 0.31277645861098457569 0.2844963596262874983 0.30146980363271258518 0.32828790959139009242 0.26215391100793455914 0.21928252628266164947 0.17934455472749466498 0.1804820228755401601 0.22173188347621650141 0.34305529587024918836 0.46242455561475698245 0.608120746153354097 0.71740528661238289754 0.71226308224884815612 0.63453673956973644099 0.6357208636091166154 0.5754817718749940525 0.52088743124190550748 0.40264833599883020909 0.39696576159496355096 0.64861592929207823044 0.69199565912728344674 0.91823670722220862572 1.3762245017842751338 3.6474666856630064693 4.3539321417123035829 1.997619924233428268 3.293868809011561094 8.1861012993723392128 5.378533585711580578 35.187285268166732521 27.633023135257257508 17.77745461950835093 33.784478680862491728 34.380006799815845397 28.081700022847339682 13.241301645151855482 4.383364730518374941 1.1748718519217105083 nan
0.62242463876660847344 0.82280593757397602062 1.1013413063530588243 1.3924177264559283174 1.6556532545458695349 1.8800499992276311634 1.518913500258192828 0.8468402933344587602 0.48534335501440623029 0.28542203832905255201 0.20506803361508105232 0.21419670753411282349 0.29010449041687125238 0.3012326327824427219 0.30749670629193548432 0.27641401780122726306 0.2340619943529223812 0.18921261258092259006 0.23572172744744912531 0.28544866441154265191 0.37252006946272647747 0.54677416502626186023 0.72345691473217110801 0.73720790305012529053 0.74500936456722310908 0.65330191472645671169 0.80623690281164206439 0.65794158916435840911 0.52599400020455144844 0.36426619954900124609 0.51138918140734768158 0.94211125832800035607 1.4993024452474188468 2.4506768959623315141 6.1510679136992401084 5.5105922417664334745 4.9145673740271602625 2.719187222316954422 3.2514377811116119688 9.7760693670655047782 11.257080282736964705 22.422648735299837597 13.779148809459760727 68.395219384680615349 52.649727911774533595 24.122639666550263371 9.5575729250498060452 3.0399615178596377518 nan nan
0.42248996919025216812 0.65751793689560211753 0.79080223863937348927 1.0933019887650925472 1.5254846899576326447 1.5635411559673459969 1.1955559009088021494 0.65285928046790209223 0.34362545970951058338 0.18462993764499285865 0.13487594057690377447 0.17636685893144815607 0.30365141107426651956 0.3804678614699588679 0.34357443751715494029 0.29573360957255456771 0.2352662123211165246 0.27746251563714696697 0.39385272442279262162 0.62866324393791728209 0.71435879997807805175 1.012112260122082219 1.3007389443606847124 1.8696692788340456559 1.92943714376299158 1.7635446615344223531 1.498194135776192315 1.0978743408789546354 0.75775407350424117681 0.59339507546597447529 0.55984044701510338182 0.98393647418455021381 2.0669181630724424714 5.0376058452807068733 7.9418355367577344595 7.6998191913556759403 4.6067139908333194498 6.5459111490426247215 8.0542659883112968089 6.8031935911389060934 18.64399947792028911 29.621506798254895187 98.131342566629825797 14.736215774237326315 63.25579607081446909 nan nan nan nan nan
0.3679608541431707569 0.36712536625796970968 0.63021952118717172731 0.82128869769369305942 1.2034649615157659852 1.2348775766066344417 0.94183067188497393563 0.48942950498734694165 0.24362945701870272752 0.14226234202133364315 0.096160978088924639606 0.17341871923027230018 0.33140847848807408749 0.44270386000647499181 0.41981515354508625038 0.30763881226009326397 0.3419998796510498873 0.44542633823717320274 0.82608691716320226117 1.0544547063572122791 1.5107501610281179882 1.7922953098514147197 3.229165710305860415 4.7415684507126050207 4.1284276734269491627 5.3909697781205796474 4.7741211797571736497 3.3633760040656879298 1.6128846581963198759 1.4320427797171955131 1.4405497191401366308 0.95623325643335188584 3.4449073285501712327 4.6666776486445717964 8.9692688808660854249 13.058326145295646725 13.128184291799728456 8.5804497542998081627 23.230602077951651552 24.737560079894056031 42.597526352727385301 70.422774748010780854 74.801256502210719646 60.977881121085317773 nan nan nan nan nan nan
0.25811555568366673086 0.28645505898951212354 0.32641879678770652218 0.58447889402610286869 0.87393221343793547895 0.93554423006698339549 0.736702265559855074 0.39420331610344944151 0.19061079193164215395 0.096063548627894873588 0.10395718738460069108 0.18460928327086068013 0.34893712295203216378 0.32876026663357516 0.41916606406020867626 0.69589082459289164362 0.41916112190973470186 0.85214634968899705125 1.3263878287326507088 2.4154028884304299396 2.711094972439632933 3.3431699633782478998 4.6787459002964624233 7.9786256105022621554 10.954959058472274691 11.631876119264390468 10.872693049859547543 8.7838614764057556528 4.1128605511381604032 3.425438827363085359 2.3938438654436136055 2.5129666542133124452 1.2486470533406754946 4.5909366446237260817 12.97605226823694835 21.743719564691478041 26.90124886806603044 44.958740343278947194 50.824961944443501238 57.727721634404353779 49.405219247509542413 nan nan nan nan nan nan nan nan nan
0.53971051474272824233 0.48732548876380277214 0.38189689705625168292 0.46134516534665970244 0.78587374417067712429 0.83267596006090360827 0.76679261687262478819 0.43647943400486721721 0.21065904439723906472 0.1199137064385427387 0.13487675611317467839 0.23867584764045779444 0.42975104304530997723 0.58010644718716275481 0.38957406620441098477 0.49341894037464556488 0.88111324887497943781 1.1492537479271327516 2.0180079236767936024 2.511199867338657743 3.1769489424958301527 3.6906621263899466179 4.9174714543909425757 10.244339529040857428 15.994306625811882228 27.892539176692775271 29.21897944285771942 17.370456901654929283 14.896501222761671102 7.429592479996713017 3.9428246489590308421 2.938678911461868104 3.9397542989579141803 6.695923345612496469 11.419552823975871902 25.19778344344963017 46.088433704774388389 58.80291784410213296 69.188835813530388918 57.69581639376633575 29.233387324197416035 nan nan nan nan nan nan nan nan nan
1.4290277225428815733 1.2549549179823429323 0.96408193392595364912 0.87219520300791431033 0.81183676082584999012 0.77962888930459695036 0.62178667923583241794 0.32867379433406229694 0.22292989888392247821 0.15336827149709086893 0.13820729908336185088 0.1855059471253110992 0.26789417821501493311 0.46121849078804677546 0.35967009974320490739 0.49400220960710122808 1.190095252335248821 1.2112206080752623283 2.0409580522707893024 1.5091901325147714097 1.6643755880548487536 2.123705264888498867 3.7815092737942626044 7.5767790273169239867 22.730036134206365261 40.579120498768098457 44.450165849955538988 36.954951386575018546 26.008318451518199765 12.900281469547580926 7.1650285026759252816 2.753510022350129649 2.9045455674930233947 7.4963175598549991463 13.3165823251438038 17.881651904315809531 43.795946859807763474 57.265855095703166455 63.14481187910278237 45.248895693005849239 nan nan nan nan nan nan nan nan nan nan
3.551262328457933215 3.1725841461765238449 1.9904529539617881184 1.2522014586826426541 0.92891457442118463561 0.62400782862717008026 0.44436271320415698938 0.30408718663482925404 0.25373112273243741965 0.25951134307964002224 0.14948175162896354395 0.19334613413977114194 0.36746415142530269859 0.33530887672132453359 0.29988329499843102699 0.37629798311432027802 0.70499015399805464721 0.72793806865762911151 1.0354461599268729444 0.99848648911628123948 1.0558629464156141786 1.2401054387810077628 2.1939717405450722687 9.7788299780612994994 19.078514079280083138 40.241604239183196512 48.693990390721474171 39.282238670958271598 14.722484803418092625 17.240508252168684322 9.6497700308489182675 5.4840443546862216451 5.2655652493544309323 8.6682438870922151608 12.784945933863031797 18.930459612688817828 27.911440215836680778 35.799505820203627593 36.670745895788797952 21.339146915828766993 nan nan nan nan nan nan nan nan nan nan
7.2320762713902748686 6.0065606433783971241 3.6556591215829556951 2.4947118464954054495 1.4222840599614949841 0.83313223162874983085 0.48263944289195842563 0.48260424126631468189 0.59448027002040848554 0.36228021817559552531 0.22450477371591409659 0.19497294892040337166 0.58921628063123743235 0.24133339151170676851 0.19607562905765374417 0.3305964901943745371 0.38406556166984107126 0.40433286438306942356 0.48957547481507035503 0.46773467648500938187 0.52934926539087301389 0.9871911276212296249 1.2382144258583771546 4.9984677336612453047 14.879600183865784757 23.675231106994747421 30.714527447429208706 29.17753919973461052 15.156179769990890449 13.434315514967119398 12.941238780285704735 7.8283938425919759041 7.4096148137191333305 11.224879055123910376 15.449834124846189454 19.501142475670530274 23.355675592328481116 20.036308371909690607 nan nan nan nan nan nan nan nan nan nan nan nan
11.018202576779414059 8.905635245763285468 6.5290386860415106085 4.0205435261984092676 2.3512085348586673206 1.1428923382472868653 0.90676927987801425601 0.90398607303881450825 1.2411733632088626234 1.3467669641873194486 0.43924358640315203095 0.53442292637763677554 0.31608527901858951559 0.17392786452754896431 0.20067111071892540508 0.19868538222407686189 0.30109784774814229991 0.30996985734293214243 0.30688064630139805233 0.32098596780021826369 0.5147318428474800811 0.67147131340865251481 1.4237536826160688275 2.9337913448534855831 5.8687049898395260428 9.8998168140981146479 20.438081657980173844 23.503014387444142841 27.210286379469323492 22.36936589103098072 13.85302224562151352 8.3328010264657308426 9.7144504115470731165 16.165375737984071236 28.900813761324879891 32.719184762542568023 27.350024550825438041 12.699821346450134385 nan nan nan nan nan nan nan nan nan nan nan nan
12.504372756175813564 10.834987270731044617 8.1957476098052772784 5.7116951985022854643 4.0647940486163722795 2.7882338034450295794 2.2625798395137497465 2.2092917677000816212 2.475081287718537304 2.2233298906663372385 1.2015937469899626855 0.42309524608076726215 0.35510822566754829399 0.28324278600614954948 0.37206105694886915103 0.40188305282510877747 0.38965217465619450543 0.28722890594757954918 0.31676959444486202377 0.32200821396183054723 0.38985090289067586555 0.56533513383804878671 0.66263076474453452835 1.4261100487422744276 1.8953106794793828094 5.1551845789696075784 11.183731451705547499 21.879108538326455857 23.080121507247881141 17.93176803297441424 13.533646275273138571 9.0344781734041745835 12.818626158302642182 28.279878715577918769 46.781430725572860752 62.102043453291379649 36.40386653944224804 nan nan nan nan nan nan nan nan nan nan nan nan nan
13.233489405651782889 11.772637829082913896 9.0735547995799716858 6.9316018423399512471 4.3317337153182426945 3.1900243431123631588 3.6515003361033424589 4.5268041176797595426 4.8283138065882216239 3.5335114085881134116 1.2820553503058418343 0.83974676683690441248 1.1801220698357484107 1.1661308778083376847 0.99537376098109942024 0.79797495189010114736 0.64185435062789797378 0.42922387683851748186 0.28570682416769782597 0.23186689307825447681 0.22554819367742906522 0.30776936877661947856 0.4698392432467773383 0.69164290246771364945 1.1797886143645759383 1.7933167932376634646 6.0250713841465231013 3.1927907437130413904 8.737906423891072194 12.984130743120635643 10.248540814228414675 9.1114278100597374532 16.152346824646052426 34.909073597404372435 62.645653679585890927 62.463085426227088703 32.145732814566081004 nan nan nan nan nan nan nan nan nan nan nan nan nan
