src/SDSim/tmp/apis23
ncols        196
nrows        122
xllcorner    -12.166618000000
yllcorner    34.999860000000
cellsize     0.083333000000
[rows 92 to 114 of 122, columns 50 to 99 of 196]
12.782114540280177906 9.9765720372599417942 8.4092673402941500171 6.5319255825370534652 5.7317343020303725964 6.8776407783059809731 10.849437861400581085 16.045958055358020999 21.375451767222898525 28.066360375556484996 34.385398265484035107 36.461466140692863291 45.903555092859413378 43.98410978155875739 38.347934199783580311 38.740058431628867197 36.831913143716846548 30.581976335211852103 29.254381507374020543 21.749792052103490647 14.085331496782211858 9.6583800058434707836 5.88001402900756176 3.574508410584558149 2.5920446780903558803 2.2044594439113951445 2.439377658531251658 2.7153714039844647488 3.1632634494380686974 3.3104917536819766788 3.9722958743808476356 4.9447488205466472166 6.3660223094628340945 6.6787888552538134945 6.9506256490510338608 6.8229328762780605544 6.5430585158103200527 6.1861811694314443599 6.0645201850926122589 5.9781857562888571778 6.9329601796345947662 8.1207281065907874762 9.1119747026510982124 4.5343968600499522381 6.3857893561388801018 9.374894650894781023 9.4740257723457830252 7.7155951527186115158 3.5380273457862236874 2.1799013739112829136
7.8434513586543150865 7.3285394398038636865 6.1270461203958586083 5.0582387372051238472 4.5246095306913778344 6.0229757342115997076 8.2653627409685608285 13.590433300065999589 18.065234514580222225 19.526276043854110753 26.253192364507896173 30.563300450492821625 27.921527381945431046 31.875649889376592938 32.787250517423331075 30.159388400207220116 30.914492780477662137 27.702390561914921108 29.43736711688730523 20.565304188628861226 15.200125372258705525 9.9244401935966539696 6.4888908870149490937 3.6604866571182759216 2.4013835827865057659 2.2279772156706512121 2.4273386590041776678 2.6154546785558840938 2.8371631011508036124 3.4785700727400348242 4.6883775737896264957 5.8105308081706530388 6.5756947305619668498 6.9888916776145162402 6.7845972326114640794 6.736096292499047955 7.3125748062347337708 6.5585238192067079055 5.9921405561837381981 6.378647132582576873 7.5652530647206743808 8.7454784477465992154 8.4594141048915005854 9.9099495493859546258 8.3395554111075860249 9.5937458946236731094 8.0216313768642386606 6.0022281817771032664 3.6913015341401416158 2.2089875218633210352
5.8313385413891092313 5.4032303648022939058 4.5273363862862163742 4.0460868901143793863 3.5173843613643809292 4.3753572432926164382 5.9977163975359442105 8.9714760531274411193 13.595538320066902216 13.978565323457942782 16.738072995774508911 18.679708694426405913 19.410975643610825614 21.30010684166526147 23.977590760100149225 29.046723594743337316 28.852436245017635486 29.887832721775101419 24.210290838748289133 20.723994918746235783 13.767819522909984897 11.21413934508047916 6.5381445654305823112 4.0964449909467761657 3.0040343017027915096 2.6521990736918588105 2.5847357937876886957 2.6926617914386570263 3.023677151353179049 4.0273745057236043365 5.1745810341594378201 5.8366190806152165038 6.7969568499894439384 7.2587033720594282826 6.8100050741045050628 7.1912588867416626925 6.3551404344763513521 5.5613887719090655537 5.3123116248980473131 5.791445552764308502 6.991828956706935827 8.6805846410452591755 11.323482854413057908 13.344660440530013545 16.100301188719424061 17.873955480167900589 9.2407498484367085467 9.5095188995898887185 5.7014639524547297 3.0109141712612101927
4.6664618319591353313 4.6237575765282654672 3.498484682604060314 3.2944211190470622519 3.2654558100082988759 3.1468457129670559524 3.374955754600673874 4.4872693073375797823 5.8364034167975535894 7.1066794860217115115 8.2728606763670171631 9.3383819777897780767 12.543769746627731365 15.338201662457432661 20.324782904385056526 26.342195731141298864 28.193725490774383502 26.923032230858762404 25.596803424679880123 19.355954213476472603 16.379074952044977209 10.619971917006143514 6.9745589227709716695 5.1702219408790481836 4.6037542242973632511 4.1103644629658377951 3.7007537772067786719 3.3644281334858510135 3.4685666738661775632 3.990018213952795989 4.7690311200410793191 6.8887842149352165322 7.6382380708011448078 8.0389876187092461635 7.9006156779081671004 6.3317395793287705175 5.9439759167784407268 4.2214859229169663379 4.6095482359294761565 5.4780807575053405145 7.2230380214967375707 9.4732868888568937393 10.147650382912713596 13.926945161299013165 19.329783611340701555 18.2877764913991534 14.266822037325690431 13.462395936892837867 10.380909427730344419 6.7655550376551651937
4.2247673596951678121 4.3780837701732622236 3.8007814841615625845 3.1289475535219843927 2.1346123252492619216 1.4952857792487135313 nan nan nan nan nan nan nan 8.4103024730648456853 13.801267311517324998 17.608690483384702219 20.732236866268394238 20.132939076993519478 21.959861017696383101 20.762487591312176249 16.435134804471204006 14.020502625175836897 10.154136791057183586 8.4872534531763790255 7.403270685030589604 6.2792743331648335214 5.195834467309227378 3.8450080442349152676 3.5317366007596948663 3.7732692914165366638 5.650126602490911587 6.1982117666200684525 7.0678574172766008843 8.632239520502572816 8.2024804517786513713 6.0930246201326676569 5.0282572932009204081 4.1711976168305824331 3.8143815906872258203 4.739945412682457615 6.7408233225753244611 8.8613920436644715295 7.3920648790811132045 7.9141397262812498425 13.311360785000301732 15.308606473823539673 15.817213928851986182 11.746688716948742837 9.8396109764950097087 7.0447235492077178165
2.5249065117636444455 2.2917717565033974836 2.337662418903331929 1.6485756292633819697 nan nan nan nan nan nan nan nan nan nan nan 9.1983945529278194897 11.611502637309536468 13.805563651783849366 14.630175984237553166 16.041106748601837495 16.236272456916942986 13.369884687358325692 12.995134385811907052 13.966419972167546604 13.200858065058271862 10.7076046525706019 7.5085109614216491991 5.9039077153798622533 5.2908420833665203986 5.9571641868713047785 6.4093163029688211552 6.5497955074894171901 6.9532061522881498661 8.1433101157461038611 6.4481942095815574234 4.9087598054611776277 3.9334622983772251636 3.4306078725636104387 3.2301858130374365707 3.7769480560862720431 5.4961958770190948442 7.2337483958564678943 8.2900765286100206453 7.3618580915066340609 7.4295239871124003628 5.6282950170849801452 5.0298698471254885689 6.8520887497125739785 4.8345312225263539219 4.0188094876840398939
nan nan nan nan nan nan nan nan nan nan nan nan nan nan nan nan nan nan 9.8949804512412917745 14.201035538728808305 14.011031475364630339 nan 14.717926419066513333 20.020643832779516202 18.645626181369173935 15.471269309294804373 12.553181745823508209 9.7935113209117279354 8.4566016536019805727 7.6351526881591489371 7.461831678896243325 6.1154407811533930683 5.5641972732206195218 5.3692428208445566185 3.5587006717208189421 3.208606324301894297 2.6342115233137053387 2.1722506871764268865 1.9047808677996007631 2.5926739503895772643 3.5438124798180923314 5.1795497913915502508 5.5236926554219989427 6.1588077043884936757 6.9705365171230404542 6.6377826979220539982 6.2641280505234062659 2.2340214291364302035 2.4923055057926513101 3.160312258259894147
nan nan nan nan nan nan nan nan nan nan nan nan nan nan nan nan nan nan nan 10.719054302607663232 12.299950485739646666 12.409567365441175113 13.531496869625625479 16.516137453982778993 19.190809344202595099 16.786350093637679493 13.419798238926039957 11.02001651498998136 9.5603949585227887553 8.5528517702302053749 7.1767391579181936123 5.0420906855413019088 3.7735351838257815693 2.2782325915809016337 1.9997909225735961414 1.3708139935036969259 1.3843346226341113336 1.1538254093194411087 1.2086376333195345545 1.3701628240545860038 2.1559832599417654286 2.6605414647563545572 3.3361587017829315016 3.1655205404495330157 5.4136016173095775628 5.0750096106434483545 4.3519661063076826579 4.3867358520220403051 2.5302154107561634078 3.3957297485285509175
nan nan nan nan nan nan nan nan nan nan nan nan nan nan nan nan nan nan nan 7.6347313393754276944 12.200642990834252188 12.638048998817831503 12.31512131746606542 11.918264861331552495 14.356665061159873176 11.305319992078066704 9.4068020552290718683 9.1715648213199685301 8.1979980414674447076 7.2286471039691937435 5.28577324304005991 1.3442174423854396093 1.503097964195337477 1.3070514911812018966 1.0466919868429205298 0.48528799182669668522 0.53227106951167513227 0.62682940392468089463 0.4824044132266995244 0.66469397701597010553 0.77745098650962185527 0.992328317289819406 1.260057934814477365 2.0246069976498461962 2.4735476995434475533 2.4218955428539734598 1.9758061692553088307 2.0602231706351581408 2.77208776744317964 3.9756015050886950313
nan nan nan nan nan nan nan nan nan nan nan nan nan nan nan nan nan nan nan 4.3068199524883743479 7.6709867011382737445 7.9635498390817449632 8.4601307932156011304 8.0271772020806775316 7.8008861692392699183 7.8727867990287414557 6.7388548446754796828 6.4491475766525603319 7.5932703841937083666 6.7399146769810425184 4.1089025370426233152 1.1602848223355231028 0.74042578414953386101 0.61392883374545592634 0.23200787813555209804 0.15412197985708162018 0.26522024166914226484 0.21949488613297510331 0.21086200701039489735 0.23360098010771515598 0.30770575783455189622 0.30739013925183850118 nan nan nan nan nan nan nan nan
nan nan nan nan nan nan nan nan nan nan nan nan nan nan nan nan nan nan nan nan nan 4.1805219096795704914 5.3935387034855182264 5.2697658261901603183 4.9212065727675469162 4.6128157513296130787 5.3294812008502772116 4.7770752479483009623 5.088552730246858502 5.1541248436985966919 3.2761959629924710669 1.9023273436099128464 0.91772569488168875829 0.50937472380026405094 0.23199305313007587137 0.12754924485974883375 0.12459396945230394316 0.11065834668220680959 0.10373351972099527363 0.10050582385255737994 0.12692068415776680546 0.062686915266519760426 nan nan nan nan nan nan nan nan
nan nan nan nan nan nan nan nan nan nan nan nan nan nan nan nan nan nan nan nan 0.93958946435784440609 1.9498972100585976186 2.6746781682914146927 3.1233665848101992424 2.9687733147534807188 2.9320624862073723094 2.9735599141917519184 3.2502151293572212332 3.1896318193519053175 2.8783705160711896553 2.1130361159835042706 1.4194298106833607154 0.84435865356902406464 0.42279412865262455679 0.21408047768938864852 0.092202343579382506356 0.045413495826310198988 0.035974180491570945106 0.03339883620280411497 0.028869388048187609452 nan nan nan nan nan nan nan nan nan nan
nan nan nan nan nan nan nan nan nan nan nan nan nan nan nan nan nan nan nan nan nan 1.0740580790842129133 1.242536134025070016 1.3417445893800306056 1.5790996878980445572 1.606031067955647984 1.8565592304180695837 1.8722204673318321166 1.7314253953996570079 1.8106888657237005802 1.2888580424472053654 0.71141616474815871918 0.48769955413988042014 0.26412617902437934836 0.10908468890250913597 nan nan nan nan nan nan nan nan nan nan nan nan nan nan nan
nan nan nan nan nan nan nan nan nan nan nan nan nan nan nan nan nan nan nan nan nan nan 0.56214576280746808568 0.81408484489150401142 0.91840898109120594484 0.9787793121417367459 0.89624148805497161341 1.0969715148108585279 1.1271593660075651666 1.2536911948081395085 1.0053606897203173354 0.59270678006139965177 0.28034176427033624668 0.1357842199979526765 nan nan nan nan nan nan nan nan nan nan nan nan nan nan nan nan
nan nan nan nan nan nan nan nan nan nan nan nan nan nan nan nan nan nan nan nan nan nan nan 0.36359082475952331226 0.48000028708163755553 0.54275374976185164488 0.72518989817830536992 0.8548400039196683009 0.89785319695928778039 0.90756359257449958911 0.75527881569077737201 0.44779586484298866678 0.1902359841263569773 nan nan nan nan nan nan nan nan nan nan nan nan nan nan nan nan nan
nan nan nan nan nan nan nan nan nan nan nan nan nan nan nan nan nan nan nan nan nan nan nan nan 0.25035557614802939064 0.33616365982002810453 0.43111184692100734672 0.6386049985827236819 0.78484212096488581434 0.53585905169196934583 0.4330616918737278942 0.23911176039679238325 nan nan nan nan nan nan nan nan nan nan nan nan nan nan nan nan nan nan
nan nan nan nan nan nan nan nan nan nan nan nan nan nan nan nan nan nan nan nan nan nan nan nan nan nan 0.22105968041163950866 0.34125329467939402583 0.3673231812436933974 0.41934347112669817514 0.21962420685920105989 nan nan nan nan nan nan nan nan nan nan nan nan nan nan nan nan nan nan nan
nan nan nan nan nan nan nan nan nan nan nan nan nan nan nan nan nan nan nan nan nan nan nan nan nan nan nan nan nan 0.14461150208143977447 nan nan nan nan nan nan nan nan nan nan nan nan nan nan nan nan nan nan nan nan
nan nan nan nan nan nan nan nan nan nan nan nan nan nan nan nan nan nan nan nan nan nan nan nan nan nan nan nan nan nan nan nan nan nan nan nan nan nan nan nan nan nan nan nan nan nan nan nan nan nan
nan nan nan nan nan nan nan nan nan nan nan nan nan nan nan nan nan nan nan nan nan nan nan nan nan nan nan nan nan nan nan nan nan nan nan nan nan nan nan nan nan nan nan nan nan nan nan nan nan nan
nan nan nan nan nan nan nan nan nan nan nan nan nan nan nan nan nan nan nan nan nan nan nan nan nan nan nan nan nan nan nan nan nan nan nan nan nan nan nan nan nan nan nan nan nan nan nan nan nan nan
nan nan nan nan nan nan nan nan nan nan nan nan nan nan nan nan nan nan nan nan nan nan nan nan nan nan nan nan nan nan nan nan nan nan nan nan nan nan nan nan nan nan nan nan nan nan nan nan nan nan
nan nan nan nan nan nan nan nan nan nan nan nan nan nan nan nan nan nan nan nan nan nan nan nan nan nan nan nan nan nan nan nan nan nan nan nan nan nan nan nan nan nan nan nan nan nan nan nan nan nan
