src/SDSim/tmp/apis5
ncols        196
nrows        122
xllcorner    -12.166618000000
yllcorner    34.999860000000
cellsize     0.083333000000
[rows 88 to 109 of 122, columns 100 to 149 of 196]
7.3829460090082603685 5.7428018072009745509 4.6881799808550947972 3.3892404796047568283 1.1947580086736528937 1.6098082946590470677 2.297587671974436585 3.5063710981047577775 3.6496520389793096761 2.3506107719103543907 1.6824877329777145896 2.303683744311825432 3.160941656592875848 2.2757735646053105505 1.9253478817281011182 1.3925586947191128662 0.69438695721358723034 0.30951101152117893589 0.12347481954586599084 0.060107339921485876399 0.041606299911128824531 0.025979082151420765379 0.015297831984915206266 0.015087627972525774478 0.02655882093078300657 0.11334037322737071374 0.25248259961129349005 0.59110188867154800363 1.193127100038957833 1.1346977534472353355 0.67019110336259335448 0.36283435894377530362 1.4200414552740490137 6.1069890592609246127 13.584317153068605322 13.619715201610832267 nan nan nan nan nan nan nan nan nan nan nan nan nan nan
8.3308140336877620769 5.3786435612383547422 3.933480438577493743 1.5319008373113480737 0.83960361454272636195 1.3943851001528684286 4.2730186457267560485 4.9871955652824002669 7.6112139368859228483 7.1506899601533344679 4.3254075625551626771 3.9075499881637600907 4.2680111349880203164 5.5160052983113772029 5.8302921953361579455 3.4180218499678249877 1.3854853324700333594 0.35375200596818723309 0.062019821826030767375 0.012246018189918727453 0.0069392826139777026226 0.0060622984136368043145 0.011279006487662650987 0.018736210325425120549 0.028011428696718451703 0.046495959271894607423 0.083315405738646639011 0.19571784290583080224 0.25786872519347425747 0.24630614445318993466 0.15927235264831104966 0.18542698725570536111 0.82299219310095483859 3.0687060327191937326 6.5870006197505350798 nan nan nan nan nan nan nan nan nan nan nan nan nan nan nan
5.2336512631905574011 3.9143385852461825003 2.6805933202716611952 0.96870557434060755586 0.65255448297001461544 1.8692829811140128093 3.7625280428271037358 9.2499761381636567137 10.079282731671911577 12.172299915172935414 10.130105644902361206 8.578963758260380601 8.0979999973643987943 13.488936861566175551 11.44419191775979705 5.6590258944590123846 1.4406254390432318147 0.35849785826809044131 0.053896820138607866302 0.0071597500708556124915 0.015482179432696665383 0.042672604260426488798 0.072784685980338895139 0.13193276745334697742 0.16500032044348886262 0.18372877762513714628 0.13766693702775656405 0.098863960195814129528 0.057140587143902278611 0.049905220915021808459 0.028602855284957273002 0.067673426946471201826 0.31112529321742260491 1.4638455474579863402 2.7806175876590835117 6.1394251506356676273 2.7491948239415835431 nan nan nan nan nan nan nan nan nan nan nan nan nan
4.6394672749274086243 3.0073561448777468286 1.482982001567245689 0.50753510581301841675 0.43911872999129597517 1.3997489926206370114 4.3288865656206629851 5.8800012875725320427 6.9906871239768921811 15.100013199847333922 25.994138035321807223 11.247464722438703433 9.0623470356173978502 11.91752246488665179 12.940109735143535019 6.809615093208032377 2.0651921603201164324 0.40535258204563512363 0.061334655113254921144 0.0099696731249974100686 0.037256752171214595204 0.19633359879321390928 0.47049850876317056425 0.76870719757083294521 1.0679323149711039687 0.85023432357424699735 0.5926998902466030783 0.27081897605627364145 0.19981321332939513957 0.048330583928865189502 0.0063484881906689383246 nan 0.085046664578115452326 nan 2.0150080049653702474 nan nan nan nan nan nan nan nan nan nan nan nan nan nan nan
2.4250062208968836686 1.8893992972496334026 0.97300250104670493734 0.34699718095628961922 0.28652191475535759846 0.72617134491716561762 1.3698877305480974265 2.6772925248553507416 4.9539001316531008356 8.4721860798014034799 7.424918267373172398 5.8240557403033070827 6.0957269430898133322 7.0599345298899933709 5.6858914236779893869 3.6152530087080196886 1.5668861332496282213 0.45115934531385815109 0.079364108518828579975 0.021994489697773542819 0.11811335070755943355 0.68705580364350304912 2.2632872588926584712 3.4652371265108259379 3.3727002807131505335 2.2561951498843688668 1.5539652515497190954 0.82924922947656787287 0.17146856425923046041 nan nan nan nan nan nan nan nan nan nan nan nan nan nan nan nan nan nan nan nan nan
1.2698125796954111699 1.5264393982883015521 0.82832188155463870594 0.54037448780834873574 0.30006346368945024938 0.23961166977438852488 0.39854255833190904701 0.84576697844681247851 1.9694234209997412144 2.1240639929535385377 2.0399236301313710129 1.3178556834203427606 2.18619625639476034 3.3157749056111058827 3.6020554600405532142 2.689631090610997699 1.8701263259453735355 0.55820544253747095276 0.10921998713880055887 0.034269838151905832047 0.2132908778472866751 1.1683144419309854367 3.4752819107961281375 7.4644750896217608727 4.3057178108770699509 2.8074003383418291158 1.9941389221034468981 nan nan nan nan nan nan nan nan nan nan nan nan nan nan nan nan nan nan nan nan nan nan nan
1.2105012795679361837 2.6626099087222856454 3.1306245041527041018 1.5561001591452223725 0.66201329005998699184 0.22012138503661807243 0.10553436243931911542 0.20757008551997557788 0.36562764696886584925 0.46456469982800480123 0.31488317557921380319 0.31878510745244920122 0.85153314430819349035 2.1148684853909478498 2.4328559309235529007 1.9492508551763412239 1.236373310223619626 0.41286687901862095806 0.074900496294948215592 0.027140120478124248743 0.18575735173877205852 0.92460106844148126637 3.1687705540785620073 3.5688649169376001069 3.1943959319812886832 1.8336659832169670548 nan nan nan nan nan nan nan nan nan nan nan nan nan nan nan nan nan nan nan nan nan nan nan nan
2.9433011112230902384 6.6020296051527980197 7.9712911601074809553 5.3417530636798309374 1.5767000953420513554 0.376432236932931652 0.058220160412889042367 0.028991605702122467958 0.045652461892057759341 0.061216205567230203011 0.11257900659910397012 0.34022973127351041622 0.77184752392175304259 1.3809690004321926171 1.7461779904364935767 0.93456914989137285232 0.53057469319455297097 0.17727582641147565656 0.056091989685356530293 0.016483276326610424301 0.081165153915231783022 0.49660919778381140688 0.92922630903098901722 1.2690699697169058879 0.98064978512581912895 nan nan nan nan nan nan nan nan nan nan nan nan nan nan nan nan nan nan nan nan nan nan nan nan nan
3.4636027412489398536 8.4431745909413198348 13.38843337219916485 7.0691869482715716799 2.3609887947131236174 0.41457908290320799605 0.045615239941540867974 0.0039799095776866513438 0.0036678512307651029573 0.012266253994715474451 0.071702123587590885223 0.49086839976631213567 1.8982202513622341566 3.7064468856596035629 2.934834492919616622 1.9792527331907623367 1.4560752624244435172 0.47565493602361114123 0.096630915536547332123 0.018476646968973695767 0.036255255927749037437 0.10254889146684911805 0.21426276606895153232 0.23738842290760611697 nan nan nan nan nan nan nan nan nan nan nan nan nan nan nan nan nan nan nan nan nan nan nan nan nan nan
2.409172669150703161 7.0318411926804351708 6.0805902275432393012 4.2140594887968338966 1.0917803712068581135 0.17806166667982845087 0.029178940742976521017 0.0017471262116164855069 0.001597574704886412086 0.012843046400222178638 0.06882612443762525789 0.26003367653971592999 1.2343439973871312976 2.3753209449964090005 4.6443824219791700614 4.8532614685367096996 2.9779819779870173591 1.1566800730811885867 0.21022942130237981528 0.021652340054532166064 0.006876390009454299776 0.014443711884746480642 0.021848300073411625055 0.022196170588625548786 nan nan nan nan nan nan nan nan nan nan nan nan nan nan nan nan nan nan nan nan nan nan nan nan nan nan
0.94954530349834709302 1.5819072776145777226 2.5757014736769066054 2.266137189826040288 0.90488351875295680582 0.22461012092014473462 0.031439668700393434697 0.0031430654555731915925 0.0090376310490064577091 0.1293443654150604194 0.4233863899308499823 1.3012995369504603005 3.96162964724200517 6.0599544039209085611 10.421416895395067215 11.415597140061823467 4.6973408140358294816 1.4054774460120644797 0.19518680455111733774 0.021924268186045287043 0.0016368527098276706554 0.0010400326566214297339 0.0017638411810800738288 nan nan nan nan nan nan nan nan nan nan nan nan nan nan nan nan nan nan nan nan nan nan nan nan nan nan nan
0.17501151139912607402 0.39332681114255879651 0.54322939704626305168 0.72646136650311721183 0.36304641554655442404 0.06469025853506615853 0.014579536165102827822 0.0023045416347364485257 0.016478402211150766643 0.2398944921455278545 1.860275361907020919 5.221242381668611543 18.203197677985698988 28.3418681340477292 25.704507703701761301 10.790567848897991254 3.1780278795454259821 nan 0.092249988769088298035 0.014055128421685986542 0.0011092818124702303554 7.37086193860856943e-05 nan nan nan nan nan nan nan nan nan nan nan nan nan nan nan nan nan nan nan nan nan nan nan nan nan nan nan nan
0.051850536269853621241 0.076537907124620815913 0.10576387257164455991 0.083303662591962118755 0.067899159556804339344 0.027585638769837605988 0.0053410005898792082407 0.0011712384025054773089 0.015716595659975296506 0.21566798591054611722 1.3954088051352881994 6.8109169675936485078 18.74641711901879404 27.09089383674902507 nan nan nan nan nan 0.0059996356346241896951 0.00061531514240213702489 nan nan nan nan nan nan nan nan nan nan nan nan nan nan nan nan nan nan nan nan nan nan nan nan nan nan nan nan nan
nan nan nan nan nan nan nan nan nan nan nan nan nan nan nan nan nan nan nan nan nan nan nan nan nan nan nan nan nan nan nan nan nan nan nan nan nan nan nan nan nan nan nan nan nan nan nan nan nan nan
nan nan nan nan nan nan nan nan nan nan nan nan nan nan nan nan nan nan nan nan nan nan nan nan nan nan nan nan nan nan nan nan nan nan nan nan nan nan nan nan nan nan nan nan nan nan nan nan nan nan
nan nan nan nan nan nan nan nan nan nan nan nan nan nan nan nan nan nan nan nan nan nan nan nan nan nan nan nan nan nan nan nan nan nan nan nan nan nan nan nan nan nan nan nan nan nan nan nan nan nan
nan nan nan nan nan nan nan nan nan nan nan nan nan nan nan nan nan nan nan nan nan nan nan nan nan nan nan nan nan nan nan nan nan nan nan nan nan nan nan nan nan nan nan nan nan nan nan nan nan nan
nan nan nan nan nan nan nan nan nan nan nan nan nan nan nan nan nan nan nan nan nan nan nan nan nan nan nan nan nan nan nan nan nan nan nan nan nan nan nan nan nan nan nan nan nan nan nan nan nan nan
nan nan nan nan nan nan nan nan nan nan nan nan nan nan nan nan nan nan nan nan nan nan nan nan nan nan nan nan nan nan nan nan nan nan nan nan nan nan nan nan nan nan nan nan nan nan nan nan nan nan
nan nan nan nan nan nan nan nan nan nan nan nan nan nan nan nan nan nan nan nan nan nan nan nan nan nan nan nan nan nan nan nan nan nan nan nan nan nan nan nan nan nan nan nan nan nan nan nan nan nan
nan nan nan nan nan nan nan nan nan nan nan nan nan nan nan nan nan nan nan nan nan nan nan nan nan nan nan nan nan nan nan nan nan nan nan nan nan nan nan nan nan nan nan nan nan nan nan nan nan nan
nan nan nan nan nan nan nan nan nan nan nan nan nan nan nan nan nan nan nan nan nan nan nan nan nan nan nan nan nan nan nan nan nan nan nan nan nan nan nan nan nan nan nan nan nan nan nan nan nan nan
