src/SDSim/tmp/apis7
ncols        196
nrows        122
xllcorner    -12.166618000000
yllcorner    34.999860000000
cellsize     0.083333000000
[rows 88 to 109 of 122, columns 50 to 99 of 196]
1.5415869007865554696 1.6222577992055480234 1.3425028564756908978 0.87422132574288524687 0.5395242679176348588 0.3342630940694726327 0.33350905208130188218 0.37545718375746917062 0.41585561062836823298 0.42119062819579144996 0.36530517348968155611 0.23824199347522431736 0.11364805003114984705 0.058057281817956503389 0.16075446605145393697 0.73345545942058576472 1.8459008753738319619 2.8260863758686576297 3.7285047585492137046 4.460749903654562587 6.1039043058772728401 8.2232452441461365567 10.714880504041591536 7.4306759999676961215 3.7108040202496872517 1.3083304556762123116 0.6181535024671116485 0.73130920259884568679 0.89703133408762381062 1.1385374762332913789 1.2029945084709405823 1.0580998567967319079 0.72718397052131977798 0.47289426913441756639 0.45590002647058863738 0.65886528474742600547 1.0077627034002341055 1.2876658677852277357 1.2598704656173360661 0.97406511706757026303 0.66674507230573032412 0.48975596825521128252 0.44153565207419265271 0.50933758938793793902 1.102583165713320934 3.2003117794765296722 6.8474669261997789249 10.946629277867547358 9.9074796394766675434 9.0408583232127899265
3.8373378640931514738 4.6014630352923164835 3.9311895756522106105 2.1955120755361701157 0.88108642125883074314 0.46540273856629732485 0.61535957828688270244 1.1064808861993076228 1.7214430496300323625 1.9273697523324024861 1.7277491902629746878 1.0882955984840072539 0.45017851819287657555 0.13191948194940150696 0.10146437117556870999 0.28838709536333223538 0.63080262856482471889 0.9025636779070738136 1.4340309839981701945 2.0793528706243433746 3.9579358699089755014 7.3876320384091211935 8.5341554340432104198 6.6758269506758907141 2.5833717056057832195 0.87022092324871869184 0.31120068760811181452 0.1980156849019662213 0.22020198839018745307 0.29581756324835467575 0.26256823380396004941 0.21975878914212462756 0.17099575473822015148 0.19257771899707532004 0.5788057830604670384 1.5756220668779783445 2.7887752780626549054 3.5158768679832439474 3.2285533500405918517 2.1533141338362433714 1.3749246394928655857 0.97534696889817928955 0.80222376480995749581 0.63845611813620350983 1.0523832090992772947 2.7883236651371823278 6.5064286616625457427 9.2130372817933068319 8.1421015558997371642 7.976381666456100028
8.261985659432678375 10.174529505572401433 8.1489113237861641181 3.9391099953432062719 1.7292313410658151085 1.2351555155422937471 2.0544632990390465643 3.9694699083448594656 5.9115269432637989055 6.6051387850752592001 5.882006037033589152 3.1525897195625192104 1.0796241508098707307 0.27341282020677637465 0.085543359187577897029 0.13879037130494054075 0.26154315203567557457 0.43132510405606017123 0.6590495306995632907 1.1817595320673370818 2.5244832267800116909 3.6611650026634041666 4.4746048043964039564 3.1182143002523985409 1.7781238468920474993 0.58597385951991487474 0.13718729681463245895 0.046240831985036805196 0.038229569114241510053 0.041048118446604019149 0.042170452195807409113 0.037403407898783214147 0.051411280108718794557 0.19511862631467763451 0.7864544019257777574 2.5609858290060372177 5.6464424672022364149 7.1906909197757480356 6.0846440674814505911 4.6006096609647055828 2.901428687505024584 2.9642379477281370903 2.1690391153273815839 1.5743986296272576286 0.94612746820880466725 1.7754973989744120555 3.6395403054997697012 6.5437812250371107936 9.0508452861306736281 5.7344140626610027311
9.8924936367838363083 15.099213436994798343 10.567037062962667093 6.1406151403747806228 3.4902809995375911889 3.6545765784006549737 5.1889037010949152773 9.0352805345548059535 14.133821117037257409 15.134314320147778332 11.866014881757450894 5.8511358705061722318 1.922636236889556649 0.42120298002913153512 0.13079388987578374759 0.29520556015318527576 0.58545764499150987348 1.0189456697767034221 1.3324137743144255364 1.4488727356303050531 1.5724237615772189702 1.9617004335119334613 1.8580942883715232394 1.4622345236781049138 0.80204905411334137533 0.35502613787370851384 0.10181269760975633631 0.03028502118717724817 0.01531060232168856769 0.010497499941033498067 0.0097531618058280915295 0.016633912792317531726 0.051922295896886856703 0.23487930973089282682 0.97581484301497611877 2.9078936033950801843 6.3072058548461855665 11.031225850636337427 8.2658680577306320458 6.0791191329632967566 5.4815322260812875399 4.8962972379246050281 5.1527604133402187259 2.2545524424610423608 0.83994165578772472802 0.8410740913192830126 1.9719835125516289587 4.1758642318843568475 5.8500963739360170024 4.1141617598074473605
8.2030961597847618094 10.187293032219558953 11.030411386062471735 8.2427318144724868176 6.9591013849391947232 7.1949927920627168021 11.008163410374811164 16.171893497686561147 21.280815320500163779 24.431208589649465068 16.089614813979565611 7.3984365370565985387 2.6283998282732521368 0.56799263843568403853 0.2084379679619895176 0.65234197603160504197 1.9249081142747701545 3.1298352743435917667 4.040937424557593971 3.3573368233958937878 2.7019795925630241129 2.6529922588746930323 2.3982777361298199814 1.6838137589665436167 0.96152553770851267867 0.39873870463436178468 0.19099821451260795557 0.10804136921272100569 0.068166481979223356169 0.035546771166076268633 0.025609683989328207304 0.045067659300345154494 0.11766764491171893825 0.32357522939341271107 1.0293953090882845824 2.8483300242356928145 6.0702182702436404682 7.4963035899980408061 7.2466516855260456609 5.6522460447342064427 6.9328733193026295112 9.1538038379471053929 6.6540988016238538094 1.5925370193212211589 0.63017442793396893919 0.42052506257722155336 0.90785921024804361323 2.0588891339474306719 2.1918234684878470375 2.766709515949973941
3.4622245808273404144 6.1549625790001547543 8.6066870322374509072 11.636684557070289259 11.704480082301222055 12.740999817913895242 12.773586852924562862 20.870678966169297297 26.13787404062504649 21.874322864338683559 18.934003438328058877 8.972651541130380437 2.5357347400097633994 0.60739608573940617742 0.28639264157096983032 0.93376471271446437328 2.9770811008846593815 5.9455351759200256723 8.5711407673624329107 6.657791020075048749 5.3113361041197837409 5.4520332492164111926 5.182545725975031381 3.4237298968308476077 1.6207346098512596111 0.8716315425066767375 0.59740853567515184164 0.43554091815488360506 0.26722763556422229891 0.15040476767623284227 0.10091769108390968857 0.13366896568705116666 0.28558599883326318825 0.54660498131985546522 1.0317728319356334055 2.0380240673151859276 3.5736622998273417373 4.3567340015767799244 4.1875096640070070819 4.6602028363472518535 6.5207882284014750951 6.811171750852874851 4.5896101297706177746 2.2561155978312026349 0.53306998502242186611 0.23327001843408279314 0.31861595005851667262 0.58947399930253585598 0.89945609858197372866 1.1832094775652954866
1.4814926423165570846 3.4848597177738946939 7.4185104470702665225 12.90326958415869818 14.937187667750345454 13.019030544596967403 11.949950225753136479 15.084422863183494457 22.331555815574247958 19.993175698341705271 14.042831806679252793 7.372411524392244786 2.3346279429474434686 0.523573854778468184 0.2820531408773368498 1.1311795765349943466 3.6342426909864857798 8.157960628757681576 10.752237857360649187 9.3034401898429521793 7.1261379252576766419 8.0546929828729396661 7.0397593261626640881 4.2622868363462291796 2.497956734371453269 1.8019045760515710608 1.6614419159011841742 1.3205464496101062544 0.84074230119071546863 0.48047823726013660917 0.33377399620272352188 0.33816926809842468016 0.55411402264704912035 1.0111719075407643587 1.2870034601614095404 1.6483593350879206518 1.6149712401200362333 1.7423848290770602709 2.1833221125543751384 3.0549714920324801959 3.8454395333951341129 3.9936868884091758503 3.1168355286828961503 1.7245936543135136354 0.78497302430804272166 0.40912111450957716619 0.21944242933320892708 0.31628290635514061391 0.42869243689036762301 0.70928307078618091364
0.75142080205917016755 2.5527011257400404887 5.4426225522017208647 10.938697631335635663 13.002795340703816152 10.857710710574457025 7.2941399633854864248 7.6258140469136659334 9.9624396383225235496 10.346198445183926395 7.993702802936827112 4.0374855035774777079 1.4735284580310885616 0.34584979129615672777 0.24768576425723848322 0.99162782739557331357 3.187176105478363386 6.894275394452670902 9.7382596342641640774 9.97226239407559234 9.8036201799136968305 7.9374387965021986346 5.4153090111350206115 3.8625320740155033583 3.0355751766212439868 3.4617199828835123476 3.6742398183427598113 2.9792584160218003042 1.700614100169539622 1.042146686607696715 0.82729130175533427405 0.88801748628547350073 0.9749349526404457178 1.3626041601354872412 1.8695247323991852628 1.3006059847468496304 1.0038014250462685695 0.9478121265292563935 2.1616952333482468696 3.7372511254453719687 4.8577110483990315615 4.4625663207724031167 2.8345834650471584126 1.8997135689155231209 1.5921241591346730893 1.1981660486111669339 0.70721288829440343005 0.51456736758703036649 0.52031998932624434762 1.2615131862495896353
0.53761060512604097461 1.90435884234827002 4.5582020974302954741 6.9139600908538794144 6.7498169875085523017 4.8033845994951676062 nan nan nan nan nan nan nan 0.166370829661730113 0.16600235655793096901 0.56511379685047447019 1.687907923453268344 3.3183218283991298136 6.2203865674828140442 9.084871172542479556 10.074751247295120393 7.888957688745050767 4.770191211876204207 3.28970578218127363 3.3443790994870350453 4.2825025402160648014 5.2891364135562799476 3.4325211625633280654 2.1821353651560229103 1.6936753394271197859 2.0008309165750834957 1.6199649962763165156 1.1732026446165246814 1.4148305599211707939 1.4652966778189806529 1.0927790257344340841 0.73977121438705850665 1.1751226103297147674 3.1068967419119188911 6.9891829592115151115 9.0203388710944238937 8.4681907798063562609 4.1843954299475738523 3.0777873714510715075 3.8968467659277159498 3.1347934833515456177 1.9526891051350772077 0.85699808430568213957 0.69738163402690556136 1.4455847886436279381
0.294879692781863878 0.90128771543951291534 2.084778652472923266 2.5684004352658220682 nan nan nan nan nan nan nan nan nan nan nan 0.23859211304162741829 0.61485092787036887962 1.5450931938028988899 2.9748616282491036067 5.2304235675971391117 6.8968216911166013716 5.56028792267350358 4.177652892614270641 4.0835619840415162685 4.8475471044945894761 5.5564143572802260351 4.7038146904967055306 3.7454204533892521134 2.7102096746659869453 2.9706687159355062988 3.4552422873731076791 2.4342496398703330485 1.4315342202590985998 1.0067850428575055854 0.74156387822040192859 0.55025140072172806782 0.51954659260340152471 1.2541890212192789988 4.0617922383163351796 8.5240047607011248942 13.556114629190892273 10.670872726182567547 8.5872664100994331449 8.4427784069221942786 8.0727249415432567048 4.5542181631705211942 2.1044876827782945661 1.2833025722874318308 0.51840937591205094037 0.91069596116035766986
nan nan nan nan nan nan nan nan nan nan nan nan nan nan nan nan nan nan 1.4349517267488727246 2.778556175511933013 3.3365420027607233244 nan 4.2461105243671344311 7.1614075262569585334 7.8806941751965116083 6.9873332116633699584 4.9296711780624891119 3.2903448610774095329 2.911632071850614345 3.4501068749417216353 3.8279348987427042061 2.7431987433415621069 1.3129881792631303838 0.58902203442538836331 0.24684057447786306172 0.19829880941301528119 0.28775564771512218698 0.96674667492665167234 2.8241614892571900164 7.0563879322067970534 8.6573371303517934194 9.3308835098116542639 8.0667740327085883933 12.043360438925867939 18.865098601833754088 12.654580092448290074 6.0106796284236727601 0.91828244736203290532 0.38880407232015218311 0.55349191592560165187
nan nan nan nan nan nan nan nan nan nan nan nan nan nan nan nan nan nan nan 1.3025786102511640596 1.9842852429639279421 3.1332020902514079452 5.0114135494367637591 7.5924737372080510767 10.737057552081166634 7.2900046721798892335 3.8502769828667853247 2.1413792754460012624 2.0287305254572034485 2.8029031820394814112 3.4125412568502619948 2.1150786298385715334 0.97567113847503028623 0.26861892859825714508 0.095345678531135000244 0.049658575426246263917 0.13682046252652285689 0.50939775489731575764 1.7207974268436283527 2.9146353316463682326 4.3365513239763124886 4.3172985808802746277 5.8591970806871707111 8.0124205810710797948 15.196079113911995506 12.052224503072103801 5.5703198230759216614 2.0801621987148344317 0.34120894672388457636 0.20952873123364229579
nan nan nan nan nan nan nan nan nan nan nan nan nan nan nan nan nan nan nan 0.95571437015140425775 2.4640048465426565016 4.7964381038003818247 6.4104717305278011708 7.3421050056312555654 7.7589620203989886349 4.7953776838040642616 2.2358900239337731186 1.2417198147553882848 1.1714502308067715752 1.6894576063346342654 1.6825012802258354494 0.47283907392635932121 0.37706663524864525439 0.15833835532501847054 0.043761074447094247541 0.013466718852859462657 0.049976197497410217163 0.23499338324647170428 0.46210120123257697466 0.91611573012675406869 1.0641825953715740027 1.3836507848063974713 2.2762924641537911619 4.781884522406469884 6.3394015639979750532 5.2416058736427739717 2.5713186732666617473 0.98403213961482860483 0.31313418467587489369 0.096669081746015683709
nan nan nan nan nan nan nan nan nan nan nan nan nan nan nan nan nan nan nan 0.64884497786095318705 2.3943180911182757598 4.5610867942754094173 6.7020262641418248961 5.5427831866568437746 4.050679516221009635 2.6376534368030455369 1.4326776788820929642 1.006434978376983258 1.2457495725005851561 1.3184733194807525258 0.92164020037235339089 0.27317359932608969997 0.12288982745832108257 0.059106782567726987021 0.010762698001018967259 0.0037685076261892067571 0.019231483771174635172 0.04689138913464016567 0.10347393288970353764 0.16238816018755283799 0.24676425056405842939 0.33589491014672701041 nan nan nan nan nan nan nan nan
nan nan nan nan nan nan nan nan nan nan nan nan nan nan nan nan nan nan nan nan nan 3.7675719930735374064 5.0519154785479969405 4.0303566250845612728 2.3043013342296227997 1.3542075002410434159 1.3920112820874603887 1.5570186264061403048 1.9008136239427133596 1.8153705302764646667 0.9665479627772413096 0.38835436511664894743 0.10912955687287022311 0.029952777807650137615 0.0066935974800088563624 0.0018602826895978462687 0.0035307080819860759378 0.0085760325623590854399 0.016972405979572911805 0.027549528264634720598 0.053078777023533155188 0.032845502613703267403 nan nan nan nan nan nan nan nan
nan nan nan nan nan nan nan nan nan nan nan nan nan nan nan nan nan nan nan nan 1.3095624074183036534 2.5563968159792711532 2.8250783368368828086 2.2975226504834029839 1.4347982615672401074 1.1550747751002339303 1.5671277941885144447 2.5059692306088590108 2.8567063267327914566 2.293948205616123559 1.1327625451840215298 0.41150809864836640495 0.10472018899942332759 0.01970229357264379616 0.0035948353542388116789 0.00066451023618447995194 0.00042800432100751945215 0.00087119691928973577721 0.001825465505989794842 0.0035819920359361199537 nan nan nan nan nan nan nan nan nan nan
nan nan nan nan nan nan nan nan nan nan nan nan nan nan nan nan nan nan nan nan nan 1.5244465362101597972 1.3784569421241195109 1.042242539348791297 1.1002507765321127842 1.3848793760976201295 2.2664551308805420682 2.8833345950772981681 2.9382769652110658498 2.4570323858319023103 1.1460353779013354725 0.32165479054096884903 0.083631043348347144928 0.014538023417172064866 0.0018959412488861425439 nan nan nan nan nan nan nan nan nan nan nan nan nan nan nan
nan nan nan nan nan nan nan nan nan nan nan nan nan nan nan nan nan nan nan nan nan nan 0.61930662712746753495 0.79995900728961677473 1.2045958902911912958 2.0563440485675261726 2.2955523974204279369 2.9515613281446975158 2.4708927233571054138 2.0540908901667496167 1.0172896881295416804 0.310536965245450991 0.06199631323270168165 0.010970823994317584205 nan nan nan nan nan nan nan nan nan nan nan nan nan nan nan nan
nan nan nan nan nan nan nan nan nan nan nan nan nan nan nan nan nan nan nan nan nan nan nan 0.53740562320750173697 1.1317220987590501657 1.9261987615355593562 3.1434789176208082218 2.9031787591742537202 2.0566057168478057982 1.2476427921684261069 0.63049715506690673372 0.20631140860650329372 0.044973076290962005208 nan nan nan nan nan nan nan nan nan nan nan nan nan nan nan nan nan
nan nan nan nan nan nan nan nan nan nan nan nan nan nan nan nan nan nan nan nan nan nan nan nan 0.80394007394600419669 1.5027866209396669728 1.893146952893862478 2.185358772414010442 1.5503303754820927374 0.57925385059616907313 0.25201404613789124554 0.087488183258845164669 nan nan nan nan nan nan nan nan nan nan nan nan nan nan nan nan nan nan
nan nan nan nan nan nan nan nan nan nan nan nan nan nan nan nan nan nan nan nan nan nan nan nan nan nan 0.89524969176214208577 1.0086516223505566092 0.6197715582478735552 0.34346675141479993121 0.099632568292636169982 nan nan nan nan nan nan nan nan nan nan nan nan nan nan nan nan nan nan nan
nan nan nan nan nan nan nan nan nan nan nan nan nan nan nan nan nan nan nan nan nan nan nan nan nan nan nan nan nan 0.10206127385809157793 nan nan nan nan nan nan nan nan nan nan nan nan nan nan nan nan nan nan nan nan
