src/SDSim/tmp/apis2
ncols        196
nrows        122
xllcorner    -12.166618000000
yllcorner    34.999860000000
cellsize     0.083333000000
[rows 23 to 45 of 122, columns 0 to 52 of 196]
nan nan nan nan nan nan nan nan nan nan nan nan nan nan nan nan nan nan nan nan nan nan nan nan nan nan nan nan nan nan nan nan nan nan nan nan nan nan 9.9456564366548398937 11.557759576754056852 11.278038363053976667 2.1143246189773097221 0.29894024545902880829 0.035218544673786780774 0.0077872008558121192864 0.014258646629865454752 0.031308004041508963322 0.061943532906109585734 0.079126818125484943423 0.083875716444234110769 0.093968069360404138379 0.36688029007150124716 0.80637198708672219727
nan nan nan nan nan nan nan nan nan nan nan nan nan nan nan nan nan nan nan nan nan nan nan nan nan nan nan nan nan nan nan nan nan nan nan nan 0.6020029368031113437 2.8274283781563220863 3.7269771140292444755 5.1349560378389753623 3.7242472336431244884 2.4312693601231107898 0.61654911984091598232 0.21157879080857217025 0.10597441520645251023 0.0086154201939931066706 0 0.028341847218064167291 0.32897542906140969654 0.67677868623382320123 0.8770896508281690318 0.71742998602530427821 0.86227419150378437074
nan nan nan nan nan nan nan nan nan nan nan nan nan nan nan nan nan nan nan nan nan nan nan nan nan nan nan nan nan nan nan nan nan nan nan 0.15085010888841324239 0.6939077334684009557 1.130756379912036369 1.6685144816472816665 0.9105060115890686312 0.83160896306135878575 1.4018578795681981841 1.4976611361147480483 1.3090169407258591683 0.230607184733977566 0.017323699263480814986 0 0.06278840485406297911 0.67462752872677234084 3.5053332930019345248 3.8273442417219043499 2.7696360568227498256 0.75716711953251225609
nan nan nan nan nan nan nan nan nan nan nan nan nan nan nan nan nan nan nan nan nan nan nan nan nan nan nan nan nan nan nan nan nan nan nan nan nan 1.1902956128637305344 1.2490486317353135526 0.78783484971957995491 0.52303281872919216156 1.500768909048013855 4.5700372175113592732 1.6704169711573295665 0.39028814689729396381 0.062054791634688036273 0.03398275464351202535 0.10142978509475897297 1.2404804977271721711 4.3672757104285651053 11.720334637317099791 4.5386495454004114336 1.0358788841797768043
nan nan nan nan nan nan nan nan nan nan nan nan nan nan nan nan nan nan nan nan nan nan nan nan nan nan nan nan nan nan nan nan nan nan nan nan nan 3.0872452633109324083 3.7143137659944427398 2.0711838877473165432 0.63662605959163909297 1.3635073921859486301 1.6281755473498789044 1.6397419618874664593 0.67624136644853616307 0.66501157845382219413 0.42461494423710988144 0.2863312814434186282 0.92794951167173267415 4.7875984985098378743 4.7600081615687361847 4.0877267771370195959 0.71520228119634676744
nan nan nan nan nan nan nan nan nan nan nan nan nan nan nan nan nan nan nan nan nan nan nan nan nan nan nan nan nan nan nan nan nan nan nan nan nan 4.2195239100505927965 6.7398289371811337389 2.7349605084652193199 0.71287014936622361549 0.24823866308795791702 0.39075064091686889656 0.67528399793839755105 2.3875616977652027728 2.6988027999790142886 2.3054957566463749608 0.44925839470209277815 0.47041202800657433425 0.79538751486796421819 0.93917932113821345208 0.71935220719369652453 0.34516140503255593464
nan nan nan nan nan nan nan nan nan nan nan nan nan nan nan nan nan nan nan nan nan nan nan nan nan nan nan nan nan nan nan nan nan nan nan nan nan nan 3.2851692842012596429 2.2076185589106156471 0.40068303683323841513 0.051848874325777956351 0.056581346907149596137 0.60998724856410191375 2.5758112780896809113 5.8480048076892439113 2.5945456352338172046 0.55953961626890347247 0.069741260450361067247 0.064154847919116630983 0.084810790565681623554 0.078546273422520476726 0.064624270678425646541
nan nan nan nan nan nan nan nan nan nan nan nan nan nan nan nan nan nan nan nan nan nan nan nan nan nan nan nan nan nan nan nan nan nan nan nan nan nan nan nan 0.21329993328528185081 0.018805656216695835342 0.032093550768730154388 0.38496720334467615654 1.8268488968667133676 2.068545581084952012 1.0720347822935654136 0.32729009683967069666 0.037631532158239340558 0.090706273890498234636 0.17963409080144437935 0.3563714421187208492 0.43620359316869000699
nan nan nan nan nan nan nan nan nan nan nan nan nan nan nan nan nan nan nan nan nan nan nan nan nan nan nan nan nan nan nan nan nan nan nan nan nan nan nan nan 0.014070058692473476 0.025586961450780161542 0.060395323608819620476 0.26944579509742805357 0.46383713994118652701 0.4231416162030647854 0.26906563819004730709 0.1450454943986281553 0.040304832467787814199 0.2064988914166284717 1.0639673924704307062 1.4653805263125878611 2.3864669349259104436
nan nan nan nan nan nan nan nan nan nan nan nan nan nan nan nan nan nan nan nan nan nan nan nan nan nan nan nan nan nan nan nan nan nan nan nan nan nan nan 0 0.024013468743579492737 0.23259561652518523367 0.5165066322816794786 1.0545304019142789365 1.1826195264330405799 0.85940385753233927701 0.43886733612261086268 0.27190636862520595196 0.0462504201624399508 0.38877843077856583109 1.817293047757296387 4.5113934989604329573 2.8248519548925608014
nan nan nan nan nan nan nan nan nan nan nan nan nan nan nan nan nan nan nan nan nan nan nan nan nan nan nan nan nan nan nan nan nan nan nan nan nan nan nan nan nan 0.46345047208363099323 2.6454137156461361435 3.6068713670387451131 6.5093668915942561881 2.838738628649617457 2.3228753941467106259 0.41100130079417096507 0.081986696469089626049 0.28792200028115250143 1.4146354680063535358 2.0639529446813846825 2.9999710369093777196
nan nan nan nan nan nan nan nan nan nan nan nan nan nan nan nan nan nan nan nan nan nan nan nan nan nan nan nan nan nan nan nan nan nan nan nan nan nan nan 0 0.039151638482580783385 nan 2.899690773775516206 10.780728806648648188 6.1174275369642545641 10.155170550332272228 2.0974136038787025704 0.83017423602198814336 0.098573760582723907175 0.14769907771509932504 0.26289720099054536551 0.54987684133930936348 0.55220821337770098491
nan nan nan nan nan nan nan nan nan nan nan nan nan nan nan nan nan nan nan nan nan nan nan nan nan nan nan nan nan nan nan nan nan nan nan nan nan nan nan nan 0.051698471791240541151 0.84111103072567061645 3.6237375897808936642 5.5680257463588782585 7.5570634395833691244 4.7958533685174646877 3.6907038488758776573 1.0835019369255285415 0.25560011887039835177 0.025960076289101838287 0.025304273545811536983 0.035859407755588046385 0.043297861474716120567
nan nan nan nan nan nan nan nan nan nan nan nan nan nan nan nan nan nan nan nan nan nan nan nan nan nan nan nan nan nan nan nan nan nan nan nan nan nan nan nan 0.10466918089121191038 1.10222076605159236 5.926837297387375969 7.9449034672171618965 8.263682321835112532 3.5089178661549347282 4.1142395965411715508 2.199688916519006554 0.26765796941908820417 0.016306414411990714092 0 0 0
nan nan nan nan nan nan nan nan nan nan nan nan nan nan nan nan nan nan nan nan nan nan nan nan nan nan nan nan nan nan nan nan nan nan nan nan nan nan nan 0.031012032832994224085 0.47441043082956929622 2.035970315569723077 7.7501677551591958704 23.722103655903385544 7.5381895133245730989 4.4614038682350347642 3.8259375465456293419 1.0546466944146473121 0.20018984954349725025 0.013295763465009057674 0.0096728281350810380035 0.023990809775724018099 0.057817943592280311715
nan nan nan nan nan nan nan nan nan nan nan nan nan nan nan nan nan nan nan nan nan nan nan nan nan nan nan nan nan nan nan nan nan nan nan nan nan nan nan 0.066552130880699417181 0.82022048352033283258 5.7065962890413040043 10.17511952495909 9.2023967366290015946 5.699884417512650181 2.0942843724039459374 0.84015026360361522162 0.8162407891600041987 0.19941397722503506618 0.044203168989187135995 0.040026176910850960744 0.25520215280863023377 0.37023194049590990584
nan nan nan nan nan nan nan nan nan nan nan nan nan nan nan nan nan nan nan nan nan nan nan nan nan nan nan nan nan nan nan nan nan nan nan nan nan nan nan nan 1.2065641264347319872 6.3278478721580828648 18.059078606168942116 8.9473421349180668471 8.5085907155832583015 2.256202686702109439 1.1340816107042799299 1.3109462474824842282 0.61126150057118000536 0.18634812096921260505 0.053743312572477025535 0.42587712597478610821 1.7630460998947590223
nan nan nan nan nan nan nan nan nan nan nan nan nan nan nan nan nan nan nan nan nan nan nan nan nan nan nan nan nan nan nan nan nan nan nan nan nan nan nan 0.066344454092454152594 0.81171537281019101595 5.0837827621893794117 12.738137400413021894 25.936611345000493145 7.7694982114667521245 3.0690152240515384818 4.6359954519381894045 2.6328440115415885359 1.7742261783685084886 0.31777195217814757644 0.12957631412399034376 0.72424750386945402347 2.3374122324287442964
nan nan nan nan nan nan nan nan nan nan nan nan nan nan nan nan nan nan nan nan nan nan nan nan nan nan nan nan nan nan nan nan nan nan nan nan nan nan nan 0.031397822466407612763 0.42775358227640830622 2.0960734992581486758 8.9519852871803067274 8.4806011516303012598 9.1689740482954924516 2.7515130262855564958 5.9075913155635966234 11.082702523530656435 3.0939539780685030301 1.2849551915416324022 0.10644011409102459298 0.59709354776103462648 2.1864976198023207132
nan nan nan nan nan nan nan nan nan nan nan nan nan nan nan nan nan nan nan nan nan nan nan nan nan nan nan nan nan nan nan nan nan nan nan nan nan nan nan nan 0.10410646626823684413 1.2598694582625094007 4.8493807506325676826 16.139733674996787016 5.8795570501910718875 2.7075951135397988701 6.2917244743779940919 6.5195064299440099731 4.9031080734488270423 0.42504181909888327784 0.083936375198725154956 0.2772252417655465262 1.3802516178555332971
nan nan nan nan nan nan nan nan nan nan nan nan nan nan nan nan nan nan nan nan nan nan nan nan nan nan nan nan nan nan nan nan nan nan nan nan nan nan nan nan 0.046272991423492497443 0.557857893944120109 4.2078559160885369295 5.0941132527100645433 5.3012551388782194195 1.5693789816238894463 1.4302203741116092939 1.9534259615018134681 0.92850903063777845414 0.44606708783842180521 0.048288341489909056281 0.12875532417456680978 0.93040939067269157192
nan nan nan nan nan nan nan nan nan nan nan nan nan nan nan nan nan nan nan nan nan nan nan nan nan nan nan nan nan nan nan nan nan nan nan nan nan nan nan nan 0.018546912541495097493 0.32802454965352367822 0.98628241690938001085 4.0941727166086918643 3.87155348918901554 3.9565746146944440476 0.76074500086230301132 0.19010826761807350649 0.12793240331287830669 0.055691791270024465499 0.049338889021098703003 0.21511394263042832309 1.1939975140213061611
nan nan nan nan nan nan nan nan nan nan nan nan nan nan nan nan nan nan nan nan nan nan nan nan nan nan nan nan nan nan nan nan nan nan nan nan nan nan nan nan 0.0067076629316068217199 0.058289795256043094862 0.71132282076758723832 3.5115281664714839138 12.262289078093715489 4.2276580890818786784 1.1971189703501057267 1.1176091686839944028 0.52360137279384100228 0.33704089684223487167 0.068485413927084640151 0.42743816842737536454 0.58764472228968867018
