src/SDSim/tmp/apis8
ncols        196
nrows        122
xllcorner    -12.166618000000
yllcorner    34.999860000000
cellsize     0.083333000000
[rows 44 to 65 of 122, columns 0 to 49 of 196]
nan nan nan nan nan nan nan nan nan nan nan nan nan nan nan nan nan nan nan nan nan nan nan nan nan nan nan nan nan nan nan nan nan nan nan nan nan nan nan nan 0.39706468254074500646 1.286097949616262559 2.2833694725954032378 4.4405981500181024302 4.329961658560734783 4.932952336023219253 3.7895369271822536561 2.181884765325885045 1.3569618956532585319 0.75451245953207335404
nan nan nan nan nan nan nan nan nan nan nan nan nan nan nan nan nan nan nan nan nan nan nan nan nan nan nan nan nan nan nan nan nan nan nan nan nan nan nan nan 0.24337967897063073064 0.78164256139689469727 1.8026005171215151446 3.1836405916851537867 4.4798106283380638715 4.4445640564318491528 2.8766984746340038548 3.5027011152564493379 1.5356576940893345018 1.4526426546339983314
nan nan nan nan nan nan nan nan nan nan nan nan nan nan nan nan nan nan nan nan nan nan nan nan nan nan nan nan nan nan nan nan nan nan nan nan nan nan nan nan nan 0.489787831156057063 1.2130057702278409515 2.3973695350145409755 2.3212623959484393055 2.9868710100999895651 2.9312327926442902637 4.6292575938477007469 4.7257181586903174164 3.9392179636183710656
nan nan nan nan nan nan nan nan nan nan nan nan nan nan nan nan nan nan nan nan nan nan nan nan nan nan nan nan nan nan nan nan nan nan nan nan nan nan nan nan nan 0.2729880456813209566 0.70567669807121913284 1.1937778929766780234 1.710538081471028482 2.5642669161563516056 6.560162679023141763 8.7432233344337859648 8.5206011886614412276 4.275419918836026234
nan nan nan nan nan nan nan nan nan nan nan nan nan nan nan nan nan nan nan nan nan nan nan nan nan nan nan nan nan nan nan nan nan nan nan nan nan nan nan nan nan 0.12789749221942625645 0.30257570655972337859 0.60793381969209125959 1.2715313131970078508 3.2994149174778071298 5.413025655531919611 12.828238344214160094 9.9003008204705107431 4.1037979456894628782
nan nan nan nan nan nan nan nan nan nan nan nan nan nan nan nan nan nan nan nan nan nan nan nan nan nan nan nan nan nan nan nan nan nan nan nan nan nan nan nan nan nan 0.11534076347838347065 0.29894116032297080032 0.8913481827479409203 2.3392691975164878748 5.6250314905090368356 7.9436926858978980093 12.756504701517526357 8.3508176530453113173
nan nan nan nan nan nan nan nan nan nan nan nan nan nan nan nan nan nan nan nan nan nan nan nan nan nan nan nan nan nan nan nan nan nan nan nan nan nan nan nan nan nan 0.063196054356342401537 0.21727191271656126625 0.60549853997991620602 1.6420008998485093876 4.0794118148605189589 6.2160016129927839756 12.896075642271158657 11.03800429810224415
nan nan nan nan nan nan nan nan nan nan nan nan nan nan nan nan nan nan nan nan nan nan nan nan nan nan nan nan nan nan nan nan nan nan nan nan nan nan nan nan nan 0.027805172137330410459 0.10782687154581188649 0.32669313783140535579 0.85054782725832489554 1.8813817115764730481 1.5628867415068707913 2.6806172558861107724 4.8047795902357606224 13.074081441542775295
nan nan nan nan nan nan nan nan nan nan nan nan nan nan nan nan nan nan nan nan nan nan nan nan nan nan nan nan nan nan nan nan nan nan nan nan nan nan nan nan nan nan 0.26382925474815155376 0.77521664770968135016 1.7235216788165030888 1.8706727051446156995 6.2763975960686790856 5.3713881397454628086 8.211591586359748618 9.6746539312976995717
nan nan nan nan nan nan nan nan nan nan nan nan nan nan nan nan nan nan nan nan nan nan nan nan nan nan nan nan nan nan nan nan nan nan nan nan nan nan nan nan nan nan 0.66889710164143689752 1.7675911868181715114 3.912786557303558066 5.9377224967053603422 5.3002136360647904567 5.1719735269086992702 2.5291599809277225397 3.8783153628112887468
nan nan nan nan nan nan nan nan nan nan nan nan nan nan nan nan nan nan nan nan nan nan nan nan nan nan nan nan nan nan nan nan nan nan nan nan nan nan nan nan nan 0.57410474119332122189 1.052202370342774973 3.2559133521961225455 8.2525583887616296153 8.6724609280119846488 6.3887981028790692406 2.6529952449342757426 3.1199395619986622918 2.022309031773851018
nan nan nan nan nan nan nan nan nan nan nan nan nan nan nan nan nan nan nan nan nan nan nan nan nan nan nan nan nan nan nan nan nan nan nan nan nan nan nan nan 0.69234955345053872389 1.2881051500960560841 1.8699632024590426838 4.3634953518984005427 10.035618414178831159 15.983874366892136365 9.6856509962435897165 4.4981641311864706267 3.1680547978253423835 2.5498721570392293145
nan nan nan nan nan nan nan nan nan nan nan nan nan nan nan nan nan nan nan nan nan nan nan nan nan nan nan nan nan nan nan nan nan nan nan nan nan nan nan nan 1.669580979899825568 2.6594147678882560371 3.0431914281664256272 5.1378000201241196265 10.067924628638634132 10.33534290198513439 11.536231652815258641 5.5555163844774488879 2.9857429068516063708 3.4868163182931044553
nan nan nan nan nan nan nan nan nan nan nan nan nan nan nan nan nan nan nan nan nan nan nan nan nan nan nan nan nan nan nan nan nan nan nan nan nan nan nan nan 3.4576403265026556255 4.3840576469424155093 4.2137711332275609166 4.7680110734748382129 5.7746228937634844769 5.0057129711743488798 5.6867147889190352572 4.3993217271900943999 2.8283070952692708211 2.4637488415795898433
nan nan nan nan nan nan nan nan nan nan nan nan nan nan nan nan nan nan nan nan nan nan nan nan nan nan nan nan nan nan nan nan nan nan nan nan nan nan nan 2.7561566307923621721 4.9287573136974929255 6.4590368807466367329 6.9574031563936253875 5.258415451481421421 3.6659011010749456005 2.3298633486458473207 2.1279440453324940385 1.7978563374279004083 1.37479808870178144 1.2593177014577683348
nan nan nan nan nan nan nan nan nan nan nan nan nan nan nan nan nan nan nan nan nan nan nan nan nan nan nan nan nan nan nan nan nan nan nan nan nan nan nan 2.4972396388336752793 6.5479083948712579755 9.1878043643599234258 9.8376576649346727521 7.9220122340677692208 3.9885274689108163315 1.7017739059174681326 0.88047146538323994847 0.61481999101762885296 0.43091026250978864409 0.52161078117738968185
nan nan nan nan nan nan nan nan nan nan nan nan nan nan nan nan nan nan nan nan nan nan nan nan nan nan nan nan nan nan nan nan nan nan nan nan nan nan nan nan 6.120828232182801365 10.294206026293576173 10.18527371755885369 8.7922057663515928994 4.1570539763979219572 2.0466909700365003566 0.90346345337602995684 0.3745762561919775413 0.24630670365697296398 0.25149000366923202066
nan nan nan nan nan nan nan nan nan nan nan nan nan nan nan nan nan nan nan nan nan nan nan nan nan nan nan nan nan nan nan nan nan nan nan nan nan nan nan 2.0439366357196173674 4.4872155817231211827 7.0811373614288308787 8.9983177910540863564 6.1327997594343166554 4.3447121179157095483 3.1087947929220338672 0.96070892486380465858 0.91357964523753520947 0.69255655437505847516 0.84867841350670025768
nan nan nan nan nan nan nan nan nan nan nan nan nan nan nan nan nan nan nan nan nan nan nan nan nan nan nan nan nan nan nan nan nan nan nan nan nan nan 0.44808346896932166326 1.2713239764401029763 2.5835931587197809023 3.7509685460516135613 4.2452006919581606326 3.7539311786060793885 4.8536061394663017055 4.7975126078902317062 3.6517892257400785816 2.9587595148853553795 2.6534537535521223184 3.0114367351609154788
nan nan nan nan nan nan nan nan nan nan nan nan nan nan nan nan nan nan nan nan nan nan nan nan nan nan nan nan nan nan nan nan nan nan nan nan nan nan 0.30613393820333595352 0.66307618237776932979 1.029053914387250579 1.39050697559133285 1.7987302758742282904 2.7697003631887682218 4.6608988441969998462 5.4993113251743537262 6.0631482396936853263 8.0278546043403373744 7.1418339368771217579 4.3460322485790072733
nan nan nan nan nan nan nan nan nan nan nan nan nan nan nan nan nan nan nan nan nan nan nan nan nan nan nan nan nan nan nan nan nan nan nan nan nan nan 0.36841394249064784994 0.60438924628844425957 0.67040012104922674929 0.60592808999123537461 0.8140685970517087533 1.5379545541357892979 3.1774710878070138165 5.5781563501465214472 8.2471538744170072022 13.595692499890045468 14.88655932538367388 11.323034631032236064
nan nan nan nan nan nan nan nan nan nan nan nan nan nan nan nan nan nan nan nan nan nan nan nan nan nan nan nan nan nan nan nan nan nan nan nan nan nan 0.71511611200905011998 1.1069240241272371161 0.88246150585438132286 0.57300054754692442138 0.42744984057247698006 0.90368508658101220909 1.8238986124997171867 3.5686703372187840166 8.188638965680537396 14.370102635137657288 20.904616594966423548 15.415594449152504097
