src/SDSim/tmp/apis13
ncols        196
nrows        122
xllcorner    -12.166618000000
yllcorner    34.999860000000
cellsize     0.083333000000
[rows 22 to 43 of 122, columns 0 to 49 of 196]
nan nan nan nan nan nan nan nan nan nan nan nan nan nan nan nan nan nan nan nan nan nan nan nan nan nan nan nan nan nan nan nan nan nan nan nan nan nan nan 0.50585702790408748619 nan nan 0.17471778390693021299 0.1442027539127525293 0.087774854797980625398 0.089661992777674628941 0.22132455178468218859 0.42070047228906587433 0.51065794593604230123 0.42998651006651034123
nan nan nan nan nan nan nan nan nan nan nan nan nan nan nan nan nan nan nan nan nan nan nan nan nan nan nan nan nan nan nan nan nan nan nan nan nan nan 0.79517579832473150869 0.96206780915878642446 0.84569972568988072137 0.54574165149702580369 0.38934551438145348357 0.26956637250677645268 0.16782920793893338351 0.15169111742140620191 0.20063631984241406259 0.3144514747436289448 0.37477277492287541794 0.35284461309292636244
nan nan nan nan nan nan nan nan nan nan nan nan nan nan nan nan nan nan nan nan nan nan nan nan nan nan nan nan nan nan nan nan nan nan nan nan 0.36888762416832415747 0.69856719776899867114 0.97838862211040578121 1.1559435046689876536 1.0012468426692866519 0.80406722760959714602 0.60979025793777330566 0.34208398783785437525 0.23847144604967188131 0.18552429457594379891 0.21020491590027096107 0.25835419982251284221 0.30889427733534458032 0.3641117198751118722
nan nan nan nan nan nan nan nan nan nan nan nan nan nan nan nan nan nan nan nan nan nan nan nan nan nan nan nan nan nan nan nan nan nan nan 0.16652347201613632022 0.48867313126518929778 0.78233956214084676706 0.96725981194826127219 0.98630195997405945008 0.98752928264344375098 0.7473085513493212817 0.6329670991439551031 0.53156300315895044228 0.3775503661680343348 0.27697880213922554393 0.27789965048632114808 0.34868110244186140134 0.40533386285686073824 0.45434753636188274228
nan nan nan nan nan nan nan nan nan nan nan nan nan nan nan nan nan nan nan nan nan nan nan nan nan nan nan nan nan nan nan nan nan nan nan nan nan 0.74630315046515449673 0.90198810310534538459 0.88585671156359357958 0.78843228910379581365 0.79840304343289703048 0.72836043733213462481 0.7032947506168806262 0.60165971450796107423 0.51985155724487863704 0.51182018326595690727 0.58139411729947398921 0.71648399316055111363 0.61567863203561956631
nan nan nan nan nan nan nan nan nan nan nan nan nan nan nan nan nan nan nan nan nan nan nan nan nan nan nan nan nan nan nan nan nan nan nan nan nan 0.55242772932575368028 0.8856961238931871927 0.81690026394791159792 0.80404036365179065715 0.73811939188286912472 0.74456646658060809951 0.7580945393148852407 0.75628488617283184947 0.80300377548572543507 0.68828428123043394748 0.70173601302101051846 0.77657552571199306435 0.80600363914664907572
nan nan nan nan nan nan nan nan nan nan nan nan nan nan nan nan nan nan nan nan nan nan nan nan nan nan nan nan nan nan nan nan nan nan nan nan nan 0.44028202333145122216 0.75622111711014305957 0.79367762068380964813 0.71713188408202088731 0.526094152779063573 0.66836826039511620934 0.74474159347138857434 0.78118109732645812926 0.80387348547439763102 0.74544978337670597668 0.63349225103247375213 0.5579168989899868647 0.4934225193372795415
nan nan nan nan nan nan nan nan nan nan nan nan nan nan nan nan nan nan nan nan nan nan nan nan nan nan nan nan nan nan nan nan nan nan nan nan nan nan 0.43833093276946299977 0.52059543219907156164 0.43879589962807169501 0.43154420620550998366 0.47911383213479286081 0.68488801955976708058 0.71505186024320799287 0.51694622549820234969 0.64989989947261384007 0.55466753506438326582 0.37389656502242585301 0.27135047876403217693
nan nan nan nan nan nan nan nan nan nan nan nan nan nan nan nan nan nan nan nan nan nan nan nan nan nan nan nan nan nan nan nan nan nan nan nan nan nan nan nan 0.28358916981269965962 0.34623212081558885078 0.49998813103695199933 0.60929026579715694911 0.54663053053798305037 0.47380176890248998367 0.23350004153849290844 0.36500490071998709096 0.31077145602183953166 0.21613259410573149033
nan nan nan nan nan nan nan nan nan nan nan nan nan nan nan nan nan nan nan nan nan nan nan nan nan nan nan nan nan nan nan nan nan nan nan nan nan nan nan nan 0.22395445452351747662 0.38271520612413367779 0.56515503786248100226 0.83925001118491227015 0.75258766243295116549 0.39682461617516262553 0.25891905686995153602 0.30708593112777959888 0.30626665169778222175 0.24945446517435146405
nan nan nan nan nan nan nan nan nan nan nan nan nan nan nan nan nan nan nan nan nan nan nan nan nan nan nan nan nan nan nan nan nan nan nan nan nan nan nan 0.066925627704720797029 0.26399700988508900679 0.48335736584750971234 0.90866854672393226888 1.1416923102799234613 1.16605565818738377 0.54670299506501063291 0.33354799087824116288 0.39429561117781686264 0.38720916661809928749 0.50799077863405539546
nan nan nan nan nan nan nan nan nan nan nan nan nan nan nan nan nan nan nan nan nan nan nan nan nan nan nan nan nan nan nan nan nan nan nan nan nan nan nan nan nan 0.70233641740684749077 1.2106080410434694183 1.6320538197607592501 1.7038992656353928457 0.70101541500585429212 0.50453564572730891236 0.48476838227186008767 0.94001565764152339444 0.64259278915634621132
nan nan nan nan nan nan nan nan nan nan nan nan nan nan nan nan nan nan nan nan nan nan nan nan nan nan nan nan nan nan nan nan nan nan nan nan nan nan nan 0.19988973825414058094 0.45771530534481974506 nan 1.7182852425979429078 2.6520032378863804823 1.9756122500810999743 1.4700969974285844621 0.63445561558979757244 1.0747631387953737736 1.2383069390254866082 0.74524854110030114285
nan nan nan nan nan nan nan nan nan nan nan nan nan nan nan nan nan nan nan nan nan nan nan nan nan nan nan nan nan nan nan nan nan nan nan nan nan nan nan nan 0.80750443187761744568 1.6215233862347817606 2.7548932258607168322 4.185280722005720655 3.6007323826180646087 2.5394707802220723991 1.8372683384493520009 1.8541589759180587826 0.96091435265747382477 0.6011337927862869801
nan nan nan nan nan nan nan nan nan nan nan nan nan nan nan nan nan nan nan nan nan nan nan nan nan nan nan nan nan nan nan nan nan nan nan nan nan nan nan nan 1.0841863212720332932 2.2735822535928491561 3.8881796068601151006 5.3951237633723501119 6.0291777187626420798 3.2944179776732882559 4.3631273234082765811 1.5966567795528294749 0.51591928659192898277 0.19825344813459672144
nan nan nan nan nan nan nan nan nan nan nan nan nan nan nan nan nan nan nan nan nan nan nan nan nan nan nan nan nan nan nan nan nan nan nan nan nan nan nan 0.63304515198674615739 1.6371717485404251313 2.8968031558208062748 4.6190592652436137655 6.151728043839459481 5.2410310070336212362 5.4543867443080067403 1.5221562378334829724 0.63828316492175374286 0.20776734121069201366 0.098800597070280715695
nan nan nan nan nan nan nan nan nan nan nan nan nan nan nan nan nan nan nan nan nan nan nan nan nan nan nan nan nan nan nan nan nan nan nan nan nan nan nan 0.77138806465074705176 1.7302245596072962641 3.2264344594231522123 3.8052510956309952839 3.8035185851777075783 3.8690642218511759332 2.498901798898601978 0.93871640925967658742 0.52362314374974161524 0.29410673766926642703 0.21229542204527471205
nan nan nan nan nan nan nan nan nan nan nan nan nan nan nan nan nan nan nan nan nan nan nan nan nan nan nan nan nan nan nan nan nan nan nan nan nan nan nan nan 2.066386199140120894 3.3256014161342934976 3.6067828507397687865 3.8680625223044602379 7.5305579975153174033 5.4118801510931060506 2.5151127121184964075 1.4413986068042496935 0.49827371634454548088 0.18509606444124399038
nan nan nan nan nan nan nan nan nan nan nan nan nan nan nan nan nan nan nan nan nan nan nan nan nan nan nan nan nan nan nan nan nan nan nan nan nan nan nan 0.83204809751431552112 1.8182387646041440199 2.791600100082273439 5.4599045044807406057 6.9423870044421720493 7.2318205600171143743 7.3782356210136557095 3.0789513828935670681 0.8075849150012142097 0.34595361627583087749 0.18829111494845360286
nan nan nan nan nan nan nan nan nan nan nan nan nan nan nan nan nan nan nan nan nan nan nan nan nan nan nan nan nan nan nan nan nan nan nan nan nan nan nan 0.76619662108098285369 1.6624220125759467948 3.0490220356736310592 4.4253150428981733455 4.6345785869522462264 6.5136281291823916462 5.2566821137277717213 3.6900409947881445127 1.392650066730275249 0.62237851316096004517 0.86848477439783278164
nan nan nan nan nan nan nan nan nan nan nan nan nan nan nan nan nan nan nan nan nan nan nan nan nan nan nan nan nan nan nan nan nan nan nan nan nan nan nan nan 1.3795568634707597866 2.872247721182273672 4.1287123169315007587 5.9832136314472759153 7.00931221530773918 6.6318782338701085521 4.5478706037287119912 2.932066069613675996 1.6100152069507083219 0.34170282166069326779
nan nan nan nan nan nan nan nan nan nan nan nan nan nan nan nan nan nan nan nan nan nan nan nan nan nan nan nan nan nan nan nan nan nan nan nan nan nan nan nan 0.87813052548860370816 1.894221373152160437 3.8741296486108169894 5.2307839208068287462 6.5544667597558445848 4.4822913342546941706 4.2837886855664022434 4.4285468456548251481 1.5708830705035763398 0.93000959376051473004
