src/SDSim/tmp/apis17
ncols        196
nrows        122
xllcorner    -12.166618000000
yllcorner    34.999860000000
cellsize     0.083333000000
[rows 88 to 109 of 122, columns 100 to 149 of 196]
13.646785647561447519 12.066959142273717021 10.129601025528458536 5.4308993893762336214 2.4155663731971266373 3.8478697148990708143 6.0898653712714327924 9.7959766836315260718 12.717203928617099251 6.7724300920391664604 3.3870143694732894879 3.2527432091098860134 4.2336850533056438195 3.4756583510663747738 2.8673801206152553789 1.9300837823277827709 0.95250034542499595336 0.54206141997080592443 0.29173184617810221653 0.1914091962561045579 0.22971187969360723491 0.30664365311081986931 0.53717827838800014106 1.4148817133939717294 2.0193505126922359771 3.4066781069444762586 4.4923660510003333712 6.8941169932825623334 12.808778845889920106 15.650058735014489741 16.10944339370942302 22.665494738630293625 38.791971951703139609 66.686972708543109434 80.921663746948766516 67.969514813790638641 nan nan nan nan nan nan nan nan nan nan nan nan nan nan
8.3969176050079443741 7.9237548401966364509 7.1652071112489057469 2.8185997671871367842 1.3614974072655947612 1.977841783978740553 4.1733610902255282582 5.9558824318801359965 11.24671873905944075 15.715422260959110545 8.1957657303095814427 7.3685879884153209218 7.3042810373653663802 7.1556887248796821055 5.7402567271887328104 2.7605394424515150575 1.4099123093620204994 0.70248675562526030625 0.29663979618842556407 0.1653892304890401399 0.19784925990444673927 0.23641888115658848957 0.69003688682822750255 1.760999835927061552 3.1637536032045225909 4.1390912394435082078 4.4290888896127285079 7.3976694240491571719 9.0775108638495893842 10.274775370911372718 12.580975390706832684 18.469579498696596431 32.731585365263967446 54.208175550364188666 65.884604758695488158 nan nan nan nan nan nan nan nan nan nan nan nan nan nan nan
2.8216768581085487355 3.1451517139291653713 4.0392813651870804748 2.1505181465832095 1.3291548129236909759 1.9263666043776956904 2.70833045418081797 6.0255489297148940864 11.915405445533211903 14.291325170574850745 12.240488408015229638 11.277794142529666388 14.956980047374131004 15.206844734183997403 7.5523635727750217939 3.2588108224495688781 1.0547535488008403792 0.52806682285863726367 0.26191907875183645382 0.20238805392649009129 0.39315270037665517311 0.7364420950006547173 1.1687713209725161256 2.7666003987771707884 4.6554946495789826244 7.1384552866534045634 6.5299820632544340882 5.2061247196759676825 3.8421902946249089084 6.1673421521979561177 7.2589660279592855829 13.324575729050502915 23.492064800220791909 43.949421755556016933 39.792625617849985531 31.815902232810479688 7.7457149848884849774 nan nan nan nan nan nan nan nan nan nan nan nan nan
1.6849238207583632221 1.7214982469466484361 1.7842425876915308791 1.3716819077082913481 1.1500500257573607055 1.6688524598334828486 3.2480124052500354281 5.5150627138870831345 7.5396195388038176333 15.978043180672845125 19.024860977495002601 13.892570909981495575 15.967071984388809369 13.387058709816066937 7.689384910290455899 3.6871114272952199009 1.4925100251662744011 0.63156338832096547975 0.39602427583830657198 0.40274032585498914516 0.73064212246066984058 1.7061296536836036974 3.6178777518453957285 6.3860650115892951817 12.80320775041516157 12.547431507327612366 9.5826976896304554288 4.1445081585766097021 4.1298068277372204093 3.4307286527711013946 2.8366361112929130428 nan 10.7149468469155007 nan 23.668111655622368517 nan nan nan nan nan nan nan nan nan nan nan nan nan nan nan
1.4117860034925144852 1.4124590045326412824 1.5013813277234571153 1.2396905009706822298 1.1373786894174893192 1.2126648909667945286 1.9705285286084281982 4.3163102962893651338 7.819374683025422712 8.4869126928711544622 7.1080432142103244786 6.5278779714876700169 10.880840136120383477 8.4877431772638676222 4.641946656878097599 2.4229528099876374014 1.4897901884293329733 0.99336020466277941132 0.91115060763106037189 1.5199263056723899545 2.7484612267302224176 6.5186291737549710845 10.93044146029799002 18.814687337877952444 21.844214735863449306 21.095757856243238848 14.129797593212838791 6.0831887385071654606 2.3499349258290296305 nan nan nan nan nan nan nan nan nan nan nan nan nan nan nan nan nan nan nan nan nan
1.8490643953389085397 2.8686247924249128616 1.7561414924226503853 1.5019467391181093863 1.0938214258557106273 0.91230909461340392586 1.496526247072885063 3.0146628713311693915 4.7866249043642499217 3.6297623652666639593 2.7461255647539637437 2.0435909776213723177 3.4106852928868285346 4.472005682598202192 3.4987738568908919312 2.5556874725480218657 2.5428172781798190627 1.8530926787227008923 2.0513904527955566515 3.4835151403973019235 6.6854837844369381372 12.289004461063255391 19.104468336611798662 24.683455609560123634 27.619555880677282289 23.554435082279344016 11.85425771026443087 nan nan nan nan nan nan nan nan nan nan nan nan nan nan nan nan nan nan nan nan nan nan nan
2.635910940660282975 4.4266537100039329289 4.1129141789535994533 1.8596688072766061062 0.96464548130333094278 0.83074424432251325889 1.0085683847959601156 1.6646632393690365959 2.0537426011560726558 1.7245661470467326115 0.85699660433066804366 0.63739665281303747868 1.156997300738020984 1.7599588702011863539 1.7176158704792567899 1.479104493702682932 1.7770233380779993926 1.5181521514285265528 1.5693805356992482913 2.9644513935913523461 6.8015615600619279135 12.540380118660200637 20.128763788121982969 22.414442267589937074 20.738090858245733727 14.630372867317900543 nan nan nan nan nan nan nan nan nan nan nan nan nan nan nan nan nan nan nan nan nan nan nan nan
5.8755307270607817216 5.8424351609642792837 5.6843674317849313127 3.4644690043525221412 1.5674698077008937247 0.85645292090953417663 0.54424067088586391971 0.67330794063154286722 0.7771075907484833456 0.80148177472868709081 0.84756807302166070617 0.9681505030515409338 1.0138519172079463182 1.2804963164682545695 1.3423766329418695964 1.2020487847549874427 1.3349054775108462056 1.1514171250172167138 1.5753354976083679961 1.9953971523028961599 3.7428841095211824452 9.5704758843599808671 13.688685316940919279 14.962650196535713931 10.408669661082043945 nan nan nan nan nan nan nan nan nan nan nan nan nan nan nan nan nan nan nan nan nan nan nan nan nan
5.494104448653486017 6.6350134660857360558 5.9365362606662639422 4.1108570563530388853 2.0797002544086646836 0.79073545203635708933 0.30144314407009731305 0.16477721785330329274 0.29775734383027041563 0.4653834012201112369 0.72688159019431519692 1.8842653909638893417 4.0347127612391862073 5.9770358211619694089 6.4119606271347455717 6.7390520407237888278 10.565504069164632028 7.4331141053004152752 4.0632733670599163744 3.0789316273924383083 3.2188405949360046066 5.4607314267958830811 8.6562705365546737113 6.5184194742520826793 nan nan nan nan nan nan nan nan nan nan nan nan nan nan nan nan nan nan nan nan nan nan nan nan nan nan
3.7820497349708364077 5.3528237170897261521 3.9664401022743507319 2.7103122974287767732 1.1454529014264343001 0.36442117470396390155 0.22503124501165833182 0.13565848863230622889 0.26756227164484658321 0.507935525183732417 0.72805804227304149467 1.1299117688879527499 4.0040484452279265781 8.6441201458969842975 22.82022612011336804 35.335737644952246228 32.226252871966067914 22.080859951110944905 9.17879313668292518 3.7733703755887049169 2.5235956971289672524 2.9149675847284313157 2.6261448141161478631 2.5061269773142327288 nan nan nan nan nan nan nan nan nan nan nan nan nan nan nan nan nan nan nan nan nan nan nan nan nan nan
1.6737763120529380867 2.0346476147368997012 3.2839700448979933789 3.7494832534636532984 1.9152309371716498276 1.0714246514678511524 0.59736324593554068763 0.82135857075888984991 2.0539394050578216877 6.2994118820469866549 4.7966220818439690987 5.2414111304303299121 12.616813587677828679 19.939537933813461734 46.305475066276571283 72.447797128845365933 41.02219792165009693 21.965389329526693984 9.1724559204984181804 3.4527734813134118852 1.5309050172374911725 1.2334802031684353185 1.1035717760191672276 nan nan nan nan nan nan nan nan nan nan nan nan nan nan nan nan nan nan nan nan nan nan nan nan nan nan nan
0.99135716750138336284 1.6531326650339599471 2.3995975830915226013 4.4240989066264955198 2.7161493593086496467 0.68524042467065282569 0.64527208703557148439 1.509090587552021967 4.1281442345438170705 11.995283410257494339 24.284232279436025692 20.355431706913975631 42.944834222868159657 70.558209184365324518 72.738833302047680718 51.291510049429945184 23.327386832526265437 nan 3.6812619034329583378 2.2498457898764607776 1.0421414634973027447 0.51833865765521880409 nan nan nan nan nan nan nan nan nan nan nan nan nan nan nan nan nan nan nan nan nan nan nan nan nan nan nan nan
1.4489927978803187614 1.7017600370085184114 2.2354314061774767097 1.8034507900541079106 1.9196735861169471615 1.2587848692565242192 0.86121530357936115774 1.5903589481669064831 4.5319516400422710234 10.423468364739308711 15.726348538676582223 27.096061345918204921 41.395593898948874312 46.314565722892062638 nan nan nan nan nan 0.94549838435165700634 0.51120649102237047945 nan nan nan nan nan nan nan nan nan nan nan nan nan nan nan nan nan nan nan nan nan nan nan nan nan nan nan nan nan
nan nan nan nan nan nan nan nan nan nan nan nan nan nan nan nan nan nan nan nan nan nan nan nan nan nan nan nan nan nan nan nan nan nan nan nan nan nan nan nan nan nan nan nan nan nan nan nan nan nan
nan nan nan nan nan nan nan nan nan nan nan nan nan nan nan nan nan nan nan nan nan nan nan nan nan nan nan nan nan nan nan nan nan nan nan nan nan nan nan nan nan nan nan nan nan nan nan nan nan nan
nan nan nan nan nan nan nan nan nan nan nan nan nan nan nan nan nan nan nan nan nan nan nan nan nan nan nan nan nan nan nan nan nan nan nan nan nan nan nan nan nan nan nan nan nan nan nan nan nan nan
nan nan nan nan nan nan nan nan nan nan nan nan nan nan nan nan nan nan nan nan nan nan nan nan nan nan nan nan nan nan nan nan nan nan nan nan nan nan nan nan nan nan nan nan nan nan nan nan nan nan
nan nan nan nan nan nan nan nan nan nan nan nan nan nan nan nan nan nan nan nan nan nan nan nan nan nan nan nan nan nan nan nan nan nan nan nan nan nan nan nan nan nan nan nan nan nan nan nan nan nan
nan nan nan nan nan nan nan nan nan nan nan nan nan nan nan nan nan nan nan nan nan nan nan nan nan nan nan nan nan nan nan nan nan nan nan nan nan nan nan nan nan nan nan nan nan nan nan nan nan nan
nan nan nan nan nan nan nan nan nan nan nan nan nan nan nan nan nan nan nan nan nan nan nan nan nan nan nan nan nan nan nan nan nan nan nan nan nan nan nan nan nan nan nan nan nan nan nan nan nan nan
nan nan nan nan nan nan nan nan nan nan nan nan nan nan nan nan nan nan nan nan nan nan nan nan nan nan nan nan nan nan nan nan nan nan nan nan nan nan nan nan nan nan nan nan nan nan nan nan nan nan
nan nan nan nan nan nan nan nan nan nan nan nan nan nan nan nan nan nan nan nan nan nan nan nan nan nan nan nan nan nan nan nan nan nan nan nan nan nan nan nan nan nan nan nan nan nan nan nan nan nan
