src/SDSim/tmp/apis3
ncols        196
nrows        122
xllcorner    -12.166618000000
yllcorner    34.999860000000
cellsize     0.083333000000
[rows 92 to 114 of 122, columns 51 to 101 of 196]
9.0532590944374842223 9.1606457646399501726 3.584255928337054975 2.7984011806710840098 2.8475690445780772464 6.6274605258692620424 9.8317945252557077396 17.13329490869504923 32.984612703603851003 12.18800712890052651 3.3386217535900231113 0.40139939204582580912 0.018311211961996153724 0.0042025055849703070454 0.087099517806145249077 0.68691099698191826484 1.3031565545128585004 1.8248440969810599821 1.3079162459694329002 1.1272656433401886389 1.2061230832887073205 1.4144539931439339409 0.95552609942666133502 0.47315448360727607735 0.069212108443825040571 0.010185668954976724587 0.0049090862808002198869 0.0031089505360152439907 0.0011684140613264751458 0.00063576771715749265217 0.0054094986319212900322 0.016356920839605146312 0.039653939467583422529 0.23426921236908657131 1.5759577756032048246 7.1145215701960449195 8.3287635695217900889 7.540402173783869344 3.1199330228521087172 6.2717983645513735169 16.852964092622784165 6.7023336226764040902 1.0398154804154640107 0.13269548739310851881 0.017812786235676825869 0.14245952323156782504 0.97614840822215775962 1.7091782230580354618 3.4544654492418875869 2.7869817192790908855 2.1848919741667995886
2.8257676369195947608 4.1115394635761264297 9.5966311417676006812 9.6366933997878003737 9.973588077024478693 7.7057287718051021841 21.067615379701528866 23.185743848282811541 18.761277565061558192 16.932428210083894982 3.7436323113880241031 0.43168221251625471524 0.020579064485159788422 0.0068578667586201569328 0.15190017185681697898 1.2564923546509678687 5.5146087514248440797 7.2899343538418204247 5.5482182438010108072 2.5114729896497980377 5.2623153231394059759 5.7064559819905946725 4.2286813382953223339 0.96196725726793097522 0.22516328715986144715 0.12742303328715254285 0.10207940829064417187 0.053162226530382425405 0.020448501083571012094 0.0047462111380982127326 0.018080004564778262566 0.12101947307131363796 0.23933174440759419355 0.42271677892903725127 1.0328255678163766884 1.8676565184666713559 2.4092998351324994566 1.8731901688171839204 2.1253523293117564386 5.8632649919952131157 6.4578407346002446587 4.8028117933422267427 1.1432693318567934693 0.10726745200125241408 0.0082317739619338654161 0.042056631622942333704 0.13958492686671980509 0.41462227084780028941 0.66087903096594813324 0.85944535092246843178 0.87103222813756864262
1.0767127883688694112 5.224299696095703105 12.500977377045972005 24.543834598528395219 10.347716292422537876 7.2278699635188630168 9.0035135768563812064 16.815195694677868232 24.435338301113368686 10.24125609188008923 3.4021836759899501956 0.40788865724726536266 0.019311887407704394354 0.0076989752768878757377 0.18483243321303027829 1.7231747538360007166 7.0397235628063814517 17.585152374117654972 7.4005845155620795239 4.2370689197474478149 7.3403689560408915682 13.808053085309511587 4.9707831408093090531 1.6693069130848960935 0.91741335597142559255 1.0680832795955159664 0.78959525596158341987 0.42201443268055449654 0.10633843739677963092 0.058212141394444791298 0.072510765273659252839 0.25934990891830533855 1.0735471358262818065 1.2439133792903729336 1.2760608503868935415 0.48091674658681998755 0.32528568011746394895 0.38825734050526272689 0.89566004769637252991 1.420757920965416643 1.7695912243589495549 1.2616955171924009171 0.60425543133363157633 0.094283204266044279285 0.018463855091260111818 0.014256565651476102788 0.032915005428424098932 0.059424875848394530242 0.15356349923334172702 0.70553355069687384571 1.662347065794084644
1.0386386816790300625 4.3053283579805086134 15.335673711246037954 12.26478958065530378 8.9199678391282652967 2.949900342174986978 3.3098491171733668281 7.6328740521898152949 8.4506791500438307452 6.8331270556641579006 1.8175462840851730473 0.2667185676301652153 0.01233061184420117945 0.0066863244996469466466 0.15918148951448310435 1.3183315355069560315 5.9574993421473676491 7.8647276219545583231 9.7858171647184502007 7.8283658456874212206 8.7627509315565497161 5.55886055653886757 4.1610531841358193716 1.7791039402209962716 3.657686659571881993 4.2441451629402262569 3.5952124053589158414 1.046035594012947767 0.47060689538529992815 0.43600448531185870271 0.40119358042517477836 0.52956479634678788049 1.3589051931357414293 3.5919208460985196929 1.2760827108288361753 0.38531733779930937844 0.12322483244465304297 0.68025722667469956662 1.3867179741282877892 1.9865233619153999101 1.5733395928285112131 0.85948903369406615127 0.33327163283665683924 0.26560732442306805856 0.23029833185669740248 0.15317533300324259748 0.12816307425336201375 0.08093402634817405128 0.25428325907479920609 1.8118659709254085755 6.8752741358310025532
0.73318386364465604199 3.5970664084878647415 5.2264197310874855873 4.9729215036184237775 2.4053090551269100672 nan nan nan nan nan nan nan 0.00589086657503156471 0.0045573941451569699793 0.077656977046022035438 0.59731206784382873121 1.2950309841707008385 3.1650184412512434307 7.2139362840867216065 15.457032754820033915 6.6823884633915069386 2.7578146684393112231 1.3341090032582305636 1.728504412872899243 4.2694229181406280205 10.730217671593326401 4.1947692931400037963 1.7303352820637283305 1.4885311390159798872 1.8939649498841910624 1.5719780008823607265 0.60094610191259689724 1.29075976317733776 1.4693934486163320319 1.1572913117798551141 0.27219167397371391015 0.19439056966178863695 1.2862408762694739206 6.2446987268217846179 7.5117516376761290786 6.7812856613026246677 1.8292064357647259687 1.3487574958434978001 1.9987250416980817391 1.4794146466299153975 0.96599128937710010412 0.39133233349449542127 0.29383663334322168703 0.32192994870885216496 2.3472387024728407212 8.5372260680845126757
0.33776430962267356417 0.84427768891072396684 1.1930953860974324865 nan nan nan nan nan nan nan nan nan nan nan 0.026067169744712077872 0.079064820253851739174 0.28838783820313224071 1.1507203414238313943 4.5121057045906480809 6.0641336984308535918 4.7999820749222834593 1.7400267430632585519 1.3687274524455941282 2.3038295599913154454 4.9044614438516465071 4.9706271683090186286 4.9786401734123044704 1.962572011882927514 2.4582399270512622635 5.5398501547902458952 2.2145312366358238521 0.76072391209172252058 0.37590560147941148861 0.37651578011721137385 0.26413026241589837584 0.14309913866213624933 0.20846779000522827618 1.8915530302917229477 7.4467155273997009957 21.825829748411273101 8.1395039620849374273 3.8721899783124955619 7.6954552634113353449 7.9042880312152039579 4.8522640337776845598 1.1788267137905996673 0.8372650151775198335 0.23809128022462708318 0.24013524169297997823 1.5935100752114146339 7.4084565318888087049
nan nan nan nan nan nan nan nan nan nan nan nan nan nan nan nan nan 0.50373527867322986928 1.1628926357135231928 1.5976769808775728166 nan 1.7872628575755635794 5.3101649880847698881 6.1547439775919565719 5.642923519583993297 2.9510878192698219991 1.8762042757248529323 1.803949231961621491 3.212748977312365195 3.7011687058291578012 2.8645353483047331089 0.64151141257231003578 0.11828510521809539047 0.03994973717891001086 0.033231716888345794181 0.024576035155042440239 0.16265502090847308581 1.2346881449002393705 6.3834730840668933993 7.2948515468511176962 7.0393188257785865858 3.6907387580907387026 10.149620149175042627 30.304431121604356036 10.942168944630665806 2.8905113303609764053 0.29924445136011851298 0.15846263602851118346 0.13795158400363491391 0.6413811954758614764 1.1336971412108434176
nan nan nan nan nan nan nan nan nan nan nan nan nan nan nan nan nan nan 0.23485105632648056728 0.63537264454652275791 1.3041235089276994596 3.1068580772107279309 6.46827906393174068 16.142108004914714314 5.8417251845770410412 1.65980256273750304 0.563258015608806617 0.82272260710470079825 2.065637652246754552 4.6547442278058595022 1.7761738365259125416 0.49946858650514636135 0.052312447234050166167 0.0044673756513838418225 0.0013058385929377994746 0.0049851851714019226533 0.076206094894471276824 0.66355796206906736412 1.2501685793482655296 1.9004929025702193002 1.5042493175441788988 2.3513385251141913912 6.8566585470827865478 11.795206193331761568 9.6450594521617531996 2.1293515418425710273 0.36947815779668630176 0.042859202954104086425 0.043226414706095561691 0.066724517669252039753 0.15492096841887587066
nan nan nan nan nan nan nan nan nan nan nan nan nan nan nan nan nan nan 0.17225737919110634122 1.0533014248176020278 4.3886213775850739793 6.0800977074686777257 9.0196347749322072218 6.8666505761745693093 4.1968311087383423086 0.88927826127564413294 0.20299233297543811672 0.33844891583461678142 1.2832548054140509031 1.4153528084394750852 0.46660064800736095192 0.18011974450686352167 0.032349724075637714682 0.001752535559845951876 0 0.0014780859474207777571 0.029042208081799275599 0.072156935506651365131 0.15542073637068867797 0.1709285359531252102 0.23788684811312962863 0.75580573711218912436 1.8581524961283732988 2.6877733866876338809 2.0230705580195467164 0.89278151488599288843 0.14142663643381886418 0.016227296318847648365 0.0045137307183425179336 0.0067708685543780592828 0.0090487103474932127634
nan nan nan nan nan nan nan nan nan nan nan nan nan nan nan nan nan nan 0.13993767624936431782 1.4790632987163538914 4.7749324002970476855 11.795863833109400787 5.569196190267087232 2.7479698410338428971 1.138276977342590035 0.51354034692192263023 0.26470351904183331282 0.43423121278800214107 0.5135332278080803059 0.41089216597793332131 0.12933684103647041796 0.04826452919093002919 0.010152014843813412376 0.00053484997419973564006 0 0.00044594419895209257794 0.001484365309669569144 0.003877002996177537214 0.0060367111880827613313 0.0097858975766661401852 0.037171987715641362227 nan nan nan nan nan nan nan nan nan nan
nan nan nan nan nan nan nan nan nan nan nan nan nan nan nan nan nan nan nan nan 4.849598816270352053 5.9694536839645699899 4.1056385795791596749 1.0778812218505267051 0.32671146040215331974 0.52976665011223789126 1.0965943649762432965 1.481417897255308036 1.2900467350576430015 0.47870348207684770836 0.085325933404137993543 0.012205607316635740459 0.0028923778845232703955 0.00022746398756217563208 0 0 0 0 0 0.00074243922085564671622 0.00060718314193540631665 nan nan nan nan nan nan nan nan nan nan
nan nan nan nan nan nan nan nan nan nan nan nan nan nan nan nan nan nan nan 1.7369257259957180395 3.9308881923735854436 2.8079581185778828001 1.4104744592700586558 0.55333487457030061663 0.28863733702686783511 0.85240627051653639068 3.0177687072908598864 4.2021764918146979895 2.9854396932402615938 0.73680713435979539039 0.10184195197271786459 0.0056980632470867232167 0.00022218067625351354557 5.5170574132915588966e-05 0 0 0 0 0 nan nan nan nan nan nan nan nan nan nan nan nan
nan nan nan nan nan nan nan nan nan nan nan nan nan nan nan nan nan nan nan nan 1.8047277933760086377 1.4143907486841771348 0.48865127017788068109 0.5273045736560780794 0.87510073490466466772 1.9456751679399677535 3.6627885779341884387 6.3672857434188996351 3.2255512214319166375 0.85260856947871010991 0.091947307615046575124 0.0050241244193645756555 0 0 nan nan nan nan nan nan nan nan nan nan nan nan nan nan nan nan nan
nan nan nan nan nan nan nan nan nan nan nan nan nan nan nan nan nan nan nan nan nan 0.39840083258777492237 0.3340696636278898124 0.82260344753951986085 3.1151389144064074443 3.481327173668636199 4.8651615801946759277 3.0830528521685685028 2.4808417535030526935 0.64522242925000661273 0.08336785303612564979 0.0038323474029447811111 0 nan nan nan nan nan nan nan nan nan nan nan nan nan nan nan nan nan nan
nan nan nan nan nan nan nan nan nan nan nan nan nan nan nan nan nan nan nan nan nan nan 0.20804263185916768708 1.0271483625730593037 3.1062099204763446991 8.2069075254053363011 4.2486790422512976662 1.7995373396425131673 0.69352008302303491671 0.31150149295204687672 0.044671568743954497005 0.0026381545948565266434 nan nan nan nan nan nan nan nan nan nan nan nan nan nan nan nan nan nan nan
nan nan nan nan nan nan nan nan nan nan nan nan nan nan nan nan nan nan nan nan nan nan nan 0.76468416536170147335 2.5560831819055280789 3.0665864930818775846 3.1405454392637666139 1.0138098516333613475 0.18024200144759969233 0.044375289735179519746 0.013597156512010348181 nan nan nan nan nan nan nan nan nan nan nan nan nan nan nan nan nan nan nan nan
nan nan nan nan nan nan nan nan nan nan nan nan nan nan nan nan nan nan nan nan nan nan nan nan nan 0.96039167232096633864 0.8190193631625448667 0.38735545267250137691 0.078082476448225149324 0.0067334624530011582405 nan nan nan nan nan nan nan nan nan nan nan nan nan nan nan nan nan nan nan nan nan
nan nan nan nan nan nan nan nan nan nan nan nan nan nan nan nan nan nan nan nan nan nan nan nan nan nan nan nan 0.022912275090455246768 nan nan nan nan nan nan nan nan nan nan nan nan nan nan nan nan nan nan nan nan nan nan
nan nan nan nan nan nan nan nan nan nan nan nan nan nan nan nan nan nan nan nan nan nan nan nan nan nan nan nan nan nan nan nan nan nan nan nan nan nan nan nan nan nan nan nan nan nan nan nan nan nan nan
nan nan nan nan nan nan nan nan nan nan nan nan nan nan nan nan nan nan nan nan nan nan nan nan nan nan nan nan nan nan nan nan nan nan nan nan nan nan nan nan nan nan nan nan nan nan nan nan nan nan nan
nan nan nan nan nan nan nan nan nan nan nan nan nan nan nan nan nan nan nan nan nan nan nan nan nan nan nan nan nan nan nan nan nan nan nan nan nan nan nan nan nan nan nan nan nan nan nan nan nan nan nan
nan nan nan nan nan nan nan nan nan nan nan nan nan nan nan nan nan nan nan nan nan nan nan nan nan nan nan nan nan nan nan nan nan nan nan nan nan nan nan nan nan nan nan nan nan nan nan nan nan nan nan
nan nan nan nan nan nan nan nan nan nan nan nan nan nan nan nan nan nan nan nan nan nan nan nan nan nan nan nan nan nan nan nan nan nan nan nan nan nan nan nan nan nan nan nan nan nan nan nan nan nan nan
