src/SDSim/tmp/apis17
ncols        196
nrows        122
xllcorner    -12.166618000000
yllcorner    34.999860000000
cellsize     0.083333000000
[rows 44 to 65 of 122, columns 0 to 49 of 196]
nan nan nan nan nan nan nan nan nan nan nan nan nan nan nan nan nan nan nan nan nan nan nan nan nan nan nan nan nan nan nan nan nan nan nan nan nan nan nan nan 0.74118545768024746145 1.8102656259202769551 2.4562338134513859167 4.2152300521715249104 4.2744046252812886166 5.5967012952360803979 5.409782723051368869 3.4538428023957568058 2.3091935030402757079 1.7144743153555899173
nan nan nan nan nan nan nan nan nan nan nan nan nan nan nan nan nan nan nan nan nan nan nan nan nan nan nan nan nan nan nan nan nan nan nan nan nan nan nan nan 0.53545874421167927171 1.3298910128530507802 2.1356365126613101602 3.0214933194270034988 3.9821473041935955273 4.6935745493175025089 3.64259916262698491 5.1316096379801550142 2.5006998152660031565 3.1811857269168983819
nan nan nan nan nan nan nan nan nan nan nan nan nan nan nan nan nan nan nan nan nan nan nan nan nan nan nan nan nan nan nan nan nan nan nan nan nan nan nan nan nan 0.9275435545662302772 1.616317243161369932 2.4171984984034815547 2.2980838478336349517 3.0666969091063958075 3.1337062315514727651 5.1882294047537733661 6.1212220389731015757 7.2838398353456561551
nan nan nan nan nan nan nan nan nan nan nan nan nan nan nan nan nan nan nan nan nan nan nan nan nan nan nan nan nan nan nan nan nan nan nan nan nan nan nan nan nan 0.6130949818317478206 1.2123158678938603661 1.7654683036326095369 2.3290587907081499175 3.1282910925473323971 7.1444692664207680721 8.9669838788561566645 10.446707683304410352 6.4854009488840356212
nan nan nan nan nan nan nan nan nan nan nan nan nan nan nan nan nan nan nan nan nan nan nan nan nan nan nan nan nan nan nan nan nan nan nan nan nan nan nan nan nan 0.39587266676754062633 0.86363876922661786395 1.5479405227913987098 2.596525183425858696 5.048626390069855141 6.4925944239130046753 14.852293904059129304 11.438599101987726669 5.0608898281907261918
nan nan nan nan nan nan nan nan nan nan nan nan nan nan nan nan nan nan nan nan nan nan nan nan nan nan nan nan nan nan nan nan nan nan nan nan nan nan nan nan nan nan 0.61053846071101147697 1.2345751803723954421 2.3272218406993268047 4.111772942594464908 7.6061179258569513451 8.7410709137983193528 13.255435565418142829 8.6371678188862173187
nan nan nan nan nan nan nan nan nan nan nan nan nan nan nan nan nan nan nan nan nan nan nan nan nan nan nan nan nan nan nan nan nan nan nan nan nan nan nan nan nan nan 0.53586468473793802403 1.0804024752933676368 1.600172677230140561 2.8957650526235094723 5.2323961170387978115 6.1828183137079779641 11.442985239030814881 10.513149816907002787
nan nan nan nan nan nan nan nan nan nan nan nan nan nan nan nan nan nan nan nan nan nan nan nan nan nan nan nan nan nan nan nan nan nan nan nan nan nan nan nan nan 0.21956337504500689217 0.65834170505840572396 1.2806695774281724454 2.0489258326177011149 2.5697189975006873297 1.5443789661824676163 2.3317879709926359055 4.3780765034624833376 13.301194619409709929
nan nan nan nan nan nan nan nan nan nan nan nan nan nan nan nan nan nan nan nan nan nan nan nan nan nan nan nan nan nan nan nan nan nan nan nan nan nan nan nan nan nan 0.95575684025061469207 2.0783961870901817015 3.2298586836575000625 2.2947517599116977749 5.6252915205109630392 4.2533249727480848534 7.891978509078916737 12.145895105456812502
nan nan nan nan nan nan nan nan nan nan nan nan nan nan nan nan nan nan nan nan nan nan nan nan nan nan nan nan nan nan nan nan nan nan nan nan nan nan nan nan nan nan 1.7823877251383497544 3.3430655220409675188 5.9186859892518377535 7.0448371793997788259 5.1024077609058950955 4.866702764161699335 2.9372897790330969592 6.1486158954199172655
nan nan nan nan nan nan nan nan nan nan nan nan nan nan nan nan nan nan nan nan nan nan nan nan nan nan nan nan nan nan nan nan nan nan nan nan nan nan nan nan nan 1.3500408706689845939 2.3658228263041172212 5.450515092174338605 10.182331913707566073 9.6492499888978588984 6.8620314291482866764 3.4477692730980007418 5.6647213159536358162 5.0993643182855104001
nan nan nan nan nan nan nan nan nan nan nan nan nan nan nan nan nan nan nan nan nan nan nan nan nan nan nan nan nan nan nan nan nan nan nan nan nan nan nan nan 0.97609894398064289689 2.309700406241906645 4.0140123411291614985 7.3580841290327700932 12.897022089684512025 16.884656776217926932 12.126783358025429393 7.6764793895590983652 8.3066179099721342283 7.9495449825039408154
nan nan nan nan nan nan nan nan nan nan nan nan nan nan nan nan nan nan nan nan nan nan nan nan nan nan nan nan nan nan nan nan nan nan nan nan nan nan nan nan 1.8757930184446851563 3.8208103342390846713 6.3729521156806478999 10.418001594494018747 15.28184599241186703 14.764366747962577975 17.750519657502699999 12.52716894426572658 9.5148469335206886655 10.916980394023029888
nan nan nan nan nan nan nan nan nan nan nan nan nan nan nan nan nan nan nan nan nan nan nan nan nan nan nan nan nan nan nan nan nan nan nan nan nan nan nan nan 3.3599726520244979078 5.6676620375554778164 8.0163179150695196284 11.2586686721386382 13.731214853780992158 11.033774929928814146 14.47723961104648005 13.892797963995326072 11.369835972475476282 9.6221088159043617338
nan nan nan nan nan nan nan nan nan nan nan nan nan nan nan nan nan nan nan nan nan nan nan nan nan nan nan nan nan nan nan nan nan nan nan nan nan nan nan 2.4001307553782966764 4.6595435338588728769 7.2424815132056661326 11.066142191170081688 12.273432228296888624 12.739890470092138486 10.111480321606745036 10.843909968346785888 10.171336217067660002 8.2448780544854933794 6.7916073097438438566
nan nan nan nan nan nan nan nan nan nan nan nan nan nan nan nan nan nan nan nan nan nan nan nan nan nan nan nan nan nan nan nan nan nan nan nan nan nan nan 2.1809550357938665144 5.7080254885736962933 9.1420035796793435168 12.631566871789001283 16.961354201804766717 15.379269467265084259 12.272841893212884656 9.183978122889557838 6.9470272283915361911 4.3148817502300671478 4.3851467314489589455
nan nan nan nan nan nan nan nan nan nan nan nan nan nan nan nan nan nan nan nan nan nan nan nan nan nan nan nan nan nan nan nan nan nan nan nan nan nan nan nan 5.3508685947309588826 9.2463524627779989373 12.929764622730397505 17.872560304673910991 15.42686176032145795 13.55192821524050828 8.1454853091067178639 4.1439100494596763369 2.5775361595585914998 1.7292167432256368986
nan nan nan nan nan nan nan nan nan nan nan nan nan nan nan nan nan nan nan nan nan nan nan nan nan nan nan nan nan nan nan nan nan nan nan nan nan nan nan 2.1624071700175186983 4.302780603290330852 7.5889295140174697352 12.376999386171588569 13.257379575682961104 14.088997680733490014 12.152593411069588569 4.0086769039023018024 4.6040053073331126399 4.1458784551419336495 4.3514715377569341825
nan nan nan nan nan nan nan nan nan nan nan nan nan nan nan nan nan nan nan nan nan nan nan nan nan nan nan nan nan nan nan nan nan nan nan nan nan nan 0.66081868032578616745 1.6919077602895162826 3.4076783128218335328 5.5254018220672449502 8.0357005395645089152 8.8695077245475104633 12.475347239469593674 12.02297197734646339 9.8974434098585284403 10.011137912450530862 10.711464649079973199 11.908231781539972971
nan nan nan nan nan nan nan nan nan nan nan nan nan nan nan nan nan nan nan nan nan nan nan nan nan nan nan nan nan nan nan nan nan nan nan nan nan nan 0.52916654239713201147 1.2229483625565835681 2.0976317710803900063 3.3896941285375707942 5.1281348490275728835 7.6598364539922290106 10.819253419876465827 11.398855725362230018 14.108598994174213814 20.481690975690408862 18.405090986305218337 11.520341863846494945
nan nan nan nan nan nan nan nan nan nan nan nan nan nan nan nan nan nan nan nan nan nan nan nan nan nan nan nan nan nan nan nan nan nan nan nan nan nan 0.39058254721865731662 0.82536540423071647066 1.4691187461204422426 2.0784602392337152565 3.2831270383683226477 4.9313852559749395965 8.0586267027150526587 13.588442842103260588 18.657476424253733427 26.209069346996592742 27.935628006487771557 23.179842044260492884
nan nan nan nan nan nan nan nan nan nan nan nan nan nan nan nan nan nan nan nan nan nan nan nan nan nan nan nan nan nan nan nan nan nan nan nan nan nan 0.33966847214355710971 0.68966700062095975809 0.9605976949148236077 1.384092551797730053 1.914182585476504217 3.8382439076494661023 6.7378979916691532637 11.182301890530968791 19.642458627309444807 26.528073046706246885 32.582081756177288412 31.529588978801260879
