src/SDSim/tmp/apis21
ncols        196
nrows        122
xllcorner    -12.166618000000
yllcorner    34.999860000000
cellsize     0.083333000000
[rows 44 to 65 of 122, columns 0 to 49 of 196]
nan nan nan nan nan nan nan nan nan nan nan nan nan nan nan nan nan nan nan nan nan nan nan nan nan nan nan nan nan nan nan nan nan nan nan nan nan nan nan nan 1.9324615623436773859 4.082462650640380275 4.2849910945477134305 5.6131382829642451071 4.4188343298777379431 4.3854346510970207973 3.0555050495936901811 1.4426680197064718492 0.74018913623671622748 0.46597776539158719533
nan nan nan nan nan nan nan nan nan nan nan nan nan nan nan nan nan nan nan nan nan nan nan nan nan nan nan nan nan nan nan nan nan nan nan nan nan nan nan nan 1.9675218415021740181 4.4991706732726743923 5.7748252932055716968 5.9304059081754374461 5.3155835086667817535 4.1502476628580327045 2.057139533891338079 1.7999619927043775114 0.64569593703462657697 0.76768091751616818197
nan nan nan nan nan nan nan nan nan nan nan nan nan nan nan nan nan nan nan nan nan nan nan nan nan nan nan nan nan nan nan nan nan nan nan nan nan nan nan nan nan 4.548023289251410084 6.5190412929453014357 6.6690879249810359752 3.8496998210165589427 2.8018308793395294565 1.5162391372684533852 1.455842600710127499 1.2947000116630824618 1.5735587996741928762
nan nan nan nan nan nan nan nan nan nan nan nan nan nan nan nan nan nan nan nan nan nan nan nan nan nan nan nan nan nan nan nan nan nan nan nan nan nan nan nan nan 4.2994488041919298738 6.804207200900729724 6.4339159143152846454 4.5025467889772619046 2.7902333067813271938 2.9067095583975537387 2.1371474314673450934 1.9698981080837276725 1.3375856219958890403
nan nan nan nan nan nan nan nan nan nan nan nan nan nan nan nan nan nan nan nan nan nan nan nan nan nan nan nan nan nan nan nan nan nan nan nan nan nan nan nan nan 3.3280750561396765796 5.7845032184388118779 6.3758933433189799445 5.1162426991318286085 4.2571483594545416196 2.5536252432427386516 3.3809197409259903466 2.0588999549553843593 0.97631718730882188773
nan nan nan nan nan nan nan nan nan nan nan nan nan nan nan nan nan nan nan nan nan nan nan nan nan nan nan nan nan nan nan nan nan nan nan nan nan nan nan nan nan nan 3.9396387996811035315 4.8677875841158231296 4.2362788733507485972 3.3072300159395968677 2.98336833892855946 2.0069091182951339647 2.2741945831726373406 1.4672791975760011152
nan nan nan nan nan nan nan nan nan nan nan nan nan nan nan nan nan nan nan nan nan nan nan nan nan nan nan nan nan nan nan nan nan nan nan nan nan nan nan nan nan nan 2.2311836959638071676 3.1361421594120879597 2.346935667593519792 2.1159244751399866047 2.0864703328346698719 1.4117704968210824656 1.8348971430453764331 1.607587664055058152
nan nan nan nan nan nan nan nan nan nan nan nan nan nan nan nan nan nan nan nan nan nan nan nan nan nan nan nan nan nan nan nan nan nan nan nan nan nan nan nan nan 0.57555672082670361611 1.4058779936896674823 1.896980188800648337 1.9391476206869893151 1.3665825489996219488 0.51747545029643926551 0.50471494969990871038 0.69242606325756383967 1.8962632136044361708
nan nan nan nan nan nan nan nan nan nan nan nan nan nan nan nan nan nan nan nan nan nan nan nan nan nan nan nan nan nan nan nan nan nan nan nan nan nan nan nan nan nan 0.86510784216446845463 1.2930680307431285936 1.4596664586759084958 0.7676853639021085085 1.4632300612653059702 0.87347729753847014322 1.2922694671055570126 1.8832260086950955991
nan nan nan nan nan nan nan nan nan nan nan nan nan nan nan nan nan nan nan nan nan nan nan nan nan nan nan nan nan nan nan nan nan nan nan nan nan nan nan nan nan nan 0.55806994066964943357 0.94678264146133284118 1.4135741765564229233 1.561664207203502297 1.0997178439785646464 1.0827925376632205889 0.67420681322618392084 1.5291188049018435979
nan nan nan nan nan nan nan nan nan nan nan nan nan nan nan nan nan nan nan nan nan nan nan nan nan nan nan nan nan nan nan nan nan nan nan nan nan nan nan nan nan 0.20826928539713610022 0.40877036654781695457 0.95061727690643460509 1.726225851397966915 1.7284461698665019025 1.431434745736059222 1.0461460584369766114 2.3827693260083799842 2.8775227303181276639
nan nan nan nan nan nan nan nan nan nan nan nan nan nan nan nan nan nan nan nan nan nan nan nan nan nan nan nan nan nan nan nan nan nan nan nan nan nan nan nan 0.090031291165989693615 0.25799390972722535675 0.55672096004308546657 1.1325277895464753719 2.1247989083166385349 3.2244463845274724534 3.18087637336859963 3.2733824939672038212 5.9012736405971999432 7.7689719964935619601
nan nan nan nan nan nan nan nan nan nan nan nan nan nan nan nan nan nan nan nan nan nan nan nan nan nan nan nan nan nan nan nan nan nan nan nan nan nan nan nan 0.14361207838762776734 0.38500288274338112515 0.90675498535365295361 1.8579151804270326309 3.1531884730890862301 4.0364334684054936631 6.9626323400263387953 8.2950123020303188071 10.743483817239376066 17.091561864369996471
nan nan nan nan nan nan nan nan nan nan nan nan nan nan nan nan nan nan nan nan nan nan nan nan nan nan nan nan nan nan nan nan nan nan nan nan nan nan nan nan 0.2335228186096548475 0.59917699492502063396 1.322215822131370011 2.6542311050022484586 4.3578495896483060434 5.0855275543797047177 10.138581303118535004 15.190161244162002419 20.250348929781733176 23.819244356681195995
nan nan nan nan nan nan nan nan nan nan nan nan nan nan nan nan nan nan nan nan nan nan nan nan nan nan nan nan nan nan nan nan nan nan nan nan nan nan nan 0.13813672951672428812 0.35013145234665682404 0.85848979504157629794 2.179941417843036966 3.9198489113311123511 6.4101687893704406562 8.1235752909240854791 13.846914452600577405 19.085380508724114179 23.278229633743229954 24.724659692316016901
nan nan nan nan nan nan nan nan nan nan nan nan nan nan nan nan nan nan nan nan nan nan nan nan nan nan nan nan nan nan nan nan nan nan nan nan nan nan nan 0.15461259411615085879 0.52027165125181096261 1.2906336471639365815 2.9868027336931048943 6.6180468893618797921 10.377418115700765 14.319690009054681923 17.408946801170287699 19.825344103650554217 16.912470385519522864 21.402466209296047595
nan nan nan nan nan nan nan nan nan nan nan nan nan nan nan nan nan nan nan nan nan nan nan nan nan nan nan nan nan nan nan nan nan nan nan nan nan nan nan nan 0.71256918076407649298 1.6932271212372578262 3.7248813492769023981 8.3138876800426135816 12.21163808993016886 17.622932615061056794 16.775305916286665564 12.744180261698481615 10.045476442870524991 6.7535525084778207372
nan nan nan nan nan nan nan nan nan nan nan nan nan nan nan nan nan nan nan nan nan nan nan nan nan nan nan nan nan nan nan nan nan nan nan nan nan nan nan 0.41988817537380668243 0.87815130056697221494 1.9435534342454747758 4.5392742092065949677 7.6845953502951065417 12.621598819378434087 15.332605643181695498 6.5513545862279034537 9.7958662839490777685 9.9444178811510877125 11.022737582594025696
nan nan nan nan nan nan nan nan nan nan nan nan nan nan nan nan nan nan nan nan nan nan nan nan nan nan nan nan nan nan nan nan nan nan nan nan nan nan 0.18223284455230906453 0.46874422323237346921 1.0266465428679456551 2.1098902078545274108 4.2346984146877266753 6.6733062214320764127 12.468873489416852252 13.924694750042375446 12.615084155549439515 13.902753871096891203 16.859667791217752608 20.473265175801071081
nan nan nan nan nan nan nan nan nan nan nan nan nan nan nan nan nan nan nan nan nan nan nan nan nan nan nan nan nan nan nan nan nan nan nan nan nan nan 0.20264886211124277793 0.50668234957779367811 1.0121734968857660775 2.0631548606701253235 4.0667086742162723567 7.6155026883295597884 12.028269167134487461 12.618680436136049394 14.668223725838149818 20.398834528748221118 18.623299426031952208 11.609013418000216689
nan nan nan nan nan nan nan nan nan nan nan nan nan nan nan nan nan nan nan nan nan nan nan nan nan nan nan nan nan nan nan nan nan nan nan nan nan nan 0.19577263164902203307 0.47542650307729322767 1.0803331910313294095 1.9891961426168047744 3.9723523376183562661 6.6021283034724449479 10.474254799270278582 15.276197071823744977 17.195453146258024901 20.183736149128979065 18.893303775009268719 14.424153227673398803
nan nan nan nan nan nan nan nan nan nan nan nan nan nan nan nan nan nan nan nan nan nan nan nan nan nan nan nan nan nan nan nan nan nan nan nan nan nan 0.18934674433169160213 0.46957331372746713427 0.92780563903937307568 1.9670918632942204773 3.5917753183836840236 7.696872232979706574 11.720487792081234701 15.028854258986799053 19.205651906416264296 19.122810252666443631 18.464076933550032322 14.863286735549726458
