src/SDSim/tmp/apis14
ncols        196
nrows        122
xllcorner    -12.166618000000
yllcorner    34.999860000000
cellsize     0.083333000000
[rows 88 to 109 of 122, columns 100 to 149 of 196]
12.37788440140050561 10.66566797399497446 8.66232014635856018 4.498455338876023113 1.9335890160849467101 3.0785025786666220249 4.9078404493908500683 7.9536154713509716885 10.407465987807608343 5.7078524033841340213 2.953606733454030131 2.936541477564766911 3.9127042670811431613 3.3010437813625355119 2.8030786608917122038 1.939248440955526176 0.97499878115172533555 0.55499010530787729056 0.29363766772244365155 0.183019026153941472 0.19587192824516552747 0.2138698942475903142 0.30622169967514578648 0.73069445739844984811 1.0575909681487194458 1.9534121256441325798 2.634120996199211362 4.1373791100719028435 7.4997627724106239455 8.6573462500535320885 8.0160184092774979803 10.706572547221952618 20.261412405841383588 38.990257163617471292 50.950554997368925569 44.411400927680809048 nan nan nan nan nan nan nan nan nan nan nan nan nan nan
7.899146454529057948 7.2082051294701088295 6.3223134128139939492 2.4380755253266785942 1.1724438705487862933 1.7441862504910108367 3.7387599662763739694 5.3085940804399616155 10.065253833846178111 14.062474992839815613 7.4699541433445384442 6.7712069265582215394 6.8132462023151498798 6.8470534434028138548 5.7006014323532836485 2.8348634293088639247 1.4645590712016129942 0.70856722849953901466 0.27915766363145455564 0.13319279418289078909 0.13275990304320339774 0.14024072480566249221 0.36493230475983717831 0.86426483818108168489 1.5117157070174809252 1.9845201445979745447 2.1976675410467358951 3.7505366798427228758 4.571787669690176692 4.8832620583929955416 5.4346401253678529031 8.1182583364425013883 16.194510421323681015 29.96356572087909953 39.42911693579687693 nan nan nan nan nan nan nan nan nan nan nan nan nan nan nan
2.7925629080571967577 2.9995110822130537365 3.7113110794339094767 1.9212769206388113918 1.2041154001207838853 1.83512486356335347 2.6156385845364398257 5.7879447596307596058 11.31441346109710544 13.642166137136744197 11.653547887567968999 10.652272093680855036 14.00102223319975181 14.664549736622289444 7.6199540897982238619 3.4218199736297805202 1.1209367481630296837 0.53884927123205672572 0.23486564549043553729 0.14074459217734808236 0.23517709415698331843 0.43804205899916004441 0.68465762296588084102 1.5550823201746801772 2.4912305547039124143 3.6396721250397829905 3.2017365617509323528 2.4879475595223397022 1.7502510216719726621 2.5338298437735069513 2.8030788652557148133 5.4737679482313055246 10.885039178707550889 23.011732937245131581 22.484954271749717947 19.412408575476696626 5.0198245718291669704 nan nan nan nan nan nan nan nan nan nan nan nan nan
1.7643912379123145584 1.7243037829689371598 1.6904485737049133043 1.2432379866424303483 1.0479630465903619907 1.5988045772292451829 3.1848849256900813032 5.3621668503717581089 7.3348535182201821669 15.68533592218279793 18.779199006498963342 13.269493202535844745 15.028685385965232513 12.911682609054729198 7.7880316170836012546 3.909015402602802336 1.5920515933849270773 0.62485258228613593801 0.31210137475492105708 0.24133471733563788275 0.42564194453056425349 1.0535357829955886988 2.2804268676115673209 3.9524924706010304831 7.5624087089425344743 7.0895756010212682696 5.2171191603670665771 2.1799835321752327744 1.979522263527914383 1.3883782026135982335 1.0297467825879143 nan 4.7858035670100589343 nan 13.383864611340644757 nan nan nan nan nan nan nan nan nan nan nan nan nan nan nan
1.4481807026658006787 1.4047494649157297175 1.4217682749723539182 1.1198667509280526566 1.0150626703093870162 1.1201653795426840254 1.8519319886850842405 4.0727989656568253096 7.4960762310211350723 8.3226325125133744365 6.9750148057972012339 6.2806561682863177865 10.271692857694386447 8.1886194547067390204 4.6689304794044881319 2.5199735697286191893 1.5285545611268704924 0.90886038909225486115 0.62634594662866016623 0.81906772571771480074 1.5373818799045657624 3.9884761658698946185 7.0584137011478160773 12.099416804152433258 13.598887350783970263 12.566602073798096129 8.2094514368048141506 3.4394325935665315264 1.2021606774974207266 nan nan nan nan nan nan nan nan nan nan nan nan nan nan nan nan nan nan nan nan nan
1.7783204838966715222 2.7506587481513955495 1.6800138066680276872 1.4106652464621984855 0.99006601482396749958 0.80107809876713964581 1.3064645361215312391 2.6761542911080300478 4.3706490006978491181 3.4234284157026779738 2.6373245990662397276 1.9445765467362929879 3.2362121487919632834 4.307294546773798416 3.4802349775540166732 2.5774182982133746478 2.4601499368427375281 1.5713872321478388194 1.2929103641660208979 1.7514322136454223422 3.5810572658942416702 7.3482307028305102747 12.189501406341314294 16.085418393272956195 17.380173704372769095 14.347715322587141884 7.0897195124527794263 nan nan nan nan nan nan nan nan nan nan nan nan nan nan nan nan nan nan nan nan nan nan nan
2.4405204929196115948 4.2969537733987968053 4.1193146616520452952 1.8863253116124365505 0.9483414561756623451 0.74231643588049212035 0.82830315777246266151 1.3609132464391815454 1.7261745708381808218 1.5068801359931711659 0.77162234268787732727 0.58431240203325329752 1.075027593891489941 1.6663846097637551313 1.6426471438690821714 1.3927937112907016193 1.582128107732331701 1.1774499031068592636 0.92610347371541368311 1.4510872947183364179 3.5193852845976634214 7.1952488969774437422 12.377127578016301257 14.025339766596392366 12.917880016033370438 8.9564184972159033293 nan nan nan nan nan nan nan nan nan nan nan nan nan nan nan nan nan nan nan nan nan nan nan nan
5.4458619109504908806 5.8852770826604734467 5.998549134760255086 3.7167137954821383161 1.6430085759469603701 0.82067343758162514256 0.44776643905044904992 0.50416531629378413815 0.58389862933251024391 0.61583583621174964318 0.67347096481430923642 0.79431822166825349907 0.83408599432254781902 1.0349256380770726071 1.0424070652827079897 0.86064050136692060722 0.88570882532584371827 0.70478370665949052754 0.83396595572615506153 0.93050853085869744685 1.8380606806373154249 5.1254360286604745411 7.7549123664844969994 8.817825428687182665 6.2636786685235730232 nan nan nan nan nan nan nan nan nan nan nan nan nan nan nan nan nan nan nan nan nan nan nan nan nan
5.1903320013083096285 6.8204770303050965552 6.4316181146941060476 4.4953196405990238915 2.2175881759057469722 0.78168589331915694363 0.25435308135125850315 0.11473376292223133599 0.19212381810095702228 0.31168314320454881816 0.53260467139564804384 1.4647858401040916299 3.149263819404264364 4.4395728305026782579 4.441497749273361606 4.3716021178950352777 6.3947100526560953782 4.1792061242997933235 2.0554826617617365514 1.3454128443774755475 1.4105264417028497981 2.6072504640963787281 4.3851334062036348982 3.5206489684426767184 nan nan nan nan nan nan nan nan nan nan nan nan nan nan nan nan nan nan nan nan nan nan nan nan nan nan
3.5756469792951830478 5.4965001519985348111 4.1804846538460722627 2.8435195494725520327 1.1533128208577798635 0.33733924724375707882 0.16890526481549208992 0.073125627511818031001 0.13993334189883727126 0.29326245992284782904 0.48064807349241689405 0.85330477471872756556 3.0787278101607031822 6.3970251184591067073 15.868502112126225967 23.141249137203754316 19.748592623773241428 12.381386915903506818 4.6354796217701865757 1.6253320646838045338 0.97114370612039102593 1.1940083739702749277 1.1848889671697344639 1.1588101957353780236 nan nan nan nan nan nan nan nan nan nan nan nan nan nan nan nan nan nan nan nan nan nan nan nan nan nan
1.5124041846075704232 1.9592962278243268859 3.1464115501516629614 3.455291895675966618 1.6694392024766435689 0.84488232879775104767 0.35969980105027443695 0.36891598535187469787 1.0047629251169256648 3.5427032505772166893 3.1278493733221806039 3.9171322352026494151 9.900411082698493459 15.306682279964221038 33.654831718814385511 49.210397154567722566 26.009515628934579468 12.690740889093993005 4.5784412572694392907 1.4910919690352300027 0.54892254274237062273 0.42526305320048285452 0.42225034147462237044 nan nan nan nan nan nan nan nan nan nan nan nan nan nan nan nan nan nan nan nan nan nan nan nan nan nan nan
0.72591933551981202566 1.300044745161787807 1.9136518587061166485 3.3940837120475704225 2.0023113470401678882 0.45550310125346787915 0.32561614282623352334 0.62568689940930588556 1.9780823470859369984 6.7045248463740758638 15.813565251321810123 15.337065591356898508 34.160092398448441031 55.831493060326536693 54.980598608379708025 35.580074845137630746 15.163735279703322689 nan 1.8515421317049012284 0.95818514091931306087 0.36633342060597806622 0.16067817987683677416 nan nan nan nan nan nan nan nan nan nan nan nan nan nan nan nan nan nan nan nan nan nan nan nan nan nan nan nan
0.90090384746896423618 1.1284235742407522363 1.5234348856344253065 1.2257339416078028016 1.2447743896042595679 0.73295171726505625731 0.37724502353250111142 0.6282190869584396431 2.1201785085606976722 5.8681645723385997826 10.438760006535735769 20.413511844256134964 33.087320911725363715 37.126545384276234074 nan nan nan nan nan 0.3939978700838748793 0.18054546821753481023 nan nan nan nan nan nan nan nan nan nan nan nan nan nan nan nan nan nan nan nan nan nan nan nan nan nan nan nan nan
nan nan nan nan nan nan nan nan nan nan nan nan nan nan nan nan nan nan nan nan nan nan nan nan nan nan nan nan nan nan nan nan nan nan nan nan nan nan nan nan nan nan nan nan nan nan nan nan nan nan
nan nan nan nan nan nan nan nan nan nan nan nan nan nan nan nan nan nan nan nan nan nan nan nan nan nan nan nan nan nan nan nan nan nan nan nan nan nan nan nan nan nan nan nan nan nan nan nan nan nan
nan nan nan nan nan nan nan nan nan nan nan nan nan nan nan nan nan nan nan nan nan nan nan nan nan nan nan nan nan nan nan nan nan nan nan nan nan nan nan nan nan nan nan nan nan nan nan nan nan nan
nan nan nan nan nan nan nan nan nan nan nan nan nan nan nan nan nan nan nan nan nan nan nan nan nan nan nan nan nan nan nan nan nan nan nan nan nan nan nan nan nan nan nan nan nan nan nan nan nan nan
nan nan nan nan nan nan nan nan nan nan nan nan nan nan nan nan nan nan nan nan nan nan nan nan nan nan nan nan nan nan nan nan nan nan nan nan nan nan nan nan nan nan nan nan nan nan nan nan nan nan
nan nan nan nan nan nan nan nan nan nan nan nan nan nan nan nan nan nan nan nan nan nan nan nan nan nan nan nan nan nan nan nan nan nan nan nan nan nan nan nan nan nan nan nan nan nan nan nan nan nan
nan nan nan nan nan nan nan nan nan nan nan nan nan nan nan nan nan nan nan nan nan nan nan nan nan nan nan nan nan nan nan nan nan nan nan nan nan nan nan nan nan nan nan nan nan nan nan nan nan nan
nan nan nan nan nan nan nan nan nan nan nan nan nan nan nan nan nan nan nan nan nan nan nan nan nan nan nan nan nan nan nan nan nan nan nan nan nan nan nan nan nan nan nan nan nan nan nan nan nan nan
nan nan nan nan nan nan nan nan nan nan nan nan nan nan nan nan nan nan nan nan nan nan nan nan nan nan nan nan nan nan nan nan nan nan nan nan nan nan nan nan nan nan nan nan nan nan nan nan nan nan
