src/SDSim/tmp/apis4
ncols        196
nrows        122
xllcorner    -12.166618000000
yllcorner    34.999860000000
cellsize     0.083333000000
[rows 69 to 91 of 122, columns 0 to 49 of 196]
nan nan nan nan nan nan nan nan nan nan nan nan nan nan nan nan nan nan nan nan nan nan nan nan nan nan nan nan nan nan nan nan nan nan nan 0.63538475268767669046 1.078231623139432438 1.3789005868267438792 1.8103193760966660442 1.4101371199878542928 0.69095953040784374721 0.19529847329920291266 0.024443355498736860781 0.001232971854206024731 0.0023222798746982136094 0.0090888088662705382448 0.022148520833041859118 0.062753345818912717458 0.4001228764000712701 2.5594085551893082098
nan nan nan nan nan nan nan nan nan nan nan nan nan nan nan nan nan nan nan nan nan nan nan nan nan nan nan nan nan nan nan nan nan nan 0.45645690638052976995 1.1996645634973746031 1.9557131350316074858 1.8932966256945802375 1.0693760639367433374 0.55575592026166908965 0.17996743231669415364 0.066366420105602230706 0.010644277413074273303 0.00060437002489399627679 0.00014156509783811336103 0.00038672801382955433779 0.0015296602378557920977 0.025935216350139185526 0.31042723675338668166 1.879543291259139437
nan nan nan nan nan nan nan nan nan nan nan nan nan nan nan nan nan nan nan nan nan nan nan nan nan nan nan nan nan nan nan nan nan nan 0.58478045520552923708 1.4688061553916993418 2.1981470154964029007 2.1049585105024619658 1.1827151161615867547 0.32677237744730130986 0.060542556507389322373 0.010608850491159657614 0.0029779977990465949719 0.00065737388810479862808 0.00049329930586772068567 0.00060487742505153973063 0.0014221544888245950776 0.016639123660399046667 0.16748299179007261617 0.96274712808585571899
nan nan nan nan nan nan nan nan nan nan nan nan nan nan nan nan nan nan nan nan nan nan nan nan nan nan nan nan nan nan nan nan nan nan 0.47250773178507754491 1.2089162313668770921 1.9618971433553900052 1.6948627056307419281 0.99209169414421249922 0.25950307372458830679 0.03420604514201611851 0.00401666517435269807 0.0043338433044821543169 0.0050766522026005943616 0.0064788290408084470845 0.010040949111793800314 0.020784101293271725619 0.037272621640469731641 0.093014821584812751309 0.21923113608098376837
nan nan nan nan nan nan nan nan nan nan nan nan nan nan nan nan nan nan nan nan nan nan nan nan nan nan nan nan nan nan nan nan nan 0.070144412067627129326 0.25514033187847667827 0.6028971484062711772 0.84956597965268909611 0.77522852394821384348 0.54185595538424713435 0.14063580456400365248 0.019818106032150478724 0.011405119340908126402 0.023092058419849185308 0.033191049322160708079 0.032476442485349525657 0.078499546120534086091 0.1954293089070709144 0.39588450831175009403 0.43710078166298277358 0.46012611568261846395
nan nan nan nan nan nan nan nan nan nan nan nan nan nan nan nan nan nan nan nan nan nan nan nan nan nan nan nan nan nan nan nan nan 0.033553098044589453608 0.084926134363395675009 0.1537072369498072022 0.19975334821644230576 0.21116580091363004734 0.12649578584877005372 0.059952671046093038154 0.011703749194409427195 0.02268356676507976219 0.083097067051110237723 0.10726418655351396825 0.10156056948160809006 0.2250416477806474469 1.0187353575768087754 2.1708464593794620789 3.0286108845408770129 2.3658835102758550839
nan nan nan nan nan nan nan nan nan nan nan nan nan nan nan nan nan nan nan nan nan nan nan nan nan nan nan nan nan nan nan nan nan 0.005126431374435946528 0.012884240727128791135 0.021126435440890080353 0.027209702617229027111 0.027192814282839483653 0.021858735680442550192 0.011791574068964793057 0.0092545914653306207698 0.028828227497351591874 0.096690246613166663803 0.21086871263386863795 0.12797007347458055904 0.37847215246405097044 2.1404449167138968058 7.8109740007432675313 11.066248370178886518 9.4644113845263042606
nan nan nan nan nan nan nan nan nan nan nan nan nan nan nan nan nan nan nan nan nan nan nan nan nan nan nan nan nan nan nan nan 0.00011181378171435029593 0.00032169711092966889968 0.00082536720776781480769 0.0084430270293896596268 0.010423535026745669313 nan 0.030959234749928937064 0.040606159459900308117 0.032023324705171045401 0.040069309307287762079 0.08576682041461425321 0.10028801315708332775 0.114832168381646893 0.44612788242933881788 2.9461365222241284734 11.029729815365664436 25.252557495553777045 11.08253371528757647
nan nan nan nan nan nan nan nan nan nan nan nan nan nan nan nan nan nan nan nan nan nan nan nan nan nan nan nan nan nan nan nan nan nan 0.00013182496415078189412 nan 0.11258133514624815708 nan 0.21104819253712131522 0.23082392783317845497 0.15784518426263044466 0.09067791121717327929 0.056086490911490843869 0.059249287292530671001 0.076441264876728060029 0.41008187000231621777 2.3617779404628134188 9.4889878190142447068 10.071890477767919236 8.8039018040992349512
nan nan nan nan nan nan nan nan nan nan nan nan nan nan nan nan nan nan nan nan nan nan nan nan nan nan nan nan nan nan nan nan nan nan nan nan 0.48579160683235028673 0.73306945474633622428 0.72151103771148150656 0.59905876123421519797 0.44907302482181360448 0.20160377445808702612 0.27160856831648272358 0.28574643734310445353 0.26051696944711166815 0.39516042700299047752 1.590631881692285976 3.745684417686169887 5.6688620514737779743 5.837478650167838623
nan nan nan nan nan nan nan nan nan nan nan nan nan nan nan nan nan nan nan nan nan nan nan nan nan nan nan nan nan nan nan nan nan nan nan nan 1.2920810301153529132 1.7382701134611961979 1.2925450123554500514 0.97977636844547677519 nan 0.75570785737749579525 1.2597472336199562193 1.7520562452864627545 1.2308907621246265585 0.91943222602450547232 1.5651077095727861099 4.907278331546908845 12.635739661889433094 13.725839467124297144
nan nan nan nan nan nan nan nan nan nan nan nan nan nan nan nan nan nan nan nan nan nan nan nan nan nan nan nan nan nan nan nan nan nan nan nan 1.2785884506108766701 1.5296829245039347267 nan 0.53016994392832927918 0.67254426413670775897 1.3184738984579156273 4.6695229050174527075 4.8175823251207976483 4.4890231038998109625 1.6027441624587717151 2.2479078137358978751 10.102376223733875449 18.984933130573576676 30.753057047938103352
nan nan nan nan nan nan nan nan nan nan nan nan nan nan nan nan nan nan nan nan nan nan nan nan nan nan nan nan nan nan nan nan nan nan nan nan nan nan nan nan 0.49865560113885104565 1.9638440732899045127 5.4190257343460634942 12.014505929300849374 5.7057012884959164012 2.5266586569301012766 2.9900505781664414862 10.135382430274679777 27.378822359074941772 18.474070970626002008
nan nan nan nan nan nan nan nan nan nan nan nan nan nan nan nan nan nan nan nan nan nan nan nan nan nan nan nan nan nan nan nan nan nan nan nan nan nan nan nan 0.63613568647786133958 1.8176293325226124953 4.7198380704329858659 6.276607152775650178 6.8552969947353377123 4.6560795786894138004 4.405360074497856715 7.3418747533268611249 9.8320008314752040945 9.5637850812545170953
nan nan nan nan nan nan nan nan nan nan nan nan nan nan nan nan nan nan nan nan nan nan nan nan nan nan nan nan nan nan nan nan nan nan nan nan nan nan nan nan 1.9567510627336777151 3.7805978294668798334 3.614183049359150246 4.5378680990315602983 7.6918188362366777255 9.4776371006593400637 8.8723317566493360431 4.7139276922068171771 3.317470367035067369 2.2366832317611833325
nan nan nan nan nan nan nan nan nan nan nan nan nan nan nan nan nan nan nan nan nan nan nan nan nan nan nan nan nan nan nan nan nan nan nan nan nan nan nan nan 5.3256387551438333361 8.085776960796966506 8.4523292433448915517 4.7435636711641082641 8.672127365736622906 17.709837765188872538 10.577470953726479053 4.3593056493833657328 1.4382130613350487813 0.58630541159074256452
nan nan nan nan nan nan nan nan nan nan nan nan nan nan nan nan nan nan nan nan nan nan nan nan nan nan nan nan nan nan nan nan nan nan nan nan nan nan nan nan 7.2917556104440670595 15.957386062891973921 8.8323821558582480407 4.770636401709613672 6.6713195149012562979 8.6617803242868109947 8.1271730167151936541 3.4184802290529132662 1.1393908045178469113 0.5772221310086166346
nan nan nan nan nan nan nan nan nan nan nan nan nan nan nan nan nan nan nan nan nan nan nan nan nan nan nan nan nan nan nan nan nan nan nan nan nan nan nan 2.8145712912479452505 8.3773911043026938472 10.246510572052457633 8.804306138744701471 3.6624296313314617102 2.6359819759724478772 3.5898164071338940495 3.544949287505541502 2.5802015080887925613 0.97042908049630149936 0.58370458891757981412
nan nan nan nan nan nan nan nan nan nan nan nan nan nan nan nan nan nan nan nan nan nan nan nan nan nan nan nan nan nan nan nan nan nan nan nan nan nan nan nan 5.0340148374246354024 8.4255062878886857192 4.9464296799077951405 2.2484870760016368862 1.3952894057742453171 2.1610941663599736451 3.2967959505364436978 2.1424995676847782278 0.94877832286369601089 0.55193147033898815046
nan nan nan nan nan nan nan nan nan nan nan nan nan nan nan nan nan nan nan nan nan nan nan nan nan nan nan nan nan nan nan nan nan nan nan nan nan nan nan nan 2.5888602238619817797 3.4958448510520514496 3.070205500044728808 1.4657425536355872531 1.3650417758061683671 2.8051194641044228106 3.6475409294792981996 3.1162966097378053121 1.0512340660345280696 0.48094115560400263476
nan nan nan nan nan nan nan nan nan nan nan nan nan nan nan nan nan nan nan nan nan nan nan nan nan nan nan nan nan nan nan nan nan nan nan nan nan nan nan nan 0.73387837415156209619 1.3359729627978944588 1.7355562573576843732 2.386593200995549946 3.5920493044902412905 3.8848102083599607148 4.966614516371347321 2.7754087186965183953 1.1838427935110313882 1.3848046953367996181
nan nan nan nan nan nan nan nan nan nan nan nan nan nan nan nan nan nan nan nan nan nan nan nan nan nan nan nan nan nan nan nan nan nan nan nan nan nan nan nan 0.159982804455881783 0.48743775121197074895 1.6946430624228596695 6.3297124903891122116 8.1669059610295722251 7.2516770817339937238 4.1815169899780588736 2.2998255914717202764 1.0649509803798198337 2.4011645942206878424
nan nan nan nan nan nan nan nan nan nan nan nan nan nan nan nan nan nan nan nan nan nan nan nan nan nan nan nan nan nan nan nan nan nan nan nan nan nan nan nan 0.045518186175089681011 0.35087084877585095199 1.9291894610812487798 6.0521063825322842789 12.753859607308793755 8.27728645701295207 3.1867803164243686531 1.050958714515646264 0.72216838737135924386 3.1164346116339265436
