src/SDSim/tmp/apis7
ncols        196
nrows        122
xllcorner    -12.166618000000
yllcorner    34.999860000000
cellsize     0.083333000000
[rows 44 to 65 of 122, columns 0 to 49 of 196]
nan nan nan nan nan nan nan nan nan nan nan nan nan nan nan nan nan nan nan nan nan nan nan nan nan nan nan nan nan nan nan nan nan nan nan nan nan nan nan nan 0.32800648751912497847 1.1649761345881164409 2.2075142015886659586 4.4777404635420863244 4.3463690951205133928 4.8190575280979528472 3.4319526317678712424 1.9208508939893473855 1.1959492821409454244 0.63788167578928611778
nan nan nan nan nan nan nan nan nan nan nan nan nan nan nan nan nan nan nan nan nan nan nan nan nan nan nan nan nan nan nan nan nan nan nan nan nan nan nan nan 0.19404685401693158586 0.67343078535098899184 1.7242857905003106112 3.2577942288974917062 4.785138104884048893 4.4642841633701593196 2.7416688994424900372 3.2383573821418982774 1.4106934325141506914 1.2603956686794801634
nan nan nan nan nan nan nan nan nan nan nan nan nan nan nan nan nan nan nan nan nan nan nan nan nan nan nan nan nan nan nan nan nan nan nan nan nan nan nan nan nan 0.41624849581514750119 1.1483346111034931081 2.4703021426545666017 2.385323195246690009 3.0352058219470059441 2.9846873558272415394 4.687423317426399727 4.6874383394806562464 3.5092398022062876173
nan nan nan nan nan nan nan nan nan nan nan nan nan nan nan nan nan nan nan nan nan nan nan nan nan nan nan nan nan nan nan nan nan nan nan nan nan nan nan nan nan 0.22802582889042313785 0.64612670237617408908 1.1206725264506929296 1.617261620593016147 2.4839423625878187529 6.5951023571873301776 9.1731069048024771462 8.343686238128501742 3.9147111577429574147
nan nan nan nan nan nan nan nan nan nan nan nan nan nan nan nan nan nan nan nan nan nan nan nan nan nan nan nan nan nan nan nan nan nan nan nan nan nan nan nan nan 0.10156199049378830668 0.2451541412086665761 0.4977631306650726617 1.0761506678675567539 3.004804861991341447 5.3096112877407257713 12.497268882039854532 9.6514168729471450092 3.8839396401115018342
nan nan nan nan nan nan nan nan nan nan nan nan nan nan nan nan nan nan nan nan nan nan nan nan nan nan nan nan nan nan nan nan nan nan nan nan nan nan nan nan nan nan 0.07927188306282947905 0.21385968397298307786 0.70917026170345931479 2.0512746582006671225 5.2279754609733064541 7.8106017422486857527 12.647143166302724282 8.3024438003227700733
nan nan nan nan nan nan nan nan nan nan nan nan nan nan nan nan nan nan nan nan nan nan nan nan nan nan nan nan nan nan nan nan nan nan nan nan nan nan nan nan nan nan 0.03722557466705130047 0.14864298053746394235 0.48585485893628560516 1.4405748924264920596 3.8627051888663372914 6.31276655554107613 13.54349587211835626 11.290994543698547048
nan nan nan nan nan nan nan nan nan nan nan nan nan nan nan nan nan nan nan nan nan nan nan nan nan nan nan nan nan nan nan nan nan nan nan nan nan nan nan nan nan 0.01743546913578065613 0.070560834913834052928 0.23555698442294095707 0.69516858530572434027 1.7700131754598582567 1.6095557348290530086 2.8395728292700379569 5.0397198974680046391 13.141717669600080143
nan nan nan nan nan nan nan nan nan nan nan nan nan nan nan nan nan nan nan nan nan nan nan nan nan nan nan nan nan nan nan nan nan nan nan nan nan nan nan nan nan nan 0.19899836268804418915 0.61478374478519481894 1.4721185462726402715 1.7897912577153021196 6.4865153665357428991 5.8708216031580464644 8.4471738668875886447 9.2694864017186660021
nan nan nan nan nan nan nan nan nan nan nan nan nan nan nan nan nan nan nan nan nan nan nan nan nan nan nan nan nan nan nan nan nan nan nan nan nan nan nan nan nan nan 0.53536536607663620657 1.5538704307430861729 3.5592902087073645667 5.6787938130445443363 5.3937125780622512394 5.3357286244255694996 2.535420197936767206 3.5680470548004761255
nan nan nan nan nan nan nan nan nan nan nan nan nan nan nan nan nan nan nan nan nan nan nan nan nan nan nan nan nan nan nan nan nan nan nan nan nan nan nan nan nan 0.48572619524601745589 0.88176397925982463732 2.948817350122843628 8.1100134850258740471 8.6387481608175260561 6.4240818710328166929 2.5654548457931185546 2.828816075443928213 1.7265597584105711881
nan nan nan nan nan nan nan nan nan nan nan nan nan nan nan nan nan nan nan nan nan nan nan nan nan nan nan nan nan nan nan nan nan nan nan nan nan nan nan nan 0.68607198353993759099 1.1967944422102936297 1.6083794949387415496 3.9869901215794616434 9.8589326305690185848 16.766822905016631751 9.5570556974329115008 4.135742531392569532 2.7042809425927760714 2.1605628338381390741
nan nan nan nan nan nan nan nan nan nan nan nan nan nan nan nan nan nan nan nan nan nan nan nan nan nan nan nan nan nan nan nan nan nan nan nan nan nan nan nan 1.7352151242780524676 2.6250610594204593085 2.6564675857144841586 4.5210366543138418294 9.7206790307649786342 10.070566666972336378 11.127261797155988177 4.8893320228941412608 2.5094969287365005428 3.1663550793197412503
nan nan nan nan nan nan nan nan nan nan nan nan nan nan nan nan nan nan nan nan nan nan nan nan nan nan nan nan nan nan nan nan nan nan nan nan nan nan nan nan 3.6200005151862786335 4.3069985837356110636 3.7765302630290902286 4.085469796082350058 5.0096571963319993515 4.4750313142344824158 4.9317613452734381241 3.6934805315526606506 2.3360222372145940106 2.1064964568151909319
nan nan nan nan nan nan nan nan nan nan nan nan nan nan nan nan nan nan nan nan nan nan nan nan nan nan nan nan nan nan nan nan nan nan nan nan nan nan nan 2.8148425531551923839 4.969071066696030492 6.4360153472307493061 6.5208145538013582154 4.6418634994441863029 2.9393021790622215761 1.7921479159557534011 1.6095750349038673299 1.349458909081693081 1.0459541323149632586 0.99986281103893881461
nan nan nan nan nan nan nan nan nan nan nan nan nan nan nan nan nan nan nan nan nan nan nan nan nan nan nan nan nan nan nan nan nan nan nan nan nan nan nan 2.5062648151019049081 6.7283083192196331268 9.3588071670248567102 9.8988130213865570539 7.1538324949533231845 3.1888352836327902295 1.1721862607321058558 0.56287102832543844944 0.39620063548767975314 0.29062241897286511527 0.36357276735883936603
nan nan nan nan nan nan nan nan nan nan nan nan nan nan nan nan nan nan nan nan nan nan nan nan nan nan nan nan nan nan nan nan nan nan nan nan nan nan nan nan 6.3091382128295983023 11.048175709592237936 10.157966982632098407 8.0163984972837116771 3.336114805704906594 1.4677694058025476664 0.62929391328942319017 0.25125007572540125622 0.16110862470715486827 0.1796697744983309919
nan nan nan nan nan nan nan nan nan nan nan nan nan nan nan nan nan nan nan nan nan nan nan nan nan nan nan nan nan nan nan nan nan nan nan nan nan nan nan 1.9916687037782936365 4.6208559001752753659 7.1860772601250486602 8.8484583035240511606 5.4618241389262145447 3.606043898441539497 2.5799137481646181591 0.80559586856143816647 0.72165845325099320373 0.49191700555373324422 0.62556770027058627992
nan nan nan nan nan nan nan nan nan nan nan nan nan nan nan nan nan nan nan nan nan nan nan nan nan nan nan nan nan nan nan nan nan nan nan nan nan nan 0.39569670280369756421 1.184150707600407193 2.4383077717456207445 3.5298228819931312117 3.8221565892667492825 3.294838340044963676 4.3814496371473996561 4.427879694956794232 3.3102891474634712488 2.4316495543840339622 2.0468275008470921961 2.3384553235552592021
nan nan nan nan nan nan nan nan nan nan nan nan nan nan nan nan nan nan nan nan nan nan nan nan nan nan nan nan nan nan nan nan nan nan nan nan nan nan 0.25651738554301195538 0.55598533160649232787 0.86703578682568760438 1.1474701983075965561 1.462719770163195987 2.3713748793079174604 4.3287093165956411767 5.4162733924545269915 5.523536007474060483 6.9634666558883786536 6.1944472270975641237 3.7477705666087306469
nan nan nan nan nan nan nan nan nan nan nan nan nan nan nan nan nan nan nan nan nan nan nan nan nan nan nan nan nan nan nan nan nan nan nan nan nan nan 0.35187534094149391928 0.55377777530703609088 0.56155962720571050983 0.46113713178763243716 0.61552450604420583247 1.3045965709913009967 2.9402611188927192387 5.0588315025899008859 7.4350483852605213642 12.755179682018754406 14.023375145909517059 10.589653064120778225
nan nan nan nan nan nan nan nan nan nan nan nan nan nan nan nan nan nan nan nan nan nan nan nan nan nan nan nan nan nan nan nan nan nan nan nan nan nan 0.79680148589552601823 1.1853798509172306375 0.87333304710080095212 0.4855058003337804351 0.32067043507685327741 0.73735994737254917375 1.5143266348136712462 2.9809680283500434861 7.1989489976961626994 13.570947089927223317 21.223491458586835279 14.408299657701135743
