src/SDSim/tmp/apis14
ncols        196
nrows        122
xllcorner    -12.166618000000
yllcorner    34.999860000000
cellsize     0.083333000000
[rows 44 to 65 of 122, columns 0 to 49 of 196]
nan nan nan nan nan nan nan nan nan nan nan nan nan nan nan nan nan nan nan nan nan nan nan nan nan nan nan nan nan nan nan nan nan nan nan nan nan nan nan nan 0.67794517464017145514 1.7223682646737985547 2.44539209299977367 4.2665233631977255158 4.2743591107211500457 5.4330784846534507793 5.0549577082720800192 3.1515854780516430189 2.0416003553640083013 1.4035324161974644941
nan nan nan nan nan nan nan nan nan nan nan nan nan nan nan nan nan nan nan nan nan nan nan nan nan nan nan nan nan nan nan nan nan nan nan nan nan nan nan nan 0.47082414838110225874 1.2122719812761357794 2.0566344512921652665 3.0073105648692921577 3.9648484732179340995 4.5541209737815586678 3.4218415268519510875 4.6633732718302480791 2.1944952582650407713 2.615713158336046007
nan nan nan nan nan nan nan nan nan nan nan nan nan nan nan nan nan nan nan nan nan nan nan nan nan nan nan nan nan nan nan nan nan nan nan nan nan nan nan nan nan 0.81580422798937801687 1.4943873440855361956 2.332223431486005083 2.2334157635528359975 2.9627754892519697627 2.9853094110065447886 4.8699943811019741347 5.5516099409784107621 6.2382301442492851251
nan nan nan nan nan nan nan nan nan nan nan nan nan nan nan nan nan nan nan nan nan nan nan nan nan nan nan nan nan nan nan nan nan nan nan nan nan nan nan nan nan 0.50876043963459949282 1.043988961805860427 1.5731299905562552421 2.1295642533775183125 2.9293179713543175957 6.8153290478939929642 8.5597034237947813295 9.7455879981474851093 5.8582051978176519214
nan nan nan nan nan nan nan nan nan nan nan nan nan nan nan nan nan nan nan nan nan nan nan nan nan nan nan nan nan nan nan nan nan nan nan nan nan nan nan nan nan 0.3027351378726858 0.67143947123423608492 1.2464152792814013893 2.2161730382520725691 4.5657218696928465462 6.1213658818392744365 14.212862034661608135 10.962866056537919235 4.8235077251612503701
nan nan nan nan nan nan nan nan nan nan nan nan nan nan nan nan nan nan nan nan nan nan nan nan nan nan nan nan nan nan nan nan nan nan nan nan nan nan nan nan nan nan 0.42539758385812964647 0.91444054358874327093 1.902280723251548844 3.6404694244507616041 7.1058395094130863967 8.473868733591432445 13.043281471537556016 8.5165283544198331356
nan nan nan nan nan nan nan nan nan nan nan nan nan nan nan nan nan nan nan nan nan nan nan nan nan nan nan nan nan nan nan nan nan nan nan nan nan nan nan nan nan nan 0.34791080456928408227 0.77387813777838498908 1.2972279231873442562 2.558651594797960005 4.9208763294798067989 6.0851615597804640245 11.487557469122627651 10.479086382604622329
nan nan nan nan nan nan nan nan nan nan nan nan nan nan nan nan nan nan nan nan nan nan nan nan nan nan nan nan nan nan nan nan nan nan nan nan nan nan nan nan nan 0.14244568276010594055 0.45165907212022105011 0.96234075959761100627 1.6930043706528532521 2.3662681753445493626 1.5082904075674274935 2.3356675724174729147 4.352162180135276337 13.038356355576423695
nan nan nan nan nan nan nan nan nan nan nan nan nan nan nan nan nan nan nan nan nan nan nan nan nan nan nan nan nan nan nan nan nan nan nan nan nan nan nan nan nan nan 0.72127976449139841186 1.6829248828763287982 2.8242013514088841752 2.1662542565092506308 5.6362780266336605095 4.3076318521567991127 7.7380809339191101159 11.386283486803163711
nan nan nan nan nan nan nan nan nan nan nan nan nan nan nan nan nan nan nan nan nan nan nan nan nan nan nan nan nan nan nan nan nan nan nan nan nan nan nan nan nan nan 1.4341220897215309904 2.8663882914771821042 5.3540429407224801039 6.7071893074237172172 5.0236595887667681026 4.7668851417548152583 2.7314558142326919032 5.4082401102007775506
nan nan nan nan nan nan nan nan nan nan nan nan nan nan nan nan nan nan nan nan nan nan nan nan nan nan nan nan nan nan nan nan nan nan nan nan nan nan nan nan nan 1.0895698391205308475 1.9522480425245283264 4.7533083021511579602 9.3776562901913660397 9.1070230604739510483 6.5016202095991992849 3.1099447147963252824 4.7273990049073555397 3.9576600864544753122
nan nan nan nan nan nan nan nan nan nan nan nan nan nan nan nan nan nan nan nan nan nan nan nan nan nan nan nan nan nan nan nan nan nan nan nan nan nan nan nan 0.84380069706926452699 1.9299870219305375052 3.3090839836419485565 6.3297276785978420222 11.61828091398077234 15.620332828041748385 10.932666514523640799 6.4561323597024600218 6.3016199477121963568 5.7201238272676508956
nan nan nan nan nan nan nan nan nan nan nan nan nan nan nan nan nan nan nan nan nan nan nan nan nan nan nan nan nan nan nan nan nan nan nan nan nan nan nan nan 1.7125262062833774834 3.3240878744917976562 5.2402356512748236028 8.5842932366727922044 13.086720161907004822 12.76550960542073021 15.013601331277826034 9.7738285442678396464 6.769505074746116513 7.4847151805551481729
nan nan nan nan nan nan nan nan nan nan nan nan nan nan nan nan nan nan nan nan nan nan nan nan nan nan nan nan nan nan nan nan nan nan nan nan nan nan nan nan 3.2517353177387309238 5.1179794837333885127 6.675452597913137609 8.918728224161919016 10.713783192996164217 8.5975818680250970516 10.884385166163474068 9.8618296125505580108 7.5042107092096728138 6.2414303279079526021
nan nan nan nan nan nan nan nan nan nan nan nan nan nan nan nan nan nan nan nan nan nan nan nan nan nan nan nan nan nan nan nan nan nan nan nan nan nan nan 2.4652295565749184902 4.6513403982747414389 6.7991317938658273334 9.4805216783203896114 9.5495586428059890949 9.1031371729800270032 6.8043494771865198345 6.9234593862989273205 6.2754616064795776254 4.9386156704743786605 4.0991598344782662622
nan nan nan nan nan nan nan nan nan nan nan nan nan nan nan nan nan nan nan nan nan nan nan nan nan nan nan nan nan nan nan nan nan nan nan nan nan nan nan 2.2542841978338565845 5.7946309536691584796 8.8083252429925931182 11.133585217384457167 13.296533255242724891 10.571336262570769193 7.4021379877467561315 5.0723338940288664745 3.7031313035286843593 2.3307228905661041551 2.4598008810908509325
nan nan nan nan nan nan nan nan nan nan nan nan nan nan nan nan nan nan nan nan nan nan nan nan nan nan nan nan nan nan nan nan nan nan nan nan nan nan nan nan 5.4017764262873031456 8.9591855306210437249 11.460584796200583568 14.139825563347713455 10.65957292676097623 8.1908117247852310072 4.5096219044797072328 2.1939427851018726834 1.4056422495269615958 1.033077509609413136
nan nan nan nan nan nan nan nan nan nan nan nan nan nan nan nan nan nan nan nan nan nan nan nan nan nan nan nan nan nan nan nan nan nan nan nan nan nan nan 2.12529660563836309 4.2063705780342441898 7.1265762436324733287 10.791549888695410431 10.413966482590366169 9.9773045177382506665 8.0312069378655603913 2.5709385030202112077 2.8928553960926493005 2.6206315711182037731 2.844254319642773865
nan nan nan nan nan nan nan nan nan nan nan nan nan nan nan nan nan nan nan nan nan nan nan nan nan nan nan nan nan nan nan nan nan nan nan nan nan nan 0.61946406656606289864 1.5864637204006941662 3.1460813747031473042 4.8708391693815951129 6.6250108116269101899 6.8216523167488896107 9.1166139693027830049 8.6715635121461307477 7.0734362485227517681 7.0627965438257716002 7.4092597945444182983 8.2575102581880326369
nan nan nan nan nan nan nan nan nan nan nan nan nan nan nan nan nan nan nan nan nan nan nan nan nan nan nan nan nan nan nan nan nan nan nan nan nan nan 0.48439714858952914733 1.090064513730226281 1.7872469057346220822 2.7261876385426733194 3.9055763981954552122 5.6610955780803138282 8.0087440694563980514 8.5183468010362872747 10.612547609454519915 15.414268401379246143 13.813898711066695313 8.5757619715094968171
nan nan nan nan nan nan nan nan nan nan nan nan nan nan nan nan nan nan nan nan nan nan nan nan nan nan nan nan nan nan nan nan nan nan nan nan nan nan 0.38690248830864015783 0.76654437743710979181 1.221924808863504186 1.5599815372701408833 2.3159774054553357026 3.4776170820098406544 5.8231800355940483982 10.094310406260289525 14.299561813178295111 20.690704793547951112 22.151396802734442559 17.916943912689529128
nan nan nan nan nan nan nan nan nan nan nan nan nan nan nan nan nan nan nan nan nan nan nan nan nan nan nan nan nan nan nan nan nan nan nan nan nan nan 0.40462985428919634456 0.7590016835915562865 0.90515299814309135851 1.0817787486945134034 1.2980424083216037801 2.5228748779873679808 4.5804782072290102235 8.0166839556065987438 14.94730092002727595 21.106172522975352734 26.253336653029474945 24.281594815473919624
