src/SDSim/tmp/apis21
ncols        196
nrows        122
xllcorner    -12.166618000000
yllcorner    34.999860000000
cellsize     0.083333000000
[rows 88 to 109 of 122, columns 50 to 99 of 196]
30.301457799411082306 25.828651794002951192 18.790522281237485913 12.420228177169946093 8.659117072986047603 5.5468314172011687901 6.2543238502408158297 9.8035858266638946645 16.894886213822989163 27.225938226343991744 40.942113578759617099 50.802412627661638567 56.581280344549689687 58.200951726563886268 55.628759826409243772 49.643402775083089296 35.210174896030544289 24.468379528420456381 20.089933819320151542 19.161382157401895654 15.607540953323677968 11.167102105587737526 9.1146956518098853905 7.8030555789370072972 7.1144210084998560362 6.3408735012478771864 4.7729554600491752581 4.1332385493469727678 3.0484681369609076818 2.7263827996498974926 2.9333771005802220522 3.4206679853596733132 3.8765464983794619691 4.0873983213015900873 4.2050161532616208149 4.3280522835379926505 4.3709405201172737421 4.525581555391553934 4.6609302412758042422 5.5539073104411587067 6.737692654767005962 7.6458179086990885054 8.1408666319318463422 8.0820687706509026782 8.085287713204971638 8.9012857619306657853 10.041169683053855266 11.544122417571790251 11.676406781144846647 11.912884944260643039
24.497630580259240674 20.64528110202483191 16.529302974573258922 10.928336547490312469 7.8088972130902583046 6.6352193947874642532 6.8925790976533845011 10.755428227920667439 18.671055879504585562 28.889725194592003277 42.63200310689595085 53.748720065611770735 59.189776152212040472 63.997916352243386484 53.433758357675998241 40.686295713286696696 33.043810889254721985 22.092447099072032302 23.062880480682757423 18.396452449160108245 15.52848183784984748 12.706944543014945026 9.9764730425075054399 7.8182249436043207425 5.4094043366328987688 4.730410381913580764 5.111006680735448171 4.1982562134039600465 3.1037106962009728406 3.2890156064190922969 2.729180033411532591 3.0162230888485814795 3.5701209852756079499 3.8789600002509292409 5.0893294190132971622 5.3343179937582556605 5.3321540010524257625 5.1716719872140179959 5.4996865048382623797 5.6790699618792190861 6.6406203312276792516 7.4009968155818937063 8.0319511750565606434 8.1547585951580678909 8.9032506845525603012 9.5040345653971645135 10.249275828056983784 10.03563649482788378 7.1557581341317311185 6.9264210951045663833
19.950054174934845008 16.792217219686460083 12.094174706945295839 8.5091520124284922844 6.3926975647224839605 6.1597942403902994357 8.5074737049917867893 13.293478051380947846 20.820544573031060764 30.120952338549948024 46.400962231990774853 51.186329108283040057 55.520445819841647506 58.650314313214664708 47.607460501888034798 37.338647875240518204 27.625971470609901104 24.626197298384415291 23.097388613896416842 20.133978411398988584 16.822018007390997951 11.837411750723742188 9.2693868050201100317 6.0820023330542456463 5.0339804694330787527 4.380035913769789957 3.3770761889720679605 3.2408946237989826322 3.0097617919599501946 2.8452366688466645961 3.1294659881000752577 3.5785568761162069862 4.1914718031010886889 4.9885198019384286994 5.1544338920648415936 5.8077199423148933022 5.762387452678838784 5.7332456373131419625 5.3754675656753807544 6.6793029631167986082 6.1812335004908183222 7.6300406275296142056 7.4194728246504446645 8.4914518432807160053 8.0150228911506804508 9.0411938125241633202 9.1423157649882806908 8.5794491391453924223 7.0571851235115996559 3.2272982046906255604
15.062466377743138679 12.433299364778408247 9.0547198312914414231 6.7119703858248289663 5.5394557594901323583 6.4270656307690057218 8.6049500182768365875 13.764840901066627055 20.578715797395361164 29.088873845448400601 36.658648096392170146 46.06309995485391795 48.904420741124219774 43.431911342823404709 37.572083254940210395 32.053682083561263028 24.003030381295292983 23.346322290290046908 23.869480783526782375 19.513672489301438162 13.836386001373334409 10.330031015345532808 6.5584272647504366915 4.4411179093229211645 3.2082665971326420618 2.8776390435231351539 2.7087545720217751644 2.7327260264986823479 3.0373051101957759812 3.1715529745425277142 3.5590439570562493188 4.3599250316323452381 5.1364128456928384026 5.757392604573671413 6.022394214834716486 5.582648443977155317 5.574069000325411416 6.2029343315154514826 5.8220237698267629511 6.0724222986136089375 5.9698733687504539347 5.7170259954026967364 7.5016504018650760344 6.7206790549734627405 7.2132881675081526041 8.5928460785018891954 9.3721816396763131252 8.0095201536364939443 5.2112297966522920234 2.1477319576201745477
10.88036163354621344 8.3113057237256349197 6.8321453443549824414 5.1402390592097573219 4.3969514468868347024 5.3266441956872778718 8.6814400434025404962 13.209997082024036885 17.923712657834563799 23.767045891459520846 29.137266499312396206 30.57959255100164242 37.785756417077706715 35.271849768364148758 29.985010710320324279 29.94636683940667865 28.856677252227839858 24.860209232866456119 24.662975884500426105 18.85785337618450086 12.453435874194163091 8.6079559520761659286 5.2309764035339325616 3.1788975363391989148 2.3496262548310080653 2.0799782921886666998 2.3867283011803106518 2.7058495119737848711 3.1545190834624676768 3.2705313222527161443 3.891528839217777147 4.8375262822615301417 6.247803658706722274 6.5721217854299789352 6.8229278047120347495 6.6246859833141877871 6.2273133227855970162 5.7257566503460184393 5.4385258999677814629 5.2357972814806510442 6.0443227420940113248 7.149180318529082534 8.1225549422208302985 4.093109308589292894 5.8240941492381343991 8.6245255728838241538 8.7962551310374266222 7.2115015507098600978 3.309866992229398619 2.028650758620392125
6.8055418421390241335 6.1998714349201193841 5.0279982263575941914 4.0036490385685885585 3.5014977014604693473 4.7224537494316534136 6.684931529207069012 11.244721950035769353 15.130054867192002988 16.438476459037044464 22.081916121609630466 25.537810537324741489 23.035182189207141334 25.892901857013342237 26.273838314632193658 24.122338410602413461 25.104660667320601419 23.125930779508689028 25.305894486855656567 18.036311524539662798 13.501419686567212253 8.8319260204042979723 5.7378847750114214676 3.2148291301244613649 2.1265580079492854004 2.0360802116119067762 2.3030885608163886857 2.5489618398055582382 2.7959839597050959448 3.4252398566899597832 4.5946837337785053634 5.6782310720851985053 6.4234382407253409752 6.8169332553497188343 6.567678846635344847 6.4168131153460938876 6.7961416123142068813 5.8958637316843356402 5.1935037829288654976 5.4169940658738724437 6.4796231734412605974 7.6847107882555398817 7.6335514383127298643 9.1324364760395653207 7.8010240811428968044 9.0370602278613123559 7.5905713656636182307 5.6921318146581674213 3.48839305818278822 2.057264459861981365
5.289423391875536673 4.7907712270347264649 3.8812980135316528241 3.3198857846506970581 2.7970311139931061106 3.4821625508410853911 4.8799712895873854634 7.4219254195601722657 11.311764355696331208 11.631430645632518051 13.90557467586680751 15.523063813899245389 16.140457519765465833 17.700295857095483143 19.908455665051651096 24.179302321743012527 24.277582394381539643 25.613619643321090535 21.152732382766632924 18.375017024556672851 12.291153353111864632 9.9955441131198252691 5.7842284498378271351 3.5942198748383407114 2.6361186170659900441 2.364002427773352899 2.3689158317813876486 2.5433953837290581568 2.9185006902119257077 3.9203991088769671869 5.0354021591949589265 5.6740672071078464 6.6058908337317845394 7.0334186890054661845 6.5262643997332165924 6.7371763141560805366 5.767986148174038874 4.8439945443034249095 4.444161468981095986 4.8005375012008428826 5.9526563865175567969 7.6709291956748195673 10.340083999369893419 12.443210289890046738 15.169325410664514564 16.922158952705604662 8.7396320376991329937 8.9703891237639812317 5.3247228644153512533 2.7608771924454673652
4.4406660090358203163 4.3283536417633818871 3.1729585432378488719 2.856439211313635429 2.7038945623495358461 2.5478802237802726793 2.7521353778750210495 3.7054509326610665099 4.8304196397696328447 5.8649756705934334988 6.8174552640774166434 7.7413560183845842033 10.574058740674107781 13.078271364718393244 17.397013987081990649 22.547792713628350469 24.224352550571328635 23.416424992847201025 22.605116079968162524 17.294393067134446795 14.715792099491967093 9.5384604208723668961 6.2458708209617634921 4.6134371493199957115 4.096078652598684755 3.6606594870386648388 3.3284475114757974268 3.0887555515552080898 3.2585588653797716852 3.7957327853945650453 4.5626020861922196303 6.6213683796592857078 7.3754412381528702269 7.7549978289957284261 7.5348545846635932577 5.8792590174742942466 5.2916730092886101744 3.5670828937316350071 3.7236453406130092247 4.448838505860080339 6.1170363529168279015 8.3754128923221031755 9.2766850536539706695 13.000338534565269555 18.170072108922447285 17.1722055834055638 13.346028004539302714 12.489710634095095187 9.5308051302122276383 6.1197507636887573668
4.1476508976388934968 4.2444064038252147242 3.5839195931599694411 2.8376518180842666972 1.8366213848584402868 1.2266268869071894621 nan nan nan nan nan nan nan 7.2718723110080354388 11.981306553671592141 15.264169042374668095 18.008190850798047933 17.637480671590637371 19.485274495840201325 18.629089452654657322 14.846298657319357162 12.719340685459927798 9.2496833127532411822 7.7453708949017565644 6.7337908959718673074 5.6728599975823517099 4.6703607892097123155 3.4687903280818641605 3.2193836708757483933 3.476178904030632566 5.2596751826362613258 5.8414530324589915011 6.7384342737899878273 8.2645903450378312982 7.7848521504501233537 5.6235159941875876299 4.4154848937787916086 3.433809203643310326 2.9943504684143240624 3.7791629899152430205 5.6438661484562597792 7.7362960093625083857 6.6636732113546308653 7.2882792976786223704 12.360791386359068156 14.194298643619282174 14.559582780415832204 10.710856574850424749 8.8759869160417448342 6.3191073651134050948
2.5072882811026011574 2.2462744618056360579 2.2342914709374270821 1.5274613871202520343 nan nan nan nan nan nan nan nan nan nan nan 8.0104933837588099266 10.125350422488835989 12.150422237662205305 13.028259215862801668 14.422163248667978053 14.698992241781184021 12.237770416288149988 12.022439613155947669 12.967884460601830199 12.199898702996586408 9.7912124073415149894 6.7911080493849143025 5.3077308401852096864 4.7569473495367935456 5.3725544446444111202 5.8180626344479886569 6.0235004236532612154 6.5010585774266029802 7.6848575489951382878 6.05191172062357019 4.4887299438070726865 3.412697512424949231 2.7728814547832021375 2.4789263832390542319 2.9500503464687271027 4.5068667876673487172 6.1628447629401552632 7.253123422137770504 6.5611748403573120214 6.6646555652796575231 5.0451198530479137716 4.4948160044303540062 6.0815791243056995796 4.2812402867636096815 3.5751697041413064149
nan nan nan nan nan nan nan nan nan nan nan nan nan nan nan nan nan nan 8.8416160055318862021 12.807447252400050886 12.759362867234090189 nan 13.806210342925755441 18.794102135817063015 17.36841653884144776 14.235443544129520177 11.41237297508710391 8.8530055501438198462 7.639522778935805114 6.8848518746927345191 6.7089163025927609496 5.518413551618223778 5.0834064893001622565 4.9545739411216827008 3.2807644360380403548 2.8849041373320916115 2.2507053804918282225 1.727439813598158791 1.4361653255511743765 1.9745485419502897262 2.823483150420357024 4.2760905806972280274 4.6641431987574222262 5.2330189440799799172 5.882879546740359622 5.5316141158699769775 5.1823475977596480391 1.8696160843838973697 2.1222224779731519995 2.7639206600665717772
nan nan nan nan nan nan nan nan nan nan nan nan nan nan nan nan nan nan nan 9.7169521046325044722 11.28275610964299247 11.612607887642862892 12.822129722814350927 15.59345183197421747 17.935441728820553209 15.481120419364700069 12.251436610167710128 10.048112492725751466 8.7433476351730927689 7.8041787986951032252 6.4912429182579414189 4.5175779974118563942 3.3721290731049458067 2.0451765820737102253 1.792107512251285506 1.20215312837675814 1.1568486974405420842 0.90051208703951712842 0.88887289676846792386 1.0144103478602513047 1.6575378292645157607 2.1107147995687740583 2.6811113362334197951 2.5408571109237527708 4.2785297775994024505 3.9686057963198098086 3.3654605695604127291 3.4147125982776969089 2.0676067716857020606 2.9116383078775451843
nan nan nan nan nan nan nan nan nan nan nan nan nan nan nan nan nan nan nan 6.978774425229156364 11.273340860772695038 11.895602207348263235 11.711485181284835733 11.287139335057853273 13.421520067244985697 10.434898578988395457 8.6245594022334266526 8.4439221590464175193 7.5996698670974769385 6.6968601402821192892 4.8512200828778686557 1.213397999070156219 1.3251904739180822013 1.1395748653913968518 0.90514004059237329614 0.41287210933150808589 0.42972296090066108842 0.47379445967034727882 0.34615264304664178363 0.47582211283696945747 0.57579230307692885749 0.75650834222781682126 0.96937664284657787395 1.5460967924363884229 1.8636451449193220942 1.8072975108539230948 1.4719211117376191922 1.5670573272062926495 2.2257379067428382236 3.3860795756348140984
nan nan nan nan nan nan nan nan nan nan nan nan nan nan nan nan nan nan nan 3.9523730635728888672 7.1270917203196546552 7.5307317649534359916 8.0661683649949669217 7.6096759685981085752 7.2931491145419862221 7.2697648740193887562 6.2082235265061065377 5.9922944434111116152 7.1203780987288718407 6.3214624977043207821 3.8232690535766495898 1.0583761761509888899 0.64857001959643567623 0.52084674125965957359 0.19389791731301303512 0.12533132532628832312 0.20226780060845520048 0.15877394362971813946 0.14539740260425532137 0.15970405549161303949 0.21666897833390491579 0.22416249711196575833 nan nan nan nan nan nan nan nan
nan nan nan nan nan nan nan nan nan nan nan nan nan nan nan nan nan nan nan nan nan 3.9718629509879610495 5.1474832217771480103 4.9959880250509183242 4.6044559816856125423 4.2779454493813373617 4.9535577787392135463 4.4886103573434699143 4.8163926257320630597 4.8697620324338766196 3.0632650940241035187 1.7368320563268144774 0.80128139400527764735 0.42156385916925120938 0.18319906926949602877 0.095248396549233269037 0.088023199395460632877 0.074705980778718386603 0.066783440198052962389 0.064775898791216285355 0.084398181306473224472 0.042775078711900865747 nan nan nan nan nan nan nan nan
nan nan nan nan nan nan nan nan nan nan nan nan nan nan nan nan nan nan nan nan 0.89798884939556045115 1.8643401701099056034 2.5496171770199675954 2.9584294121651342202 2.791432313173718871 2.7562004707561160721 2.8212349406882544223 3.1147953516964785869 3.0673726503956495471 2.7494621551896774037 1.9871358235847109697 1.2964597105756676676 0.7369428858346761535 0.34750932712031279426 0.16516613237158081495 0.066789947227696530585 0.030592841890320431053 0.022908836732446272166 0.020473298501531164706 0.017810432129044428962 nan nan nan nan nan nan nan nan nan nan
nan nan nan nan nan nan nan nan nan nan nan nan nan nan nan nan nan nan nan nan nan 1.0253327873529844982 1.1819402791330038127 1.2729141475429364139 1.5041769256919514941 1.5497837365700144474 1.8238584353745994626 1.8579947542638486357 1.7158497914310120169 1.7732185577747143768 1.235049350897977849 0.65881965909150697058 0.42948654351287546271 0.21939920689550651556 0.085422303109794997522 nan nan nan nan nan nan nan nan nan nan nan nan nan nan nan
nan nan nan nan nan nan nan nan nan nan nan nan nan nan nan nan nan nan nan nan nan nan 0.53473682275107514705 0.77914533344293745998 0.89575567311757819944 0.98180316708672266124 0.92065648205599748266 1.1407376868278915616 1.1650890342351059026 1.2721634700694870457 0.9922662836288923538 0.56290197452380452692 0.25371221079852979141 0.11638872079292116035 nan nan nan nan nan nan nan nan nan nan nan nan nan nan nan nan
nan nan nan nan nan nan nan nan nan nan nan nan nan nan nan nan nan nan nan nan nan nan nan 0.35468323519233874164 0.48224822287850815927 0.56517577346789549253 0.77767568210830306796 0.92469870359748795874 0.9600716663088436631 0.94672529853391473864 0.76155623706014086149 0.43558517861835116536 0.17774239187031581899 nan nan nan nan nan nan nan nan nan nan nan nan nan nan nan nan nan
nan nan nan nan nan nan nan nan nan nan nan nan nan nan nan nan nan nan nan nan nan nan nan nan 0.25733644931196492101 0.35940470372802618693 0.47200279899106994952 0.70083694135258589597 0.84993025799433952194 0.56540746042594625109 0.44319050624159345153 0.23699883879558916733 nan nan nan nan nan nan nan nan nan nan nan nan nan nan nan nan nan nan
nan nan nan nan nan nan nan nan nan nan nan nan nan nan nan nan nan nan nan nan nan nan nan nan nan nan 0.24351996546994453263 0.37514884064172793199 0.39643233971343350142 0.44279533777395319039 0.22680667723830738591 nan nan nan nan nan nan nan nan nan nan nan nan nan nan nan nan nan nan nan
nan nan nan nan nan nan nan nan nan nan nan nan nan nan nan nan nan nan nan nan nan nan nan nan nan nan nan nan nan 0.15221677892688353917 nan nan nan nan nan nan nan nan nan nan nan nan nan nan nan nan nan nan nan nan
