src/SDSim/tmp/apis18
ncols        196
nrows        122
xllcorner    -12.166618000000
yllcorner    34.999860000000
cellsize     0.083333000000
[rows 88 to 109 of 122, columns 100 to 149 of 196]
14.10115759082147413 12.565107349642607559 10.657818861799801979 5.778183997144837214 2.602692313679301428 4.1556735466319967287 6.5499620940478546771 10.479593342853641857 13.528712567653313315 7.1381051085404072509 3.5316143905170389594 3.3556291973700980158 4.33629845387297852 3.531339437807809567 2.8882526378203650097 1.9275308276035438837 0.94457079464431181748 0.53612310522138362234 0.2897329685147394529 0.19422398215343827932 0.24374536064656743273 0.34732072215158249495 0.64160958589662642204 1.7282369544936342365 2.4577770200171986659 4.0494642314879527589 5.319914045235713651 8.1405292525809187509 15.295887416718768392 19.03633275427084115 20.166406076684854298 28.654651690392398677 47.733119498431918259 78.90974093253193189 93.311176180305551497 77.332681167728424043 nan nan nan nan nan nan nan nan nan nan nan nan nan nan
8.6027290707780004198 8.1899901918199056183 7.4688735838039415071 2.957082222630049273 1.4350570129486073245 2.077191675766008494 4.3617776633490779048 6.2098293782170248534 11.676712537065869313 16.271510405041823333 8.434872094571446155 7.5554189547493812995 7.4565709631566763349 7.2578045803886945819 5.7677638888887443613 2.7478030394302197514 1.3955526340873634084 0.69830828607447359424 0.30054055011149594101 0.17676039089095479939 0.2246459182753454964 0.27903900811728332698 0.84052982479439630747 2.187271641139612921 3.9579145675639910706 5.1785313844744562672 5.5029679086778298114 9.1658627783507693465 11.309643973916141846 13.049109870825533974 16.362277038704739596 23.826199539920587256 40.889890617501507108 65.711956945472195457 78.175333741764731599 nan nan nan nan nan nan nan nan nan nan nan nan nan nan nan
2.8579253813146969776 3.2153354929886837077 4.1638925673326925292 2.2311488850687126728 1.3758487576594193857 1.9735417798245444843 2.7639000621853528905 6.145585007046745929 12.152404479785804625 14.543682813758856298 12.454282021252627288 11.484352321007996522 15.24593597607807105 15.397405681670722544 7.567611652302964842 3.2310598535675274512 1.0406159030855048897 0.52594563730873133967 0.2715580448814624015 0.22725804451839687337 0.46191679406078800518 0.87034797087013882066 1.3904555256040622702 3.3295158127375605872 5.6786512378507074672 8.8228906736107592934 8.163107396821994044 6.5683623369495656164 4.9300109729442809225 8.1519459122847877097 9.7210795119001467413 17.492255201108978468 29.85819486028984926 54.069594275648391601 47.984819946995912687 37.715393627773458718 9.0624541698493210617 nan nan nan nan nan nan nan nan nan nan nan nan nan
1.6828709357093400989 1.7373116822995697817 1.8219632580604867567 1.4131408805183995891 1.1836007991607486733 1.699791872333139775 3.2898100664793115122 5.5871770406437661904 7.6286090076120860459 16.123889079651807066 19.18675171529503487 14.103598665908259946 16.250105292424990466 13.552114190320420306 7.6996317989951377214 3.6489396249090209068 1.4733643463071803836 0.63863453555989413424 0.43192362455426203116 0.47429436222004284218 0.86861928339546690125 2.0026055801995701344 4.22587314752475951 7.4990009020441119603 15.22072447781993354 15.108804476045136767 11.674943275768191242 5.1168596149230767267 5.2607045617198000542 4.5743519513045125535 3.8597548958661409557 nan 13.745227944396777531 nan 28.579331590546356523 nan nan nan nan nan nan nan nan nan nan nan nan nan nan nan
1.4131260751547811694 1.4216600507425101174 1.5258460770201975887 1.2725336898590273726 1.1717818240950330644 1.2426832593661587545 2.0112037869676466784 4.3954781302734255988 7.9264800220602147363 8.5631231094491475631 7.1720770481071296487 6.6148063988763246002 11.063578338468733619 8.5895434624637605481 4.653695828206959817 2.409609331600562232 1.488491816089136055 1.0319284093955656267 1.0370308535154286744 1.8423280153128624992 3.3076204250263461226 7.6756024961957187713 12.703566053743347908 21.881287762574494593 25.625528555081722004 25.035218375036617289 16.907358816761298925 7.3654462985075506154 2.9462788369159769175 nan nan nan nan nan nan nan nan nan nan nan nan nan nan nan nan nan nan nan nan nan
1.8738497635580719791 2.8995083472214342457 1.7739792308899267059 1.5232724531799108902 1.1205321507299275119 0.94370898380569290254 1.551915150733129245 3.1125094706651963428 4.9090446977631767567 3.6949616802862914611 2.7842720999175316621 2.0756961820075003899 3.4662239404279269195 4.530335558856824818 3.5207249087779781682 2.566407698538269333 2.5873723278406539627 1.9712222385130644398 2.3903866195896310565 4.3012472342033563066 8.141724146713228194 14.569663087785441391 22.280177467664099566 28.653546185678838043 32.29549689122877254 27.77369903923825234 14.067710042057377962 nan nan nan nan nan nan nan nan nan nan nan nan nan nan nan nan nan nan nan nan nan nan nan
2.6944867934330769543 4.4596323209366532936 4.1064164752006728776 1.8502534783118997908 0.96778096384263312402 0.85453728961047348278 1.0601567390702977267 1.7534386908529293603 2.1503447195434151062 1.7902852762438046241 0.88455572053568565227 0.65601428414890772256 1.1885896590953468621 1.8031724259628911788 1.7601725223671382814 1.527251833486158672 1.8681598946330768563 1.6688345784530635996 1.867863636270155725 3.6925232132148595454 8.3702302494732077065 15.041949808098966201 23.72467699152778664 26.265794272542386523 24.314638169943897594 17.221986695495282049 nan nan nan nan nan nan nan nan nan nan nan nan nan nan nan nan nan nan nan nan nan nan nan nan
6.0086200020314084469 5.8402421780211692948 5.6071833975734284294 3.3998002736877874774 1.5463654714052805783 0.86538932587871930657 0.57218508960054492718 0.72520633817838697777 0.83813505682480227144 0.86208610548057262868 0.9088465816200985703 1.0371469834572304425 1.091420787733460962 1.3903347661110421196 1.4779294693643638681 1.3557371757240681553 1.538233590289355357 1.3568625702629124596 1.9313782597183191125 2.5249043841391927145 4.6811334978915546401 11.708619445874525411 16.47677863636927853 17.803281764971831791 12.305409056777660837 nan nan nan nan nan nan nan nan nan nan nan nan nan nan nan nan nan nan nan nan nan nan nan nan nan
5.5990793541702421621 6.6043704745015086033 5.8250830445672594493 4.0175082262438088776 2.0439074289227794345 0.7934902513485690978 0.31645538163586517388 0.18216401127390627335 0.33623570971376665062 0.52265474982427739814 0.80117911219328863393 2.0531700491633584349 4.4094309800640614228 6.6367399392094474919 7.2560050692886086665 7.7639000073163106919 12.415572628089037721 8.9203062926409835143 5.0257282581899946905 3.9669466641342596702 4.1571108361640494167 6.8919550635430999463 10.732851434170079585 7.9365683548133638681 nan nan nan nan nan nan nan nan nan nan nan nan nan nan nan nan nan nan nan nan nan nan nan nan nan nan
3.8600983315227761494 5.3366457051308158199 3.926433614258721061 2.687625394182813654 1.1495620716561918417 0.37596868454527310188 0.24909212679805436963 0.16392522803415579546 0.32385825259582173841 0.59980258310591438864 0.83083942212015948758 1.2418219029718522428 4.3809813871521718909 9.5690326734189525837 25.718136759515580536 40.50543591611006633 37.657077697477696177 26.480758244797087286 11.34649800941642539 4.8790669058492071031 3.3700735522185327753 3.8340933052697905303 3.3601307685040029405 3.1797864992553530605 nan nan nan nan nan nan nan nan nan nan nan nan nan nan nan nan nan nan nan nan nan nan nan nan nan nan
1.7372399059852314807 2.0713116548378835979 3.3495624154889829249 3.8681535785441965025 2.0096788923444024455 1.1614955241585733781 0.70834078522111809662 1.0405110570412516857 2.5327335292646657727 7.4901849904122892454 5.4896534275298405348 5.7753860911395520361 13.706383150773962853 21.822701758861995813 51.50400021709802445 82.152820447076607024 47.446920808137235781 26.107156019858670959 11.374119101648124897 4.462708702015858897 2.0822642616935329585 1.6968745370622431157 1.4752314386127647339 nan nan nan nan nan nan nan nan nan nan nan nan nan nan nan nan nan nan nan nan nan nan nan nan nan nan nan
1.0952730805084183174 1.7888754615382227442 2.5806142168858250407 4.8025491459869318334 2.9860002305322130844 0.78125991314043141678 0.80049594778070498613 1.9485241493969436277 5.1216112722383364542 14.291285134653808342 27.768916443420710749 22.369770844259051046 46.489806285779415873 76.53685789846556986 80.050684259657472808 57.830985865056526052 26.783997156176134524 nan 4.5593284724955482901 2.9216994116248984348 1.4265070755684496895 0.73205301404441425195 nan nan nan nan nan nan nan nan nan nan nan nan nan nan nan nan nan nan nan nan nan nan nan nan nan nan nan nan
1.666730164864451913 1.9211228652609224632 2.4996358344388069916 2.0179422879959885151 2.1787615120134318225 1.4814746646349343795 1.1035561994211695591 2.0777167778120464448 5.6602005004530155929 12.394061690903187767 17.894442796489371972 29.770610440883160663 44.760753498247623838 50.09747870194802033 nan nan nan nan nan 1.2373079861241389477 0.69940144658519198817 nan nan nan nan nan nan nan nan nan nan nan nan nan nan nan nan nan nan nan nan nan nan nan nan nan nan nan nan nan
nan nan nan nan nan nan nan nan nan nan nan nan nan nan nan nan nan nan nan nan nan nan nan nan nan nan nan nan nan nan nan nan nan nan nan nan nan nan nan nan nan nan nan nan nan nan nan nan nan nan
nan nan nan nan nan nan nan nan nan nan nan nan nan nan nan nan nan nan nan nan nan nan nan nan nan nan nan nan nan nan nan nan nan nan nan nan nan nan nan nan nan nan nan nan nan nan nan nan nan nan
nan nan nan nan nan nan nan nan nan nan nan nan nan nan nan nan nan nan nan nan nan nan nan nan nan nan nan nan nan nan nan nan nan nan nan nan nan nan nan nan nan nan nan nan nan nan nan nan nan nan
nan nan nan nan nan nan nan nan nan nan nan nan nan nan nan nan nan nan nan nan nan nan nan nan nan nan nan nan nan nan nan nan nan nan nan nan nan nan nan nan nan nan nan nan nan nan nan nan nan nan
nan nan nan nan nan nan nan nan nan nan nan nan nan nan nan nan nan nan nan nan nan nan nan nan nan nan nan nan nan nan nan nan nan nan nan nan nan nan nan nan nan nan nan nan nan nan nan nan nan nan
nan nan nan nan nan nan nan nan nan nan nan nan nan nan nan nan nan nan nan nan nan nan nan nan nan nan nan nan nan nan nan nan nan nan nan nan nan nan nan nan nan nan nan nan nan nan nan nan nan nan
nan nan nan nan nan nan nan nan nan nan nan nan nan nan nan nan nan nan nan nan nan nan nan nan nan nan nan nan nan nan nan nan nan nan nan nan nan nan nan nan nan nan nan nan nan nan nan nan nan nan
nan nan nan nan nan nan nan nan nan nan nan nan nan nan nan nan nan nan nan nan nan nan nan nan nan nan nan nan nan nan nan nan nan nan nan nan nan nan nan nan nan nan nan nan nan nan nan nan nan nan
nan nan nan nan nan nan nan nan nan nan nan nan nan nan nan nan nan nan nan nan nan nan nan nan nan nan nan nan nan nan nan nan nan nan nan nan nan nan nan nan nan nan nan nan nan nan nan nan nan nan
