src/SDSim/tmp/apis10
ncols        196
nrows        122
xllcorner    -12.166618000000
yllcorner    34.999860000000
cellsize     0.083333000000
[rows 66 to 87 of 122, columns 0 to 49 of 196]
nan nan nan nan nan nan nan nan nan nan nan nan nan nan nan nan nan nan nan nan nan nan nan nan nan nan nan nan nan nan nan nan nan nan nan nan nan nan 0.98328520450039591516 1.3575007548893129883 1.3324420987779508341 0.76040615617312523611 0.52545843437088979311 0.64377064764984159861 1.5869469517861021224 3.9907884284757568771 7.4048903120751541351 14.605413741850115983 17.102435361431819416 15.851436207966475678
nan nan nan nan nan nan nan nan nan nan nan nan nan nan nan nan nan nan nan nan nan nan nan nan nan nan nan nan nan nan nan nan nan nan nan nan nan 0.70506398976248674249 1.2373264457157953089 1.5617203081703088241 1.2723554171829434267 0.73072206881038559434 0.35782366119829467355 0.35127051131120518024 0.74868016325652342324 1.9634091860357292258 4.9650790285743617858 7.2399585176842071732 9.4068428238767189953 11.395544348658219747
nan nan nan nan nan nan nan nan nan nan nan nan nan nan nan nan nan nan nan nan nan nan nan nan nan nan nan nan nan nan nan nan nan nan nan nan 0.37143620266328658541 0.66174480181596950779 1.2382904036504582823 1.4201844563039371927 1.3405399000060196357 0.65977515578405465657 0.31580480894295648309 0.18385878136821937057 0.36097173018357842089 0.90932388645857220588 1.8315986243217803331 3.1849631903137729516 5.4286201708552033196 7.8171809477419893497
nan nan nan nan nan nan nan nan nan nan nan nan nan nan nan nan nan nan nan nan nan nan nan nan nan nan nan nan nan nan nan nan nan nan nan 0.24575996210597086944 0.41929515894830143852 0.63257440866419401004 1.0237165515938559945 1.131564666703105404 0.77183085320101973981 0.53282545284709081912 0.24138505186376232881 0.101904746205552732 0.1321108206725900569 0.33753963789307439569 0.73127254484071246843 1.5969630415963542713 3.6663702290309840848 7.8834690075455693403
nan nan nan nan nan nan nan nan nan nan nan nan nan nan nan nan nan nan nan nan nan nan nan nan nan nan nan nan nan nan nan nan nan nan 0.14308470845655513193 0.30172668379250033865 0.5211295452754516333 0.6475273427059897724 0.75637318958875443542 0.84624020822867895841 0.47048835384154980011 0.29628347844948621503 0.14422581060349437543 0.05476728675544909053 0.047767382021786139457 0.10238654064721450232 0.26984577682383431574 0.90519611567125224383 2.6311195810673098094 6.2552660549278904512
nan nan nan nan nan nan nan nan nan nan nan nan nan nan nan nan nan nan nan nan nan nan nan nan nan nan nan nan nan nan nan nan nan nan 0.16289379147073471121 0.3208515706500775222 0.38258274202842801337 0.5825211584624118144 0.69119410999491448511 0.5751645423854420125 0.35956217204989565639 0.15954283877260605484 0.072093465601335171566 0.03654825361636983988 0.040427714585161894645 0.08814991263979077285 0.24065276417191289182 0.66701862388138477566 1.8106132598409467871 4.0743988434358175965
nan nan nan nan nan nan nan nan nan nan nan nan nan nan nan nan nan nan nan nan nan nan nan nan nan nan nan nan nan nan nan nan nan nan 0.15144433606186419317 0.27003751391887859112 0.43673189819762964214 0.47168439432735509431 0.61094861277151701895 0.42117569866092152697 0.23198246627495133776 0.093487611223772387747 0.05062171898643884338 0.051246769111770285043 0.10655858883917658508 0.23898058519620080098 0.51208348520218183175 0.90990466444071560481 1.5621959950319603827 2.9074051942844474361
nan nan nan nan nan nan nan nan nan nan nan nan nan nan nan nan nan nan nan nan nan nan nan nan nan nan nan nan nan nan nan nan nan 0.047770404240914138283 0.11338819513445214104 0.22489402960199522674 0.31188623209732818653 0.37595910142170957391 0.42874666732180949369 0.26318442798383545611 0.12401732863632364268 0.067622196011834986851 0.065051675070814010682 0.11147129342653107342 0.26210021218171941637 0.64854859307109935518 1.4038758962841504374 2.5591221361125775502 2.9448217919432764234 4.0324942019235550106
nan nan nan nan nan nan nan nan nan nan nan nan nan nan nan nan nan nan nan nan nan nan nan nan nan nan nan nan nan nan nan nan nan 0.041355808162843447906 0.084756181617885936741 0.13032145420801191649 0.18536350610254689886 0.25085065801052297552 0.22041472921124172224 0.18010014621279535341 0.088452563992983374019 0.072562784578665301405 0.10653529741837465539 0.2045176698723055464 0.48110717917214385064 1.44584875130052537 3.0220183825825071011 5.5259578937933309106 7.228282130556434204 7.1798399013863889451
nan nan nan nan nan nan nan nan nan nan nan nan nan nan nan nan nan nan nan nan nan nan nan nan nan nan nan nan nan nan nan nan nan 0.017992065680564082314 0.043106058613077861963 0.075508967774598950706 0.10115814113457560763 0.13166961820527811611 0.14296210433613895652 0.11528194548969582234 0.08561072012742185211 0.08520753160651008129 0.14072514918961784303 0.26486406459037631356 0.6966051630292902086 2.0448379239217686631 5.3422369707184707011 9.877685770754675687 14.917154466619246378 13.762517599689363834
nan nan nan nan nan nan nan nan nan nan nan nan nan nan nan nan nan nan nan nan nan nan nan nan nan nan nan nan nan nan nan nan 0.0023993164178989774375 0.0076800827322707453104 0.017545047495105239171 0.064485271043334166374 0.084531386550443093908 nan 0.15878187994082221257 0.19722395923705451914 0.15565558926926184591 0.17444312169071407581 0.20801403986113975453 0.34337983164099877831 0.8376507172969284154 2.5503069431259102195 6.8153787193294164126 14.90055682927982339 19.507501897111978906 16.400704522155848508
nan nan nan nan nan nan nan nan nan nan nan nan nan nan nan nan nan nan nan nan nan nan nan nan nan nan nan nan nan nan nan nan nan nan 0.0079210275724187102775 nan 0.22178547759963590513 nan 0.40711337518066570418 0.44593186733695977519 0.37400148933952837016 0.34037175155632837242 0.45114278969785348572 0.61676613426291215792 1.0957030069760089752 2.7959010835437787534 6.7857633574843152502 14.143153571361263943 15.202831189237278053 14.325559159097089434
nan nan nan nan nan nan nan nan nan nan nan nan nan nan nan nan nan nan nan nan nan nan nan nan nan nan nan nan nan nan nan nan nan nan nan nan 0.46777926356359372795 0.83142944662790463362 0.77833971740829954733 0.70179788811402521453 0.62366178569056818226 0.72900604925589718164 1.2348150266329382951 1.4479678926641190717 1.7349181054758715526 2.9756455687715428482 6.5099415306916377233 11.271576747228998272 14.835529222860539988 15.431936439606031897
nan nan nan nan nan nan nan nan nan nan nan nan nan nan nan nan nan nan nan nan nan nan nan nan nan nan nan nan nan nan nan nan nan nan nan nan 0.75314076449213640529 1.1553343247008653893 1.224046903991633739 0.87891956991776243324 nan 1.5714713668060191765 2.504075366650475587 3.2053565792920273303 2.9930280258157937467 3.9307036920346707376 7.2298318097409426386 15.04141092103661137 21.700483844146759793 22.669185775310754849
nan nan nan nan nan nan nan nan nan nan nan nan nan nan nan nan nan nan nan nan nan nan nan nan nan nan nan nan nan nan nan nan nan nan nan nan 0.5587553018327195975 0.84036705381916221302 nan 0.76573730764359759782 1.4455798273157891565 2.6230799929540329352 4.84217334180644432 4.8760705339440439943 5.2921099231476933511 5.279564716512667566 8.39245752453607885 18.477431745925422035 26.122935653280741519 26.688683807449717023
nan nan nan nan nan nan nan nan nan nan nan nan nan nan nan nan nan nan nan nan nan nan nan nan nan nan nan nan nan nan nan nan nan nan nan nan nan nan nan nan 1.8679757762951507694 4.2256504529597496145 6.0396441989131943728 7.9645149188869366341 7.3463845666665834599 7.1866808829436648054 9.4343488100573349442 17.814277874131001056 26.359123071698299157 24.457699026887912197
nan nan nan nan nan nan nan nan nan nan nan nan nan nan nan nan nan nan nan nan nan nan nan nan nan nan nan nan nan nan nan nan nan nan nan nan nan nan nan nan 2.2937311125447563676 4.7250854738866729932 6.409824347420383539 8.0093790437248078007 9.401511211208037011 9.7488697652711735486 10.519595436416114609 12.005529043145592993 16.554350569918085512 16.525845713449076158
nan nan nan nan nan nan nan nan nan nan nan nan nan nan nan nan nan nan nan nan nan nan nan nan nan nan nan nan nan nan nan nan nan nan nan nan nan nan nan nan 3.1290919114373947352 6.5299041850751411431 7.3140452376660265443 8.4734686285829656782 9.6001478469310708164 10.567905880787213491 10.319728811840509053 8.8812141552475249995 9.6033132698799654747 8.3464092165036252169
nan nan nan nan nan nan nan nan nan nan nan nan nan nan nan nan nan nan nan nan nan nan nan nan nan nan nan nan nan nan nan nan nan nan nan nan nan nan nan nan 4.4004335306053281585 8.1108747443251960618 10.296062218196549765 8.8044357511870181554 10.404284168075284001 11.460731640024969025 9.0278812725020909369 6.9821932860638220575 5.3832526738710617664 4.1100720146062714733
nan nan nan nan nan nan nan nan nan nan nan nan nan nan nan nan nan nan nan nan nan nan nan nan nan nan nan nan nan nan nan nan nan nan nan nan nan nan nan nan 6.1314044876979414411 9.6291543777010506489 9.3368038519151053123 8.1228452477204129423 8.1109184576021320368 8.5822864196564108141 7.849179509414338618 5.2621853056598189013 3.8352485243877447729 2.4360050322999935446
nan nan nan nan nan nan nan nan nan nan nan nan nan nan nan nan nan nan nan nan nan nan nan nan nan nan nan nan nan nan nan nan nan nan nan nan nan nan nan 3.3119940856093221804 6.7942802166804119324 8.6153862173337696362 8.1017563239802274921 6.7360990886240168507 5.8369211811755024044 5.7740458746436891246 5.5801692851409141483 4.5976330376706737724 3.0589053671269068602 1.8276886315138496375
nan nan nan nan nan nan nan nan nan nan nan nan nan nan nan nan nan nan nan nan nan nan nan nan nan nan nan nan nan nan nan nan nan nan nan nan nan nan nan nan 5.4138562181688332231 6.8373252222288263269 6.165469739850227171 4.8345847694789503279 4.6137603318573239264 4.5818821789659205379 4.1681128603466781612 3.9739810670839776918 2.7053926003867632133 1.9169910780856875832
