src/SDSim/tmp/apis1
ncols        196
nrows        122
xllcorner    -12.166618000000
yllcorner    34.999860000000
cellsize     0.083333000000
[rows 78 to 103 of 122, columns 58 to 115 of 196]
0 0 0 0.13843979559262956092 0.27719558639399638489 0.39914938977503572337 0.2976527346974104371 0.13685547057207170241 0 0 0.080088052343116236664 0.16425498882571915038 0.24439418035586082945 0.1616411626263689616 0.14671231982497037749 0.6304912426427183858 7.0322659266898659425 12.203935389661554112 13.339326764211397958 4.7278024713556092706 3.910219804857932413 20.575231929684207444 6.5608406742982747772 4.7672354540254850974 0.9898928151812187437 6.1854608886678335011 35.946952746056055616 6.8773112241172746906 0.61144528311611523463 0 0.039500624186757135603 0.068065172848793667471 0.10781577792233076885 0.069102041296156463401 0.03032869007377177531 0.5766263810035873183 5.200645140351575435 28.609232641758058691 5.663737357790865623 1.0105276810406120802 0.043679402649315211826 0.15040509691457881747 0.12868460342095100479 0.1344021506165081481 0.20796767434365232008 2.4876436876794123521 4.2435290154867058021 4.1542317040758813818 1.6019539401149709423 0.10643100084829155982 0 0 0 0 0.19490678459830901303 2.1447167826231745558 2.0845525052466684635 1.9059688327388510931
0 0 0 0.27484330866781553349 4.1209735256736106379 4.4430058569764261378 4.1698603280863499876 0.26551755926643788586 0 0 0.15535011011923927082 2.2393460008384531434 2.3960227894831804818 2.2388588442199934825 0.30193170974603333878 2.2142803069334289212 2.5447480501890828997 2.8688988868861509118 1.1378024988603965273 0.79954029815641092238 2.7248141629073860948 7.0670629172485819325 26.430187818119687648 4.7450665520150048238 0.94655354857651852196 5.7270632304610158414 6.1870150007580084761 5.7466584737730057597 0.45862485770620370351 0 0.075498494660710957493 0.90501626953342473314 0.87987963189076534576 0.70737248697837817879 0.0622178021865065628 0.34913634361233103487 4.2328920191903920411 5.1756579943612335271 5.5072187676455506278 0.48790476476660754601 0.037885517319514609713 0.12640599562625509655 0.72159888644604841534 0.12603690952865168051 0.14183983628993310222 0.59851927875816568481 3.2308570867754831113 8.348348652860671848 1.6449217874068513545 0.15673027484283483246 0 0 0 0 0.11056799192382626984 0.21503732589224219818 0.27956053236019096087 0.41323691950872931677
0 0 0 0.43885733298886320242 4.3895041965194785405 27.862226613457192315 3.6235778936599247757 0.34757361867050495796 0 0 0.23182516541940520471 2.2504662760396647592 13.096926598462300007 2.4467340383595588271 0.66011677383716815815 1.9784890452959040807 12.257081806263144586 2.0565354144897680655 0.52656103567298329082 0.5946588551509188747 0.8802385248672330853 4.6652694689801172956 5.1485635757690308978 4.6962954473935472066 0.59425055852746144769 0.43079318458531956626 0.68982884069011385364 0.43431891114212678451 0.19955549720338400244 0 0.11247672789975701746 0.86358912649381569526 4.2876110197940668911 0.99169857660333371463 0.10445089858795353344 0.17190079488984325029 0.34563947020430763057 0.53801463273813998622 0.44032426139538793919 0.23193819157867229253 0.0082216189492793773086 0.11631068962290154467 0.12707805018355841642 0.11798014344641907791 0.025194315619912550225 0.34164453800528526983 1.7165179621963271295 1.8065327536876276682 1.4403799279327185179 0.10493893295617418016 0 0 0 0 0 0 0 0.59701648052425337898
0 0 0 0.28849454016525721833 4.2904445254069090154 4.3013848642868115491 4.1012753802927983671 0.26563622048960894295 0 0.026363670073580067893 0.20391930630902505017 2.2731512897273189466 4.8685221605407598133 4.9463932668480135035 2.8822688741453759143 2.000102751666095191 1.8954064092541145214 2.0604646989348776032 4.4046146314143257428 4.7003046020618013401 4.4547154580916270561 0.70146484866402369907 0.54406156876789724119 0.35352674359503116763 0.17658151150069487101 0 0 0 0 0 0.070233953680374369699 0.8489424736851796105 0.84425785165635136575 0.87156775467171443417 0.078672603476391544941 0 0 0 0 0 0.0049734457087688196258 0.009805068221880600815 0.0162128666105660936 0.010826204803010032462 0.013827846563880148711 0.073004630121456179359 0.1599904808603871964 0.21144359447470462143 0.14379281891751571898 0.062486523866482103495 0 0 0 0 0 0.16877842131693024386 0.25569555787924669321 0.72084976753431295737
0 0 0 0.14302494297811102486 0.29229644830634093911 0.44400201679855139103 0.27618327480035176347 0.14253471711981646752 0 0.052033700136774579947 0.81706087469070864948 1.3334235223142965054 3.9587267648916619756 17.750075093433022033 4.4862306800612232749 1.7249830053410240005 0.34988949970013338842 0.79951188373891146632 4.9175423676505385373 25.123329573037405993 4.7032742047099427296 0.51226259276448882218 0 0.21386286576471483234 0.446642207112183387 0.71099461863395729821 0.49713175286924254914 0.23956349113066624512 0 0 0.035641533123727399401 0.069479884371101391372 0.30201883869385498516 0.44634567863980556535 0.54979981051582493823 0.34913650858338013405 0.18989459873203251572 0 0 0 0 0 0 0 0 0 0 0 0 0 0 0 0 0 0 0.30084087496762235148 2.4168976918897477901 3.2556520101546562174
0 0 0 0 0 0 0 0 0.030742214244404066775 0.14037668316594048568 0.87507137297397763476 5.0173001413468787391 5.0573394818639609838 5.9606774102990742747 11.846898138689651248 1.6615908245214161543 0.30968202941517286586 2.3815777538976257155 6.620911310942818595 6.8187625015009816209 5.5458119283637943298 1.0232546373637405601 0.85956247752030412457 0.79747045360036739048 5.0731975465291831995 5.9092711307829786094 6.1796103602393301912 0.48296352692493088599 0 0 0 0 0.38414915629112700302 5.0652615355315777634 5.5750733870283646354 5.1845115855170149644 0.43233644315211205988 0.069951626335714625626 0.12507973207432476759 0.17432583726165692961 0.1317663216421439687 0.065530714885105798007 0 0 0 0 0 0 0 0 0 0 0 0 0 0.38651969614509618101 2.653865375041467356 9.8185586741267840694
0 0 0 0 0 0 0 0 0.19890155257347730267 1.0622338932868506944 2.0354705891349933466 2.1488862734323266324 2.7281296071647958001 10.859102094212754963 3.2502356143969075575 1.687043351367108146 0.3284364992971073316 2.0584474042834117746 11.889265136946287171 6.1578345562563070459 4.8510254570328470436 9.531166484955839735 6.2001519890632534882 6.9067782699016140313 7.0356000597269146013 30.191444981399836678 5.7967063532270062254 0.64842681266258006545 0 0 0 0 0.62354724554599072484 6.0914774027258005162 37.85498337094247745 6.9341981378497212773 0.67064170496937336452 0.14444856449463910897 1.933361531909971287 1.7634923638435942017 2.1201883267345014161 0.55361694403162431399 0.60991895342196822405 0.40600613022898796034 0.19035822990812908961 0 0 0 0 0 0 0 0 0 0 0.22401854619186611917 2.0949724032649363892 4.7833040804572819482
0 0 0 0 0 0 0 0 0.3930389599698635994 5.4585636490615119243 8.8411908299207340178 4.3498165238771084873 1.961863954195452564 1.7521012017300856556 1.518646704897080868 0.22002977349283608932 0.22937264165962234497 2.402107344122737409 2.5237605752120826352 5.6423455914328828342 20.311041438104965096 10.088291119586408229 34.007198516823294199 7.7007074058613653733 7.5591136778491812009 6.7423284829586993538 6.0795662856714960398 0.46934952590447687193 0 0 0 0 0.46067982131852691641 6.2888812626433976405 6.7606316225797034036 6.4453191948523285149 0.49268672170204785843 0.21981474117565591442 2.2367888579720789366 12.973911447024768506 2.6282935663801758608 5.9604453757053521556 6.2488094424309599262 5.7464615814981963027 0.40418184301520743151 0 0 0 0 0 0 0.20469172295778498283 0.21831528099807123722 0.41414638987239460466 0.21229185708946582412 0.16422767037197583129 0.46187734407411684678 1.6434274414648877283
0 0 0 0 0 0 0 0 0.60879309875997345003 6.0612520048827551733 32.456919707448470547 5.6648513306641445908 0.87669170307797816832 0.67527457814271918402 0.8044622726796808454 0.46833753193507809964 0.34508129329659559259 0.18367369219255738622 0.54592195503108920107 3.872448026109660546 4.2359947837069036325 9.3558923426338402862 6.5484313131320606161 6.0753103620984427735 1.0528431634093804448 0.85878780612202920697 0.50516657306892376322 0.23646605212708543542 0.012246304888817468801 0.024187449750885700595 0.037232146185310920072 0.025109264881465517827 0.23849115513889770912 0.44223509669281046985 0.67759835035151161353 0.4734500203913191152 0.23938158739207068826 0.29115181219590507977 2.3482561333708451556 2.63936086834164918 2.9330629919599893185 6.335767024686594695 36.545455082660240009 6.0979600661345614299 0.73003133752611026885 0.20870440516787003293 0.15030502328334546802 0.0748655249831991082 0 0 0 0.34748059922358304208 3.3631932753221720489 2.1374345548859485788 1.8693854158553118161 0.16515471310245144476 0.15456430461331660542 1.79079547993531496
0 0 0 0 0 0 0 0 0.37234081592510959169 4.7554740729892657214 5.2925502056990367805 4.936915292676162359 0.87401817883046173385 7.1638743746153021874 7.0852774448472901625 6.6029040891181134398 0.4775165374178409472 0 0.14929078568495904311 0.307777504701792326 0.63631531772907501399 0.70918520634237669498 0.86303694392465879481 0.49147482137603348828 0.22857925919057639486 0 0 0 0.024210142768110502753 0.31678397880227493477 0.33615711603981740518 0.32459316328385795503 0.025063079621694128729 0 0 0 0 0.35358632044807464245 4.2956489814985294728 4.6566582375138629857 4.6870320314633238112 6.007073359415507241 6.0332222627178930807 5.8773576419651201164 2.2299721971380273011 2.1078301322943882035 1.8982120096905581441 0.12069248638348076264 0 0 0 0.46236845541439014484 2.5352369846000200049 9.8173638516169035029 2.790314924158362242 0.37789403115322206528 0.098427750469368482933 0.19883082631226683956
0 0 0 0 0 0 0 0 0.1672406428151284874 0.31814942713469951396 0.48261732969645088076 0.33775175293904213802 0.92653699636879593982 6.9962253162059653278 41.277431848088262711 6.9494022732564761924 0.720074903628145635 0 0 0 0 0 0 0 0 0 0 0 0.03651334188195058672 0.34944379511080236878 1.9157303303451751475 0.36111945080145663178 0.039043199483302024055 0 0 0 0 0.43533141911051953521 4.4500906414593641713 27.276540743392256871 5.0741567589004556993 1.7462457937839637179 1.4709633789554537042 1.1026697980379809305 2.2554828035915845952 9.231486419974773483 1.1854943637043784399 0.3739676184066753617 0.43355900683239234628 0.70452226718353383461 0.47202777513708849 0.44904086501686268917 2.3718895724762369959 3.1305808371693522041 3.7021778349103282579 0.53224132533530565947 0.32440071658331393056 0.21576653148446961472
0 0 0 0 0 0 0 0 0 0 0 0 0.48703976922946679018 6.9694283728133026301 7.4646591159155004647 6.7665092781738973571 0.44142502550908602199 0 0 0 0 0 0 0 0 0 0 0.2350127565810849195 0.49740816947667454428 1.0313539060397141078 0.837673240773562644 0.5595642729324858955 0.02571882521505680641 0 0 0 0 0.30133512631914338709 4.3635636250987133167 5.0566184600431585139 9.3488279412791932543 8.6979192854360949383 9.1930131418193532511 3.2396436225159175315 2.2149185193921234749 1.2913984531411408785 0.924687505883340366 0.39533369605299772953 5.1711172770110582775 5.1170375247142736441 6.2431183256728690623 1.218619634181386191 0.92456549042732893984 0.87443265900839117766 0.96608481569517079546 3.5135508311766168177 3.8723137805869241035 2.9781282459463964685
0.50597928421980564728 0.7473917083376195869 0.53039505240254780638 0.25711825257346343498 0 0 0 0 0 0 0 0 0.26077427589533158647 0.49864344037264823895 0.76201539810623453164 0.47812791480874194949 0.2418870378746429961 0 0 0 0 0 0 0 0 0 0 0.45969009352772416399 6.4451394142149895927 7.0720554518256824039 6.3350058164343128198 0.6863576141078198134 0.29975222637213894128 0.48132224219768093842 0.30909276881269331927 0.17669777058392310831 0 0.15010186541162198748 0.2958160383987870623 1.2406046895605828961 8.036864840993386494 30.064401523248591275 14.453093818686108207 4.9147563840417607395 0.74838019231895647199 0.15901647742606325742 0.079205823775618661164 0.58952975676304086861 4.5455982217073129803 30.503350216408829709 6.9424571992126633546 8.117073162082675708 7.125767716049260514 6.5778367505204897725 1.4123841381939095108 10.692608801146269215 23.687490860706066798 6.9596502956158898812
7.7624798322747343704 8.1232539832333579 7.4908390371471433866 0.51481357856502740766 0 0 0 0 0 0 0 0 0 0 0 0 0 0 0 0 0 0 0 0 0 0 0 0.66084401314777241332 6.6102912625194649721 42.099459737699561401 7.2615797651566511561 1.0568292254640816452 4.3390411448704160335 4.279495179643059366 4.7277698000360741659 0.33846104350765926494 0 0 0 0.57102565957954154463 6.7179653682650375401 8.5995358964804022861 14.952914814889217254 4.1435747028058544927 0.51314963160563875633 0.009707943572133375526 0 0.36586969288480919449 5.2114716257235027541 5.5988328967644118705 5.4060224935398561996 9.3308296833716557472 52.204754872103272589 7.8366454698917298316 1.7521469442530075433 9.826068831142123372 33.494317645228385061 7.9488351468830149571
12.278935991056970423 50.636400340717770518 8.2591083268258245198 0.93611657025733285842 0 0 0 0 0.17202872419608952748 0.33871977855156154558 0.51365004337913633403 0.32714011816918769915 0.32187792248810065399 0.34557087193030616712 0.48697517837930015538 0.31098112137650046893 0.1532280498815113412 0 0 0 0 0 0 0 0 0 0 0.46954238719621554932 6.6305309908371201644 7.1110082226596711408 6.7809719335424114561 0.94740161773869013828 4.9039370475051065057 29.858550322265582366 5.2690518761758040611 0.36304888560770726125 0 0 0 0.27673931910264271128 0.6639023704193589559 2.8665607156500465535 2.4660952058169796075 2.204213971334485489 0.25968886094472481973 0.0048246861266740001875 0 0.183633395784897957 0.35766947028128087682 0.5932365275689898132 0.94452903422828082824 6.8669994283693327475 6.1925248786676503343 5.3026183922940584026 1.0668531802335208258 5.4838495030352047976 4.9587812228500212086 3.9205985819738984333
18.316258957287864462 13.874145253061289651 13.773124340318643632 0.96409892305658617673 0 0 0 0 0.32916712747901410996 4.6488089893707176259 5.4307235495437113926 4.5315083001964291398 0.68132854557834987563 4.7287240353056683162 4.9626007774383449345 4.2100391754193857707 0.30515000052339191772 0 0 0 0 0 0 0 0.035947409387205545017 0.071126514901336701513 0.10639106390938216085 0.30804100540854306711 0.54332911094806501939 0.75320186958861401472 0.49858147247203488117 0.59222451757730520949 4.8804755292157082636 5.0820738786394841213 4.2975358419718787673 0.32927047526164932023 0 0 0 0 0.090151753147606844552 0.17018624817944294492 0.25542880122182709535 0.19519915295161724411 0.07924939026786299856 0 0 0 0 0 0.24771470958932378936 0.40248391011012230045 0.53534434545162434826 0.27314431425354168681 0.56876539147752458447 0.88201501172262553041 1.2792236019268303782 0.82573519615972756913
11.568741285039829236 37.869646671461971721 6.7800315043346506272 0.97250912423442237298 0 0 0 0 0.49345174935971669594 5.2779565771926186812 30.456380828632131141 5.1640271177642711464 1.3637429329584143112 5.591296715815380125 26.797358444114685483 4.5138991879353493886 0.58660912835912171204 0.24616811783416608916 0.36936505478951275894 0.24735737554840023233 0.12319693695534669753 0 0 0 0.071428326378034812105 0.99710363692963666082 1.0476899159081691781 1.062481393150290776 0.075422559590022225651 0 0 0.16927743450990798135 0.33134028173765178726 0.4886441510358380258 0.32575224784169309888 0.15777376155060615637 0 0 0 0 0 0 0.18790628220810243199 0.45841622274711063545 0.6870994785508370839 0.36376327196399360631 0.16189240434332138885 0 0 0 0 0 0 0 0.31961331829544759042 4.2789088571694167129 4.6724178040693828962 4.2126435425876236351
5.8251895687489776421 6.2094277011788774345 5.6705827103329848882 0.51103397338084577406 0 0 0 0 0.34384777339144911856 4.8424269967939421733 5.4797351792439270568 8.49282441756227513 5.1458322054771628018 8.2327544123172646806 4.6459260105995987544 4.070215634472130084 0.56866071180037414123 3.3999165515038956009 3.7225331669445504978 3.417241261175590239 0.33705304811867986547 0.11672745347180085718 0.1425370105116919861 0.10717505738711902152 0.16469266358293238595 1.1205791552996267058 6.6513247009661533582 1.0816352717050679022 0.11628419872822889913 0 0.16555063066842862218 0.33678009352941418175 0.51185833896358579054 0.34895854476889154316 0.16567470125601477249 0 0 0.0097718206070923352424 0.017459786264024765301 0.028040306542495431474 0.018130029751089769136 0.0086602774916960077733 0.50117964518221891357 6.2485132370499467669 6.8136198988892724415 5.5897139565945757056 0.38569718777865702464 0 0 0 0 0 0 0 0.46899123471482279113 3.149453094037135692 14.576036130075166852 2.5894977462865496065
nan nan nan nan nan 0 0 0 0.1582030917889835353 0.31246808733442316131 0.93871761387800178866 5.0101045249137658999 26.378601287457001945 4.7650271559487284989 0.90476718507279374482 0.31132711967897652716 0.53264752353692557119 3.6186312975368881695 20.771053376855284966 3.889687583908079116 0.95656412671886603682 1.2643608639014576323 1.5582268122081357475 1.4063672154221165123 0.17402782126084453962 1.0997822824463932001 1.1960697888576015124 1.0533323133618730516 0.07623416365314042431 0 0.33463833929064418227 5.0463785712934390304 5.5048290588249964017 5.2606016712812504466 0.50212007888077558881 0.3612693735446289578 0.60426351862747385013 0.41331936789976614355 0.44207923838945356598 0.25377305196416893862 0.24230396070906781714 0.016578712134253111021 0.72817350639153510805 7.0257771183295236739 38.185496093280093532 6.5468711421131002837 0.63117438034134498714 0 0 0 0 0 0 0 0.58058559535425824372 6.0968813417325877779 5.2307772346235941185 4.254823907523006099
nan nan nan nan nan nan nan 0 0 0 0.2772818056000888598 3.8750801758574433542 4.6843879183957506385 4.0420894885271767549 0.4426634183477994311 0.2538105112430392718 0.64870434246642438847 3.9129569407290958338 4.2763798738257259302 6.6957367694096054933 1.037094560254100406 1.7303300955300595643 9.5404631519281544172 1.681967954600393611 0.23235959630662442188 0.083300652159946683706 0.11603335968186689886 0.076267884803246407954 0.038211189829239849969 0 0.52545464555579235455 5.5024517093651263977 35.606307828074058364 5.7191508431599924478 1.0344369878758741255 6.3430053168757769555 6.3243830472600901516 4.5551887623838487329 0.46880982787515779187 1.2682460191208300149 0.20458754364722908647 0.020396065357850323707 0.47014956842798166781 6.6486717212700616741 5.8318160562595240393 4.9154444898243410123 0.29668308334182791342 0 0 0 0 0 0 0 0.24540662841562915775 0.52380434113571627819 1.0108200807718326075 0.77844854113519668104
nan nan nan nan nan nan nan nan nan nan 0.13553559053390135114 0.31184794771891777287 0.47608045107265573037 nan 0.46381463464010463937 3.9708202220361679124 4.283768194219682357 4.0603024038064310375 1.3425401942821180157 0.97000253136503922224 0.97838677025980114177 2.6643072145580468657 2.9115330925853237787 2.5316105968366238166 0.17960896866293182828 0 0 0 0 0 0.32633432352248564756 5.128259896047717703 5.3896569265822300565 5.3224069697777123267 1.0146768127358176681 7.4540796599987571014 47.622548737085367065 7.9412694759241784226 0.97377609029700784582 0.14625670794321715684 0.15938765963112513924 0.01346683508771271201 0.20296200276129580664 0.37119468044213488334 0.63700215801126169879 0.45096580462132113132 0.19268856313935084357 0 0 0 0 0 0 0.21370210027364303085 0.61306212663937120766 1.0396500537932709118 2.2326165655976959457 2.4399147310194990723
nan nan nan nan nan nan nan nan nan nan nan 0 0.13776470140020044552 0.3192060017904284619 1.3846176762941002636 4.6723711416086626258 25.696317193590893169 4.1695674237411006757 0.43628473746650159315 0.075355372940421549988 0.21914924651736691907 1.3366768409544620422 7.0703098820629435295 1.2396051010677275883 0.15150172998045222106 0 0 0 0 0 0.17070285611301388995 0.32777832476469243028 0.52326946506479232735 0.3341852309229291218 0.60299453092878962934 5.7491910677155786402 8.2077987693996661278 7.3167677212477624238 0.51840044095528325929 0.025946475739704967511 0.01095243923501166422 0.0056338124744285157652 0 0 0 0 0 0 0 0 0 0 0 0.81678627830963990153 10.90183621033732031 14.000929429874371834 14.748990555533923796 7.9569042492377137776
nan nan nan nan nan nan nan nan nan nan nan 0 0.28709037397837700034 3.7733682315641710048 4.7717386421692760123 10.313203776701573844 4.9580037582692471076 3.4324891900593179628 0.23258670337566120234 0 0.07207286111561528319 1.039163364728851624 1.1027640889128220714 0.48494050900759044787 0.051715893162121245874 0 0 0 0 0 0 0 0 0 0.17799426064557535843 0.45212098082511420483 0.70679925256516640264 0.48441257272562776581 0.21502448158760223418 0 0 0 0 0 0 0 0 0 0 0 0 0 0 1.0227512072099627094 11.664101638674061689 44.186939658770839401 nan nan
nan nan nan nan nan nan nan nan nan nan nan 0 0.50455013967919837281 3.9066719468267052662 21.429296010416109652 4.4641340636192454738 1.2797952996288781691 0.28411898003497149112 0.12835826568273078774 0.035108565699609753374 0.09604845169420880846 0.11815372774128860001 0.11499379326713692062 0.039981942992920078972 0.016819077541103510942 0 0 0 0 0 0 0 0 0 nan nan nan nan nan nan nan nan nan nan nan nan nan nan nan nan nan nan nan nan nan nan nan nan
nan nan nan nan nan nan nan nan nan nan nan nan nan 4.8041909844820320785 5.4752845219136974109 3.574936629881296124 0.28890001783185820239 0.020369948420100814079 0.14410435661547094099 0.66716566138120314555 0.83968355664144511685 0.75054942717134931485 0.1416118458287628501 0 0 0 0 0 0 0 0 0 0 0 nan nan nan nan nan nan nan nan nan nan nan nan nan nan nan nan nan nan nan nan nan nan nan nan
nan nan nan nan nan nan nan nan nan nan nan nan 1.6950339984074820343 6.8382537947067785211 2.0939642631274431039 0.4686574329337531708 0.12579413694810151481 0 0.24554205286443989142 3.0088996808801851124 5.4581546985712137143 3.0510214237502455425 0.25092379303976675153 0 0 0 0 0 0 0 0 0 nan nan nan nan nan nan nan nan nan nan nan nan nan nan nan nan nan nan nan nan nan nan nan nan nan nan
