src/SDSim/tmp/apis3
ncols        196
nrows        122
xllcorner    -12.166618000000
yllcorner    34.999860000000
cellsize     0.083333000000
[rows 46 to 68 of 122, columns 0 to 50 of 196]
nan nan nan nan nan nan nan nan nan nan nan nan nan nan nan nan nan nan nan nan nan nan nan nan nan nan nan nan nan nan nan nan nan nan nan nan nan nan nan nan nan 0.093223260063552373933 0.68030568465409180234 3.0341055323741419336 2.7730925391278247183 3.2349857473219589821 3.449388155549157009 5.1182728399956589627 4.9771214586974359406 1.5195721350861775001 0.4495406447670801664
nan nan nan nan nan nan nan nan nan nan nan nan nan nan nan nan nan nan nan nan nan nan nan nan nan nan nan nan nan nan nan nan nan nan nan nan nan nan nan nan nan 0.047862066875587208625 0.34588143380150526696 0.65229021269754383638 0.94156966453232915359 1.6750948326448409365 6.6116003852781881633 16.125748571617297245 7.3775669019445651031 1.8775178739791962279 0.83161186439036338669
nan nan nan nan nan nan nan nan nan nan nan nan nan nan nan nan nan nan nan nan nan nan nan nan nan nan nan nan nan nan nan nan nan nan nan nan nan nan nan nan nan 0.016993050007705536725 0.04749235072862438567 0.097059500725641068009 0.24156578877207124378 1.3669046645213145386 4.9925448403865742009 9.9256833814138811789 7.8919090717453563855 2.178010290052093012 1.3788124830263621678
nan nan nan nan nan nan nan nan nan nan nan nan nan nan nan nan nan nan nan nan nan nan nan nan nan nan nan nan nan nan nan nan nan nan nan nan nan nan nan nan nan nan 0.0030791974474892874758 0.0098313197407532016553 0.10537039085104960012 0.72609905218790904424 2.6564545167200330766 6.5032279924738460863 10.822092180102329095 7.588455992394387728 2.6865447059316882594
nan nan nan nan nan nan nan nan nan nan nan nan nan nan nan nan nan nan nan nan nan nan nan nan nan nan nan nan nan nan nan nan nan nan nan nan nan nan nan nan nan nan 0 0.0051686343147048499289 0.083506995123727570385 0.50710053691621059802 2.2958350576102906082 6.8414700119066962358 20.17713651484845272 13.651020039371312365 4.1335991491513395246
nan nan nan nan nan nan nan nan nan nan nan nan nan nan nan nan nan nan nan nan nan nan nan nan nan nan nan nan nan nan nan nan nan nan nan nan nan nan nan nan nan 0.00048645678292665289061 0.0018360268546032208065 0.011302628677232612331 0.13101261908041228477 1.0138706192048834165 2.0944589294458197948 4.2708388459832189454 7.9280179988000885061 12.726677650901693895 2.7082583305694991616
nan nan nan nan nan nan nan nan nan nan nan nan nan nan nan nan nan nan nan nan nan nan nan nan nan nan nan nan nan nan nan nan nan nan nan nan nan nan nan nan nan nan 0.025670202146582384722 0.090252840073968332302 0.33733640960346100712 1.1220011558315516886 7.2496697558810581086 12.02610591436859977 9.5642611767240612863 6.5618289043453952303 2.1193323975428746131
nan nan nan nan nan nan nan nan nan nan nan nan nan nan nan nan nan nan nan nan nan nan nan nan nan nan nan nan nan nan nan nan nan nan nan nan nan nan nan nan nan nan 0.085218602867560361291 0.63284945717926610609 1.5577247715061797173 3.3157713090909841647 5.6261982219890374068 5.930411362531767594 2.8270762593112848116 1.8362005824099885132 0.69255294674944667399
nan nan nan nan nan nan nan nan nan nan nan nan nan nan nan nan nan nan nan nan nan nan nan nan nan nan nan nan nan nan nan nan nan nan nan nan nan nan nan nan nan 0.12042589786696891729 0.19099701533678734022 1.3515098704037840083 7.3549927766862035483 7.8776848036741036196 6.2581701983819177926 1.7338314370401552988 1.3118806618053520108 0.63733766351412357576 0.42021989792541680764
nan nan nan nan nan nan nan nan nan nan nan nan nan nan nan nan nan nan nan nan nan nan nan nan nan nan nan nan nan nan nan nan nan nan nan nan nan nan nan nan 0.58044067151806466587 0.74127895896457596248 0.52888766722141888899 1.9567881867997798384 8.6417023914645572091 26.545705797311313745 8.4420174548055531005 2.049138860132587503 1.0484648208936500069 0.9898813293994435103 1.4408936707366606367
nan nan nan nan nan nan nan nan nan nan nan nan nan nan nan nan nan nan nan nan nan nan nan nan nan nan nan nan nan nan nan nan nan nan nan nan nan nan nan nan 2.3891368633701342006 2.8823966871520814159 1.0098199828129450495 1.7557482273216893365 8.3415312294859322861 8.6089750644649853939 9.2809443626930008264 1.9744216012205813016 1.0170938227640031748 3.1499042127839058658 1.6159833251665072229
nan nan nan nan nan nan nan nan nan nan nan nan nan nan nan nan nan nan nan nan nan nan nan nan nan nan nan nan nan nan nan nan nan nan nan nan nan nan nan nan 6.2142546239177578471 4.0269447222069905123 1.702452995628433996 1.3716505034946218089 1.9068159969199749426 2.0599762052120684785 1.868096720543008793 1.2291109887282276603 0.99802685308936700537 1.1082879265536678126 1.3705690756502737493
nan nan nan nan nan nan nan nan nan nan nan nan nan nan nan nan nan nan nan nan nan nan nan nan nan nan nan nan nan nan nan nan nan nan nan nan nan nan nan 3.0278647707774779541 4.589945674905784756 5.9472950847718246692 4.0173689843016591183 2.4117796922591581144 0.64985150423376014661 0.26287870857085887666 0.22335660154679098932 0.21125522175631239463 0.21736548444879627562 0.29122316675969406319 0.2785806146261465277
nan nan nan nan nan nan nan nan nan nan nan nan nan nan nan nan nan nan nan nan nan nan nan nan nan nan nan nan nan nan nan nan nan nan nan nan nan nan nan 1.8802337944853853013 7.0939556638295746538 9.5245358503576369458 11.67250999158475544 3.9000134256624421347 0.78017882236373548022 0.079132926378976606308 0.017847985641992324124 0.017933597603578096263 0.022615742083130784684 0.033144187791743932869 0.02113635174547777093
nan nan nan nan nan nan nan nan nan nan nan nan nan nan nan nan nan nan nan nan nan nan nan nan nan nan nan nan nan nan nan nan nan nan nan nan nan nan nan nan 6.7648120800966431432 20.239000050563870303 9.869754384929482427 4.4865844504934369041 0.74482614895133880673 0.15206745529779708281 0.069414568527430026146 0.02514740871059742075 0.010591396259878978897 0.019610271865486667009 0.07784169985529329483
nan nan nan nan nan nan nan nan nan nan nan nan nan nan nan nan nan nan nan nan nan nan nan nan nan nan nan nan nan nan nan nan nan nan nan nan nan nan nan 1.2951624943926980382 5.4419025457064726936 7.4610218417072573516 8.3099293295307425922 2.3810900548320343972 1.0504008377630251747 0.9063647150084404025 0.32972379201198509513 0.22051043143212034625 0.039040964851508090649 0.069488478658985872172 0.58650347030102290002
nan nan nan nan nan nan nan nan nan nan nan nan nan nan nan nan nan nan nan nan nan nan nan nan nan nan nan nan nan nan nan nan nan nan nan nan nan nan 0.10827978479261399225 0.63152305121977148072 1.3578130954808671493 2.0380494962830217887 1.7111327741592390339 1.3607489265684324931 2.973425000652386796 3.281403452588363745 2.4417843059582402532 0.68780350470371431904 0.29505506161689692979 0.35408118492361984053 1.0321469337500732699
nan nan nan nan nan nan nan nan nan nan nan nan nan nan nan nan nan nan nan nan nan nan nan nan nan nan nan nan nan nan nan nan nan nan nan nan nan nan 0.040028916260051811138 0.098933693526018759434 0.18293932007579727372 0.22357706457364118213 0.27294900610430911092 0.86659298202458123761 3.2417580594783621528 7.9309993385853818637 3.5746034353791884541 2.6709255815347598961 2.4166337943256852583 1.3912273409798274759 2.2461322704903547987
nan nan nan nan nan nan nan nan nan nan nan nan nan nan nan nan nan nan nan nan nan nan nan nan nan nan nan nan nan nan nan nan nan nan nan nan nan nan 0.14599673229513815409 0.19043260145582924237 0.12129423343194015161 0.050877948007633982952 0.071708667143972740221 0.49513768640544425503 2.4126302119833837878 3.3411932296008055587 4.287421466511388779 9.5002003680141555719 10.340803434311945708 8.1080182725571514624 2.6372231545552469179
nan nan nan nan nan nan nan nan nan nan nan nan nan nan nan nan nan nan nan nan nan nan nan nan nan nan nan nan nan nan nan nan nan nan nan nan nan nan 0.9811021955360906821 1.1926471640248066386 0.63729391970987447902 0.1156668841308331197 0.035141099918968118909 0.2544010693648323107 0.53135185747136171042 0.93968906300725885128 2.9654831277171282977 10.074704929890534899 30.605319981555201281 10.399257276638930847 3.1247029941658941432
nan nan nan nan nan nan nan nan nan nan nan nan nan nan nan nan nan nan nan nan nan nan nan nan nan nan nan nan nan nan nan nan nan nan nan nan nan nan 3.7729335317402798999 4.0360827592047350265 1.35374276431799756 0.20293240193067740851 0.021971594792102221161 0.030867921599065414884 0.074044780211833693961 0.29207470833509580066 1.7318379975930244807 9.1837122951825680417 10.357318011299188498 9.0462346756777431978 2.0360037654859683975
nan nan nan nan nan nan nan nan nan nan nan nan nan nan nan nan nan nan nan nan nan nan nan nan nan nan nan nan nan nan nan nan nan nan nan nan nan 3.1680244033016089489 7.4809999700065992201 4.7654623627110765938 1.6149982111300236198 0.22548279066138529614 0.012808447808811415994 0.0016837941946000632362 0.0077493285942466629337 0.10358803382384265679 0.93684177875413321424 1.7010072769645281365 2.4097610994432669962 2.4555678967972021098 2.2137155010489508733
nan nan nan nan nan nan nan nan nan nan nan nan nan nan nan nan nan nan nan nan nan nan nan nan nan nan nan nan nan nan nan nan nan nan nan nan 0.89986824176803759112 2.4975042490491814462 4.201447397091764735 4.024835510128251137 1.3503344528777234679 0.19403226371678883311 0.011030652593055755711 0 0.0020518274319115520875 0.036808808198210148099 0.10091617616293116488 0.19669729774495714469 0.37632147451337061295 1.3677458584483399573 6.648400786186475564
