src/SDSim/tmp/apis17
ncols        196
nrows        122
xllcorner    -12.166618000000
yllcorner    34.999860000000
cellsize     0.083333000000
[rows 88 to 109 of 122, columns 50 to 99 of 196]
6.4546159080397824681 6.5225538921151553495 6.0748104195087471169 5.5939228327599934687 5.7623860096062431424 5.3033627099610338718 6.0374708236409579953 6.4708637766499732535 6.6663098184027687054 6.3565298098843490138 5.7554556306120572273 4.281007037647743374 2.8529610807164362818 2.1497928781263353493 2.5883147728454156677 4.4357766656235000369 5.8788649376873269858 6.8684017517683768617 8.4388790587748516714 10.561003573386024357 10.916868079342068043 9.5148155114358452522 8.6493977924184939354 6.9844043455698461287 5.1023232855492670623 3.3962216880478868219 2.1577729651118953136 1.9008048360326756931 1.6973659444071731439 1.8788992997716709166 2.1150141813674130375 2.1677923232086522276 1.9420214227753802572 1.6425645055003725847 1.575534453410807334 1.745752103912293185 2.0407085322008478023 2.3446555920432281539 2.3838513512974581765 2.5429650856389689473 2.6837951934265760201 2.826908107850307772 3.0950041926398323966 3.6675138791964210228 4.9892840478860307485 7.5383069387308134779 10.445285081697820218 12.852466527681999153 12.740382276949937079 12.494602048102839476
8.5891931470347113731 9.0903259733034040835 9.1121527180946735314 7.6113567169687588176 7.0911343973606655311 7.4519826316481703188 7.5703507626569805922 9.0167772889266544212 10.844339623846854792 11.110490192533060139 10.601056921214883744 8.3638091274313879353 5.3060968992063477501 3.53111269257206839 2.7453993647639505227 3.1540400027833976893 4.4525804923215286379 4.9631906910287160173 7.4620755674902774501 7.9122165854775996507 8.7687333244784273489 9.302017876538334562 8.7045298505908554887 6.7977337273396782891 3.7866927081619987661 2.3147109955203042375 1.72422567221992451 1.2005945798628194776 0.96369508161275729829 1.1663637938572297692 1.014593906328764783 1.0056939989994506668 1.0228964060045651063 1.0923648953027793596 1.7231795678163843721 2.476193302056281631 3.3221777517335917551 3.8787524474087824444 4.2807643803747392752 3.9215473440398329608 3.782201076603112444 3.4588011607495090516 3.4043231083819009974 3.6222156824146969356 5.032872313463883529 7.4398720274179064305 10.349839128264660459 11.550920969806211858 8.4389838973489776919 8.0329430535075587727
11.412446500281363981 13.029447314607235597 12.063056180590356448 10.661359580840617411 10.080829148204255574 10.870980519426613142 13.652479977980613413 16.600385994399736944 18.926958210175961028 18.707510909561332113 18.89627342960841716 13.12902055338512497 8.3267598730827359077 5.1270453676147278443 3.1440560000856567768 3.0514356664259105756 3.6850316366225612796 5.1007705935671818764 6.4188150056815747035 7.149781245813408681 7.8684299933443568875 7.3498298608026431111 7.1023750695563929725 4.8839753392168683277 3.358967366786538733 1.9324740831197868562 0.94447860554715246106 0.62644802621204176418 0.5037209517751051191 0.46588790562269910556 0.49547182563423952661 0.52987071862294210511 0.67006701028636495021 1.0810128575308330934 1.7406648506445754343 3.0576708672827188629 4.4564005019033325894 5.6444836170588326141 5.7750816749674331874 6.7494006742186467562 5.2532872625514661635 5.257547981137341786 4.2547627726047458907 4.3486593004069398205 4.2749103854065264585 5.9888840204093991559 7.8183953397857566259 8.935001015596517604 8.3434717759078562693 3.9819868146118326813
12.636923392785627485 15.319066736013704499 15.269315117606039323 14.924156236276134635 14.997551391131226595 17.762555734409851027 20.132417413786608762 25.166657926658125177 28.037411165426956217 27.582692640925955629 23.198682998389511312 18.156438404819830623 11.324630142671729516 6.0274440257128096832 3.7090405617099473368 3.7373815326587935814 4.3061352824876903966 5.9768610623016815708 7.4781775105694796579 7.2140176806680678112 6.2766707155609804403 5.9319147263393467995 4.6287610747787022447 3.4002304531595113346 2.1195058381730924602 1.3122159904772632277 0.73852883195843443964 0.44915473898077146186 0.343028220693582242 0.28666268563902386202 0.28788332429828439318 0.37674808513706775637 0.60908117535260375419 1.1201497503754120899 2.0381508152157841174 3.1631463993148174474 4.812234712134646486 7.1830637720445551508 7.7228486751920586428 8.105920279098928205 7.070262379147718157 5.588077675174861092 5.8814571469683993854 4.0155313344611220927 3.407523776297485707 4.2569804904515651245 5.7671151752758964548 6.4330164210211311371 5.1853766228791471349 2.558401420916887048
11.517970663871979653 13.986884448619129273 17.240404319950663137 17.948013485837883252 18.447326332046912967 21.201647180167835671 28.190478106674717651 33.63748793001636983 34.826303233911531265 33.339388476188482002 27.388148102557437369 18.158285435696068788 13.095628398953959248 7.0178125465154943541 4.2869476043885912375 5.0648721750414607001 7.2819816168269531076 8.6525608510150728847 10.197646652126996614 8.825724136463355407 6.7682022013763312174 5.6491937299623229407 4.0962418521106496172 2.7504616279905329534 1.8541042630001438596 1.1868113001615574476 0.8649409452093914652 0.60759976175782948182 0.45290133487323880335 0.32745610878509190389 0.31420003600575541203 0.40952793368390288942 0.72173970805708387299 1.2529743603421252818 2.2576724997140282802 3.7310679329352978151 5.4902948394346910987 6.9634000436288987501 8.1200723799145428927 8.3082544588391833429 8.8496580204074248854 8.4852525413308175217 7.1621177993735924971 2.416216711913463655 2.2413629049842853647 2.8980599762861558588 3.5009287099049637426 3.8010439250247052279 2.3358531315508219706 1.9843552329565958825
7.5332938157721462957 11.919419923376171511 15.79037136101494454 18.641627252801463044 19.944478726402135038 24.941450419200979383 27.825660486399620197 37.173571826316532452 39.632338199367836751 31.732394946715515971 29.313319658486584274 21.420152457366931742 10.950830659549918522 6.6680229211625619001 4.7222656303007202183 5.2195547025380379935 7.9705928117804907274 9.9573183510301550569 13.272091513379066896 10.719021959163384849 9.3112460414556235122 7.2075084224912053799 5.5101332928547357426 3.4169832561634461143 2.1801559421883034418 1.6702351301777715875 1.3374256306320593257 0.99172521467323437871 0.71380249444340049259 0.57808627900810360956 0.57215780570637286839 0.64729345067544785675 0.87375304941749798449 1.3412974093049043756 2.0993505053562064866 3.3778021114982252904 5.5693897994406951213 7.0819259531616314263 8.2208898526276392715 9.4661198287925145678 10.178350787484626849 9.188057785184760462 6.2151758256426896665 4.5588130691587762655 2.3103968824976153229 2.0868646840386246843 1.848430341354429185 1.7606092942929263412 1.5151774835016411647 1.4877391488668167963
5.093693366188397853 8.5571619516799319882 12.177285145662779087 16.917757972680149692 18.278821124194241321 22.08269331480557085 24.634587035692700141 29.560600723429470094 36.907055658777451868 28.682146705175078694 23.587982387062677248 16.680468160304805281 9.4754694654992484004 5.1890985162046296963 3.967537077445607796 5.7508438345400785252 8.4997625245860621845 12.386490590662646127 12.595062543940413136 12.745164462866458877 9.8210153465154839125 9.2474476399182847786 6.0447805842803514764 4.0719388153296094401 2.9962833523042524675 2.4490896170602534099 2.0356992989470610311 1.6357412791433190158 1.2680817686939287459 1.1101806660735336063 1.0168541698001618556 0.96866594326244603863 1.1515681289032617673 1.4869564372303276656 1.9515631554254675439 3.1489672126385337414 4.2985196996390362401 5.7332637505306660586 7.6111494811265627547 9.2215461646952903152 9.8776048998533507728 9.2629056721339750879 7.9280922190029929908 5.7152346922118928418 4.4057968873690303013 3.5966685568107727988 1.7732217833456325184 1.9878800244651357865 1.708940871876123202 1.6889354802540965661
3.3496437551246547315 6.1969384065085852953 8.386678532779070494 12.871673465139025438 17.29517762745476972 17.54169856400798011 15.812080431472775643 16.25930403567321747 17.282125139868771413 16.349453696561489835 13.276701292619231154 9.2676631860789608908 6.056114044059103918 3.6083408809295725028 3.4397176808342608822 5.3221832659072916272 8.3991814062346907832 11.367612876885285544 13.89612826583654126 12.507171179082432033 12.157217591413937541 8.6536100793566461675 5.9983723931421284448 4.5807620611463457649 4.1689688136773117577 3.785782885061941716 3.3034688772439610993 2.5984423836449037637 2.0103612414594951296 1.6386240985547024795 1.4451215558962957619 1.6730055438690429881 1.647749215643958598 1.7852206921199698098 2.1195966006293791573 2.424590336256327916 3.6775683992194561078 4.554119025660976483 7.7048339234269080933 10.514971792808925244 12.214750816100384156 11.998525453658045237 8.5708040704333932069 7.1324442888127368434 6.6428363840411277508 5.0545063170278403675 3.3545288451818189301 3.0672175901585525537 3.0493025526442654183 3.6537597882527470539
2.4890030478103462031 4.8797591046927486502 7.646575415425695077 10.140757898917071245 10.094362399542834652 8.5095716997021142447 nan nan nan nan nan nan nan 1.8396983620075315624 2.3214303549940735749 3.5816496098324437369 5.8681874001222524839 8.0576095794638380454 11.372606401856618419 12.889330083309779695 11.407388095477836387 10.250848272959656171 7.4584406795410629343 6.2175764081650655157 5.602670765510702644 5.0487710835479990834 4.341085650294271403 3.0432424229761059209 2.3914395839392268428 2.064522139996726402 2.4538920358318430104 2.1140743589065733588 1.9210209240713158607 2.0941384602198844789 2.1152223905038600726 2.1593546143714119623 3.1758717484802647668 5.2848235919349315637 8.2666718606920817081 12.107945309896983588 15.2434545275849338 15.89135301325527827 9.6559669982554687806 6.9503972080519806909 8.0323593287717169886 6.9393302641913550133 5.5341100594562488979 3.6326209364369792532 3.4672571638873006528 3.9543032954250767474
1.3702603459609432601 2.3957658440849369796 4.3053844479486382824 4.5898651948021811364 nan nan nan nan nan nan nan nan nan nan nan 1.8550877069388671536 3.1483985213344860554 5.3198726976885799544 7.072412003502168254 8.8412398872843223074 9.9790891084723760684 8.574245526782485527 8.3707811925443422751 8.8898478551985729013 8.748390268746890186 7.5265843358343955671 5.4392874496632090953 4.1905019659290934086 3.5213094984992698855 3.6382318882020903139 3.4638534609857920543 2.8924976013931269492 2.321873996687428221 2.1845580022801933673 1.6831392838405478951 1.7348389779735113869 2.7408139932294810492 5.2707408596177618421 9.1005268805728398718 12.896363101702776888 17.013431260151900659 18.611023383636837281 17.694002226237095954 12.767936597736245119 10.553954612686508696 6.3496825868779813717 4.2283807369127899278 4.1214261051365692623 2.3093760130414207055 2.3292119154661503622
nan nan nan nan nan nan nan nan nan nan nan nan nan nan nan nan nan nan 4.4102219026726920958 6.8882686483140407319 7.2030993628314261557 nan 8.5393437628874657719 12.01731755829874615 11.724018026909092782 10.035560343566507058 8.0852665016316738189 6.0334043546298445904 5.0240774309591786917 4.5077597405987566148 4.3006075345343770522 3.1118589236205145276 2.2086191831147399256 1.6400743371704604723 0.98452879950167992984 1.2063239607797511255 2.0938752063515573276 4.0546262718615704301 6.5957906091503915036 11.279639608842499499 14.238180762989882666 17.947014163303293799 16.959117107097640087 18.391956076410423293 20.836811983916703639 18.305496247437684332 13.300671089644131584 3.1469966580776440601 2.0207041295102143863 1.7301476304495000402
nan nan nan nan nan nan nan nan nan nan nan nan nan nan nan nan nan nan nan 4.6535869270151630772 5.5527614074410571732 6.2983807520888364095 7.6388848562034592504 9.9519900338809783591 12.023158132289399447 10.489624030860353443 7.9111766888636747552 5.9637328519832113471 4.9308539132086099954 4.5311538935153015117 3.9619643517969866942 2.6798409598271790699 1.6827272941258470951 0.80120849508779901083 0.6073459733594971377 0.58331395934962482208 1.2960611450504735398 2.5011229107416022011 4.996533599715334617 7.0800426359980228597 10.682796632058972008 11.891950006351045488 14.535108809702947497 14.172184161040085826 25.231390251957012794 21.335256984912177813 14.763309808087139885 9.6287225770074655884 2.5937719451607614829 1.3324122050536000295
nan nan nan nan nan nan nan nan nan nan nan nan nan nan nan nan nan nan nan 3.2108292895091370411 5.5360118948598495692 6.5910165701501028934 7.2283575354703204496 7.5058912279167122605 9.1898937715997295328 6.9387225845449007622 5.2161042810234778955 4.4598593561093968773 3.7346544557998204716 3.373865173150734087 2.6217224700503818369 0.68310921573818084163 0.71113628580914700628 0.51164840019416679695 0.35340051550267964631 0.24015196262603138999 0.6084111184603252509 1.5615372737938573167 2.1808445621631777911 3.8608252162038736444 4.4524339801572478947 5.3481789136110196026 6.8667125843644072347 11.683217797695196083 14.421492300760711203 12.811158754357888867 7.8639670790098659126 5.0358757549783748075 3.0148850067849162215 1.3224571602548711446
nan nan nan nan nan nan nan nan nan nan nan nan nan nan nan nan nan nan nan 1.841420385172894969 3.7290608652043837346 4.5983858191692927875 5.5030735914634654193 5.4584889129190505841 5.2020194113928104329 4.8577900136727674152 3.6579740187565330523 3.0697111786168642666 3.3452549675971248178 2.9927130403022128569 1.9023640811450008847 0.56218400703775150973 0.34847305289283564411 0.25830980701256023302 0.090327290316439948215 0.087808510970164579956 0.3560524621784628696 0.58461830029603600867 1.0008201719231903937 1.4665025226031469519 1.9996189480179544784 1.9180753478941874324 nan nan nan nan nan nan nan nan
nan nan nan nan nan nan nan nan nan nan nan nan nan nan nan nan nan nan nan nan nan 2.9143821033843391177 4.0517866585712125627 3.9876552770316386898 3.5291537668752859247 2.9984698874139010805 3.1055187399232737633 2.5420247938806190824 2.5762659252669242171 2.5684139633589566643 1.6515142233787092341 0.96916453619761422367 0.45963416299578052637 0.23484820050829954829 0.10049278300761207983 0.08094519587057055765 0.16362498307482853388 0.29476373411537776237 0.50119971327614332157 0.65303877529303544502 0.89698399550077090314 0.441003262468733781 nan nan nan nan nan nan nan nan
nan nan nan nan nan nan nan nan nan nan nan nan nan nan nan nan nan nan nan nan 0.84909312206738996043 1.7598069168044538912 2.3583457289115488109 2.6694616381175233499 2.3821323120080011293 2.1729671114069795124 2.079607356879851654 2.1932301223458714468 2.1007354203607020438 1.8482750062655313172 1.3161691344270380899 0.84736014367027645555 0.46880182184650082133 0.21400540996562081308 0.099236096157698003295 0.051300797998134597955 0.054478179932395912055 0.094657467116685461983 0.15788301114163549865 0.18651078554765540551 nan nan nan nan nan nan nan nan nan nan
nan nan nan nan nan nan nan nan nan nan nan nan nan nan nan nan nan nan nan nan nan 1.108379140788154027 1.2754765128355665116 1.3386997569968337451 1.512420932590692324 1.4846943901318168102 1.6923716416566219056 1.6880509392126195056 1.5382288102318240064 1.5706179642746904701 1.0593503568301332329 0.53411616676519679814 0.32456982432447789577 0.153558877998252713 0.056508780873012594281 nan nan nan nan nan nan nan nan nan nan nan nan nan nan nan
nan nan nan nan nan nan nan nan nan nan nan nan nan nan nan nan nan nan nan nan nan nan 0.65823033870247793509 0.97572387754894396306 1.1148040056319092894 1.1891851902321537438 1.083438479792343978 1.3146005359360917186 1.2985160247608609208 1.3679911853328294846 1.0187770784056882079 0.54257066269211429166 0.22545771994138774641 0.094181533191840735575 nan nan nan nan nan nan nan nan nan nan nan nan nan nan nan nan
nan nan nan nan nan nan nan nan nan nan nan nan nan nan nan nan nan nan nan nan nan nan nan 0.51366638203677028596 0.71691230660234206429 0.84032627436309925706 1.1135147367009337049 1.2507833913708990003 1.2113595450009495558 1.108969336046361942 0.82948661020899372431 0.44601237705179502813 0.1708323202298113741 nan nan nan nan nan nan nan nan nan nan nan nan nan nan nan nan nan
nan nan nan nan nan nan nan nan nan nan nan nan nan nan nan nan nan nan nan nan nan nan nan nan 0.42634933214085046771 0.59083124021077626509 0.73608596306920937025 1.0214823285446328338 1.1262641414905825155 0.67807228120415674599 0.48872437575718835623 0.24600715120012217607 nan nan nan nan nan nan nan nan nan nan nan nan nan nan nan nan nan nan
nan nan nan nan nan nan nan nan nan nan nan nan nan nan nan nan nan nan nan nan nan nan nan nan nan nan 0.39154013579101093478 0.55967969946749973609 0.52579125178945385066 0.52832059389413477124 0.25162684562413739631 nan nan nan nan nan nan nan nan nan nan nan nan nan nan nan nan nan nan nan
nan nan nan nan nan nan nan nan nan nan nan nan nan nan nan nan nan nan nan nan nan nan nan nan nan nan nan nan nan 0.1800924314475891852 nan nan nan nan nan nan nan nan nan nan nan nan nan nan nan nan nan nan nan nan
