src/SDSim/tmp/apis19
ncols        196
nrows        122
xllcorner    -12.166618000000
yllcorner    34.999860000000
cellsize     0.083333000000
[rows 66 to 87 of 122, columns 100 to 149 of 196]
0.33216219447304806689 0.47792652541718511072 0.66581902015145078 0.7753894198064463783 0.76680193623094861088 0.5762274601666019791 0.62810549112918667714 0.5446561240114482505 0.45814849188880807374 0.33208072796124743498 0.29370887104927911881 0.22484514933545007853 0.1606992822655683717 0.12771769757621337371 0.082138320606913131638 0.069924575307335076757 0.058338425782043935863 0.066017200044211382659 0.065399400989921432914 0.073769377985634682071 0.061926203912970961829 0.047601809335150749303 0.035143766896400890909 0.025123595312097540821 0.015860033078951240454 0.014830172655814374133 0.011219456059972435918 0.01472112295051184426 0.0092842411335129007566 0.0074324149168098381513 0.0062430627288481196219 0.0060281587363218112896 0.0071193872497527579957 0.016083938845422120212 0.11038808615243891897 0.4195989604226864067 1.4757275335067980837 3.4238387512835464221 5.6192841598556011462 7.8487162934529441927 8.9445733546287478077 8.6939053800754937384 6.4459413255184427882 nan nan nan nan nan nan nan
0.22770323680584594883 0.3341495070687606761 0.49901547597567419423 0.58077458233770795637 0.60934275181382457909 0.62873103272456942747 0.61306496773932273037 0.62346396341281906661 0.58747077133860858833 0.51652637871358197952 0.34276843664764505837 0.25444307804758220515 0.18289500834141678154 0.15253591773029995249 0.10917993812939606746 0.075157990951098138654 0.085918953223485278192 0.090663121335802496215 0.097806122428356623288 0.088396144330865178418 0.083167978820627555536 0.077133110278683858496 0.055911046677152347051 0.041505897698927166073 0.031474237929352735788 0.024278446975687786175 0.022767915349491560373 0.023170384655368761462 0.028776125414964322941 0.017353107090276483765 0.011650965456587092026 0.013543942354045148888 0.01327494860639356726 0.016279802223179321713 0.066033091976278032731 0.59135354261891892591 2.5406146552416575268 6.7611161560546788607 11.550374655568658611 17.930127889010641695 24.730358087000634981 20.67963881562095807 10.962517486131853062 nan nan nan nan nan nan nan
0.14649735731554797136 0.20594896731757916797 0.32750025545975924857 0.39817254187542377997 0.45827047223068234638 0.49998804884193875919 0.58119873244467434859 0.68261975538904584582 0.69673628243296292784 0.61602969595135137482 0.51571669616514004275 0.3344491456693052811 0.26177252395559241771 0.17868704223095155381 0.1242601818266364927 0.098386152230995713164 0.093875210810941606132 0.11129414590367275872 0.11799447242554370052 0.10989938691489109512 0.10665823627182340061 0.11349756887817295803 0.094879186304541715535 0.0778474892001352059 0.064186181915725920577 0.054411719091271140702 0.048868070598208225574 0.06813628422972023424 0.069709174805359139238 0.049545919468248218742 0.044269276138987484481 0.035869327582800050735 0.035135058462220453146 0.040329572476939801184 0.11878569662173410482 0.44754107685505606362 3.5970282693583062184 11.252452502606550055 23.097268662326925437 38.794998513037718624 53.393522813228379675 41.977590461174564496 nan nan nan nan nan nan nan nan
0.14782571007203257341 0.21564642340953493749 0.28686826145247035225 0.31376535978450648123 0.46157229641264280184 0.54163726880107221362 0.63206587810673853234 0.81370224643755317828 0.6881965852363278735 0.74591849625115136391 0.67514056618306250712 0.55930649786009134505 0.39228638220554745697 0.26369154532498678689 0.14244100901832823514 0.10161485013323214022 0.096294211382189798254 0.12058186586813419983 0.1356861039010817116 0.14715476568589022643 0.15143677807158009707 0.14884782327719162098 0.14929076639581873032 0.13723008828727725761 0.12390139979291323047 0.1070799488938301014 0.10130858157862926427 0.12140495944031938491 0.20536615036324240569 0.14875692655637839934 0.11413664353028737941 0.12777624687302871487 0.093932953065256535874 0.11495726899768758666 0.20571358176701692866 0.99372151059954361152 6.4247125622332585948 16.763490192814515467 36.996661327786405593 59.916608361546593642 95.291006291020096342 69.7473084358029638 nan nan nan nan nan nan nan nan
0.21121652566186657762 0.29018317328656573206 0.32973140740675621618 0.51197188712064300997 0.64204761331085158371 0.70873510824543717312 0.95259858287712739777 0.95227393241963631532 0.94088589908270392481 0.92093979013551185986 0.93977212875521021207 0.64847148072980043132 0.47061705687314431268 0.30978357631565323071 0.1961175386908530216 0.11012591275418719128 0.097134253674861933958 0.13082408535343409417 0.1625853000176022134 0.18520963847237778555 0.21503168683331658206 0.22837483394433050199 0.23957976546307868659 0.2510265676613781527 0.25661879920918967413 0.22622640933386900519 0.21382059996334926155 0.22576667946090347994 0.16301050334950425991 0.19202909080814858922 0.210156897690352229 0.27244435510079412222 0.29366032598911218088 0.14076254000608232064 0.31813803021147613048 2.4017543995090977482 5.3095666996200394649 23.65894665069116698 50.959974086875462262 89.250960214425887784 100 100 nan nan nan nan nan nan nan nan
0.38066526603571637644 0.45619535233347924263 0.60969376171943867604 0.98442569593424888996 1.1254287567830252303 1.2193698584044310174 1.2328955485682440152 1.1613435785324837113 1.0529943395228431591 0.93933768708215092946 0.90944001944213337385 0.63106063989050575902 0.45918842079470412187 0.29274524924802886039 0.16250196480797829413 0.10930765360483114812 0.11662583446735619308 0.12415144712805864513 0.1836665978195771709 0.24579294694751896433 0.30218668806554677131 0.43863880797085208485 0.41090456346480941363 0.4909514324459551271 0.53407163913863187066 0.58340638419141632731 0.39522078404521032713 0.44394607235093558328 0.30123025540931841482 0.24994902026376347726 0.159267279056090727 0.14798835586912395534 0.19478525483675038221 0.49015453912166478956 0.46444756970219658321 1.5658362389154123484 12.154136066702285746 26.217456078037702838 64.976443594052810226 100 100 100 93.759843320208020145 nan nan nan nan nan nan nan
0.47171807530517173568 0.69124206135046672994 1.0761038833238349977 1.362253139275599878 1.5687438658777217437 1.5270690774984903015 1.451124941180645056 1.3027275611089816909 1.0700417368824417519 0.73687750983948918648 0.59886972290379969497 0.52598385063136665618 0.39207634834267407475 0.22394781400752653 0.14337227488152709531 0.1010964196246571245 0.10698884125463636874 0.13732307283692093969 0.20698856210072780204 0.36018619380356153847 0.5178404710769554109 0.624154669632758341 0.73352755392487900554 0.93899246858071094834 0.94587399169822727885 0.86897576394532172195 0.74322566265275247233 0.6695127833266079076 0.4565376021220517444 0.23432441952526827933 0.12492748807456424687 0.12333090022564990873 0.24249063226999367782 0.51361250389861012877 0.49032726519618757832 3.2316735223648578312 13.219900187365595912 42.392817091468870672 81.7065243057375028 98.734605097592023526 100 100 92.803059768475563374 nan nan nan nan nan nan nan
0.66738533082364448479 0.85563621386192378893 1.0862708947228048029 1.5279974044282735868 1.7324134128509942609 1.7190342228628539001 1.5064669265527550479 1.2571643985918499187 0.97898847230459584701 0.7166635360759328055 0.46300674022237880978 0.34189589749381205097 0.27913244790083369118 0.18773318392249382924 0.127957261060704236 0.10293986580319103297 0.099897438566403359839 0.12675909174424621062 0.21201446541151189318 0.39861942455685733799 0.61184274901523771906 0.95448696105820218794 1.1738028963525728443 1.1491519081963781357 1.0666414766763268052 0.93069008199527825109 0.83634124435485779347 0.54282662457612629314 0.31527552950051518366 0.17680819890970744801 0.11811985102340440135 0.11605907615596459947 0.3404487765941411892 0.56425446461601347359 0.98915624760815323846 3.9581851323260428543 15.696264954900330579 45.185309654416279557 81.36585550761465413 99.270437001988341308 100 100 90.902049856402243222 nan nan nan nan nan nan nan
0.71401543128662325888 0.90933939042711109391 1.1315152847673406455 1.3290161402261200241 1.7701773881213493933 1.791539337070695348 1.5390883923878702078 1.0623221951220087611 0.71872705385263235822 0.52018033853582945625 0.35725002988680720772 0.27117959278292419478 0.21125891287650297445 0.17895328315225605964 0.12199345215503717976 0.089182720405315593637 0.082541230845128835125 0.12345998725796844542 0.19683265033013527812 0.33177008990604067717 0.60575639570367545428 1.0010432138865812401 1.1606876558994245752 1.1495420274936116733 0.8409810839027663798 0.60206492070881101331 0.49541490082807360107 0.38738599472142792868 0.2297260601177983641 0.19573244869907235888 0.19393231681145645107 0.29143147708337380219 0.32719223312184125829 0.99416108385542067971 1.493239648905458683 3.269723492182857072 16.023122383648534139 46.172346943565756305 81.255844368660262944 98.732682499317874658 100 100 100 90.275913720626988379 48.24056423170760155 nan nan nan nan nan
0.69665669135824226377 0.87255056381244922026 1.0538968269734529937 1.2135591016232680772 1.1745247814888903903 1.6653762415493511551 1.469173814166752523 0.90824389035270303161 0.60392197987494233846 0.40551066681410102843 0.2830451257578251445 0.21295540091766917978 0.17701182356221401015 0.16734496872458232142 0.11951485971842638889 0.093750370230131080396 0.086255144050525658916 0.1049335638259608211 0.17249996102695863698 0.27880864740964222959 0.41978201645975593559 0.58723249695455070896 0.96115840103598604305 0.69795454853830396491 0.60516508493358844856 0.48963292010699105417 0.41114365434581862102 0.32356734561611433243 0.26553878794353202863 0.23781429997343486726 0.28866703574821062084 0.43538597612274126947 0.65788963474172312829 1.4728875617728931502 3.2197122085806650915 7.8431292018081384398 10.921217629020993911 17.703324875979767228 60.660914821118367968 95.609003794286223865 86.59101618280780599 91.263097633616780513 92.636404621047987007 97.778889984005630254 85.396318595184695255 67.040995272822371476 29.953247845605901034 13.858331361564044215 nan nan
0.62657150578454046119 0.9404265972849525923 0.94859265241723522699 1.072195646104580069 1.4129194512301745945 1.4579997656726095823 1.0825186104070667614 0.76773606239098335369 0.48898694940874998238 0.31796373029781799247 0.21721156565894997326 0.17104939025806073505 0.15806581446141404479 0.15829806091350928643 0.122694770612699941 0.10585428484222361711 0.095044591446465750972 0.10528525374508720946 0.13324278510473999693 0.20714771615171309604 0.29116886713806167108 0.41394260522451431505 0.53556075274230263705 0.57745688438202824599 0.54488510357195851785 0.55151415109363977063 0.49029231974549986051 0.43792191916406930652 0.326342319107523815 0.31394509002575726742 0.53195463459457881239 0.65311335115561575115 0.99856094851303889293 1.730216012566674344 4.8501296900659411904 6.4676368104480292942 3.6170361990263355523 7.5623423057453695861 19.552106003818039426 12.790846491849714894 79.508133087509136772 64.05227203474814246 42.405541869816232747 88.475308186261429455 97.073961168356433404 95.081196554233926577 55.159641175475009334 23.439320044039487101 7.7512221625917279155 nan
0.56657553422980722058 0.66164136740027679195 0.79950789045698722468 0.94345114611607716615 1.0986273560728627707 1.2657045836643154857 1.0624895629203052749 0.62899049350897295874 0.39236273484170136605 0.24758341126176255931 0.17041532263986763907 0.14837809831410334049 0.16679928272000693612 0.15275283493384769762 0.14428538549673372571 0.12871891360616044553 0.11655787717927483527 0.10479202353855579521 0.14159673882185150329 0.18223756422756029472 0.26100752558706674655 0.44093072675430727836 0.69397114232839918202 0.8472972932956037706 1.0016606157762335538 0.99102469749868438154 1.2883403736415370844 1.0654641163491691547 0.82370486365114170546 0.50887492086802654789 0.63125829511569941932 1.1679932366152703249 2.1002988599002132553 3.8610277809547817185 10.366158427053546731 9.7245026784041534995 9.276078899771503572 5.8007000279437574974 7.3362797930681926672 22.006093689099341049 24.691109645062066846 41.796364570033091468 25.166661480693491626 100 96.687425652967576184 59.771166183394960569 36.211812301281277371 15.367352716942662028 nan nan
0.45865181524571946303 0.62099035689003423411 0.63017973668155691236 0.77666028544006526779 1.0314895390920924001 1.0679005263506489154 0.85850358052948516629 0.51290420554009585885 0.31102463348831033141 0.19098487387337198529 0.13677759436746766974 0.14216718027177244199 0.19933129454598791375 0.21456592595536433388 0.17443617167767011544 0.14252593499166379964 0.11715491672938602163 0.15177316145536598468 0.23548151606246525702 0.4054842462366254896 0.51317360310551873859 0.86472985452991835142 1.3841039990584869113 2.415077434539039114 3.1149413249761983558 3.4737284090188933483 3.382051829583736513 2.7033270924483030484 1.9728025403796156656 1.4233026811793789701 1.0775569016901300756 1.4932549031778945547 3.1548474276585665166 8.6678082062953656362 15.607323371546605983 16.378826051654865381 10.379340669566694544 15.848124231958552244 20.724461338844790248 18.219068326097715982 42.561027608641857967 52.732264669516951017 100 23.526516946538578168 94.368706850235071215 nan nan nan nan nan
0.48636354742875859136 0.41301825152033100341 0.56638966844426785752 0.62482739386082175592 0.85083955726695603694 0.86888342097325876878 0.69627497722995024265 0.40202076936799041595 0.24020432749428519137 0.17492650769135897892 0.1188254072673208539 0.16749798302636959013 0.25510045614564103023 0.28567982480784032129 0.23166632534634665208 0.15686770740541794433 0.17393129442282279085 0.24392797682653657998 0.49023510338579140422 0.67211055515634554602 1.0602387402263337979 1.5178710784732252215 3.4654177122523801557 6.3735244914870170518 6.80080935441452894 10.662577172424633432 10.899614671374752817 8.5866803056131129068 4.4597009106936695844 4.1506590354317847158 3.4713690745104321955 1.7074915836670307989 5.3818633458692728411 8.5504900551885629767 19.206531415201716584 31.329660662727267351 33.54950478068275288 22.300104090863847262 62.283585139582228862 68.020019682317368392 100 98.495821037535066012 93.419427942963579881 81.741510481960318657 nan nan nan nan nan nan
0.48886317447345478682 0.47152927844451869577 0.40025380889794581751 0.55157879766277428946 0.73201793040074636387 0.76558299083524583573 0.62340154201841213588 0.37055421919597092417 0.21883172474756862336 0.14381027607159541093 0.16047493942492618846 0.21390337696947939183 0.31371253904373624932 0.2377496912376778071 0.24680953560726759388 0.3582584199175362083 0.21369658887121548152 0.46199791164915909869 0.7761622204496688715 1.5118178959934882588 1.8723186759450070049 2.800144761558668538 5.2039526129590143455 11.051602053439097517 18.174812607591775304 21.823029665611038297 22.298640752777089347 19.702764286099469615 10.179102750678719502 9.4157700502969348122 6.4087879559386449202 5.0845774130916971956 2.3050308782032642441 8.9955107542904357842 29.660566679984974314 55.602380796614113478 69.075355277950521327 100 100 100 95.77217964283802587 nan nan nan nan nan nan nan nan nan
1.2758121157810038415 1.1429132629853677727 0.76210975655781831861 0.7169495224948989609 1.0016758330023991519 0.96201276335810770313 0.87598396033735348443 0.54026827308301395014 0.31737596456222527674 0.23117097239156261801 0.24690084866546130327 0.3101222855535606393 0.4067256861029770465 0.43131723679823258388 0.22596252718108461588 0.2465364589844128429 0.43748283052618708311 0.60917986033485216346 1.1523900830341768931 1.5322797338582556659 2.168208890731838423 3.179497179411612251 5.772245358618110167 15.145349932845451946 26.514511121303726782 49.418665134505317837 54.007013946468468646 33.970966884992975565 32.846571066713359244 19.092878902040279598 11.258569634382951108 7.4896070363281088689 8.3088363275785503959 15.2016667632890492 29.095070841889302926 68.155800171936945731 100 100 100 99.256843857175894641 75.002072306394268253 nan nan nan nan nan nan nan nan nan
3.0307666144032210376 2.7909579269577786675 2.2160959847296970437 1.9712903677501214528 1.6723732784389724326 1.444623517576154148 1.0972281185718424368 0.60022161167488730094 0.46785359104204887748 0.3505129179020356478 0.25593919198781817093 0.22518131017057665955 0.2359449362911318071 0.3223418798294330756 0.20022536899008358535 0.23480045500011656467 0.56766040711900800364 0.62037125482324217973 1.1167199183860245792 0.88290697355110669964 1.1336747835955121033 1.9380046773677110927 5.0126259774583177276 12.031523931703823393 38.091830331790632158 67.586755819209187734 74.39777320923202808 64.49063503738550196 52.193277675572673502 32.484271083107486788 21.910306487077768622 8.8153311887454464113 8.7167019439168935691 22.089580287508834289 40.670103157885051814 52.680773854384391086 99.968854267011622028 100 100 89.942692774802395661 nan nan nan nan nan nan nan nan nan nan
6.1151898354334139896 5.8318539734356349413 4.0392014795998338883 2.9560293183375594417 2.5391986126671781676 1.820844735421230709 1.3057939793390229699 0.85287780284434155931 0.66616182564810588751 0.58917833335774938419 0.25005771601111748126 0.20406157231513250006 0.30177814652262791029 0.22347430700151690863 0.15446511968613671484 0.17079067683545978706 0.32122246334243831356 0.3544861582501113717 0.53005669161312307658 0.54849601107381928955 0.70887425551673965973 1.2149999440467706968 3.2269673771124498529 16.666620332229669543 32.05515459693196334 64.73065372115817695 75.216517361616070048 62.981531023916652146 27.035427298907581672 41.958683265787456662 30.360536439226411431 21.450748883183255344 21.715397857965744066 34.100577706743507633 47.321407551944361103 62.729898479601708061 81.081249558854239012 91.812239095197710981 86.004242506301906701 47.65048639230961669 nan nan nan nan nan nan nan nan nan nan
10.533935016311737343 9.2840074514863957234 6.3459674021309462333 5.2874484192887223344 3.7916651335980215975 2.7307138637960557404 1.714527220290689824 1.5266206673965065921 1.4624187536523514108 0.72319906035541581257 0.33578547913076695064 0.19871207688406236636 0.48855253638446738407 0.16535528127907397899 0.10302174504348760031 0.1495768831164838164 0.1703864948918711042 0.18541471685635074751 0.23416289346703930696 0.2458501825083658221 0.35946231864276351198 1.0075939919603613681 1.9634303861049153817 8.7908198231001346556 25.388642928403836407 37.484820307112094895 46.948782950703780159 45.01914586439966115 26.937397727424986726 30.563524387994107201 39.457801865896094284 32.036445111251929063 33.069279150209858642 45.209903499601480803 56.219039168499918446 65.495057844821261028 72.254001093942278544 56.826262652913356987 nan nan nan nan nan nan nan nan nan nan nan nan
14.500226452841225466 12.326618330952781477 10.277306667663339113 7.5921437669888138799 5.3914210114230805004 3.0534516237590199061 2.6828966160062601709 2.4970891551573397571 2.8172843318127052115 2.4555944808858169992 0.65344371224140784804 0.57498170745644516799 0.28521262725329737941 0.13966156760275971749 0.13453180649483131859 0.11548021397647650899 0.15446510027290691336 0.15019785142097452635 0.14797855515754135269 0.17082413773777999078 0.36080480092251671076 0.72066584159628455097 2.2927444706627304605 5.3506508191715900224 10.21811208744546029 16.24439649876771341 32.633893084990361899 38.544658346633141832 48.938593484934912681 49.702225122855494988 41.282020506828580153 32.741759043688297481 38.469136579512337448 54.147143827162949492 85.332917615672343459 91.94670742462270141 76.062177918033114565 36.201911530333021005 nan nan nan nan nan nan nan nan nan nan nan nan
15.702892069025690347 14.381140321049096897 12.132821307496381991 9.7746575052789239635 8.0408052609291509327 6.2777660390130654022 5.4470611314932586566 5.071623287996337659 5.0406146311153507966 3.9244218725654045343 1.770224474737834397 0.50839747660308909349 0.37911055634101165079 0.28696245147075083448 0.34758587514643113359 0.32884160830706304912 0.2774230356897675609 0.1808255108737935879 0.1826562065864566764 0.19297948996756245088 0.30032929414117159883 0.66252162741255105072 1.1419884742882395745 2.786985465060044298 3.560202976270316455 9.194285883639203405 19.54716279610523344 39.075469319314443339 44.314850662309837048 40.968141519302712084 40.768191471454770181 34.791407150695576433 45.418791068995119531 80.89088529368058289 100 100 86.558696269914790378 nan nan nan nan nan nan nan nan nan nan nan nan nan
16.539049029710707117 15.403039680794043065 12.926580919134350367 10.950334691526229847 7.5846114860271036662 6.0581661699419715461 6.9407234985294294916 8.3281379438793301517 8.4465729525961545932 5.7131276098927754603 1.8362461006677421871 1.0436865342130137169 1.3622739765758720143 1.2890625077450152958 1.0401696282364734092 0.77803723752180109496 0.57805885069352436201 0.35311115487730798668 0.21951535515862380388 0.18090375263653477034 0.21924862423574892345 0.43529697184606302995 0.98569984768124163654 1.7213973447715673615 2.7598676531508097298 3.7673553241575024053 12.19280255409739766 6.4475426790669541077 19.070439318744689672 33.134779854094993823 34.249551475349171881 36.375796016071618055 55.827080636013050707 96.075662233028992887 100 100 70.233742051137710405 nan nan nan nan nan nan nan nan nan nan nan nan nan
