src/SDSim/tmp/apis14
ncols        196
nrows        122
xllcorner    -12.166618000000
yllcorner    34.999860000000
cellsize     0.083333000000
[rows 88 to 109 of 122, columns 50 to 99 of 196]
4.639083906255047296 4.7153985876501334218 4.260629794116519875 3.6515553210536420004 3.4200023080666759334 2.9595357946556450912 3.2786674792369296938 3.5301882605956049765 3.6823015492484842959 3.5422294445963320442 3.1698443993865490498 2.2732427618167752037 1.4061452994998524524 1.0052290195044308874 1.4007833527459891965 2.9257697300215319558 4.3691913908865425142 5.4234482925133642439 6.8436259643642429751 8.7042663335485315201 9.4389688511609861621 8.767323059264816365 8.3784592638861941083 6.7611694362842138517 4.6904494058055945516 2.865458618588677453 1.7499270211504511785 1.6029350064310412538 1.5341913140330789567 1.766598427575745367 1.980047375608231075 1.9735431964605627542 1.6919403433197139908 1.3731228543091249517 1.3120802058643241672 1.5000635203743677426 1.8155319560888596442 2.0978561665204291664 2.0695369919927770752 2.0789857080837697012 2.054280438084835847 2.0567688140442976774 2.1652930743568532534 2.539735899502918226 3.6504099737582458296 6.0579809546221747851 9.0758097343518731037 11.68568760466519052 11.754351760160385965 11.505139387968332798
6.9391008191515819448 7.469659235328635738 7.2113707083999347702 5.4529261100342329982 4.4021678318489341208 4.2194355602388036175 4.399541822292305504 5.5953272053501015293 7.0685377461378253727 7.3868863814796164036 6.93331307021362786 5.2007513551960942166 2.9890252489324851126 1.7384007782395194397 1.3479873147320307059 1.8011568880321058295 2.8277058160380010854 3.3637199165141367097 5.2501018972563979759 5.9390164992102505437 7.1747935483229312581 8.3233126197593314544 8.2285573269275165131 6.468767910416962863 3.4390994116751136822 1.9230745714564023707 1.29563358283131147 0.88675582650294348941 0.75453152281396185241 0.94598610618642342551 0.82845405546272121722 0.7953582916417329951 0.77565327395788674636 0.83677655385708493707 1.4354749390102259365 2.2756848543166006138 3.2227188063164105003 3.7867402217335976999 4.0194675373799508833 3.4529827162967938747 3.1139335993468795216 2.6823313013631273627 2.5007371425079498728 2.5348388775870911438 3.6207037485329953697 5.8776287103830231473 8.9707034586078755467 10.642849759030806212 8.0253963071789016226 7.691568667607835863
9.9465689873736167215 11.548372291778985499 10.258661973271154366 8.1620126118279348049 6.7976203145663349758 6.8823928075243454572 8.9463680510029170989 11.68976537997036047 14.034617053924408836 14.132309635276390836 13.942396417787042751 9.1248302340480389461 5.1846733626728314093 2.7217816550570446132 1.4920920149626650808 1.5582579647517633692 2.1003152287186854785 3.0958699275126799755 4.0987186995950599666 4.9305218053322299454 6.010063962360775669 6.1572568621397634203 6.2974065292661656201 4.3922534202182168528 2.9257285495025349142 1.5436485487173530196 0.67680961954991392115 0.41199164577109609331 0.3316520084039374372 0.31483090989776324475 0.33318325285769878619 0.34603027497950289426 0.44784335700209576547 0.81427193104200168428 1.5163364554299969544 2.9586916077727316576 4.5730738460170590187 5.7939175192732204067 5.6846181462968781162 6.2455674654329653706 4.6495169882271181194 4.5383108854341838168 3.5314902079643331057 3.3519579991652959094 3.1113539540698100794 4.590227420823813631 6.5968504040751367867 8.2078490493074074408 8.1562257701276461574 3.9905434676076523282
11.253918074801225302 13.912701901483270461 13.233316820859780449 11.872853239188081886 10.873840782739486954 12.417302500550366773 14.573197189245535199 19.301577738737705658 22.615154490294376188 22.620667636196603922 18.633774227276095559 13.559956297730959562 7.5252022806507037345 3.43236105906782063 1.8610042063541403223 2.0475309593686454868 2.6749629743633844825 3.9606076637780738281 5.1016338680402215644 5.108681934058215468 4.7036520969355670729 4.7355195152793028157 3.8805539959607076028 2.9072254717643186694 1.7757716615123850801 1.0339297033989216512 0.52678161511020804575 0.28932287741663315073 0.20616254572370629194 0.16631214587970133412 0.1632565336486890839 0.2198617091374666932 0.40011785194564458701 0.86225489428142731985 1.8039974939878979932 3.0950152549651304135 4.9487943105060523408 7.423196925537338231 7.6111891416190191606 7.5960886595693484225 6.5061604054303447953 5.1495638359257238648 5.3485870284802459196 3.3765317694516885361 2.5160775016304652851 3.1247718089256735219 4.6591999018651817366 5.7997308800209204094 5.0853525602303628617 2.6438543028072332142
10.060737914253168768 12.379390127258918852 14.89272837599815702 14.737112631314769118 14.412584682715722906 16.141257967568442666 21.870108268138551466 27.272061012651413137 29.395258749772633422 28.6886150029039797 22.965139378892175159 14.270916230452527884 9.1315070475577577724 4.1675530355903314117 2.2992440270500384969 3.0780426917379006824 5.1016770985602075683 6.5536078849496579579 7.9463550471138528764 6.9713054121920210449 5.464002261559523177 4.7330670913307208991 3.5609782512736636306 2.4306280624303515658 1.6078236081815868719 0.97933152815133461822 0.67372841307659436794 0.45080733311524334717 0.31927913233546978411 0.21617591531026719709 0.19637376327716171698 0.2617066351907756383 0.50512931749435763251 0.9854373933466713531 1.9718899603458068803 3.5200460882046256117 5.3934694626018702124 6.777329912328197814 7.6280131705316698287 7.5417494824431710043 8.0527899088700962693 7.8994907707380406237 6.6056331627974040899 2.0750122802621713269 1.674566397996545275 2.0251832240200555724 2.6727796974111588391 3.274219129809198936 2.2191096664748251044 2.0234938097248833522
6.2306879363498692825 10.154538473282729072 13.551349326700409037 15.944627946998826573 16.649764016006539435 20.239960265035584541 22.497330458176893586 30.939245391962167275 34.078317623297223804 27.601812102213607147 25.065957950986877734 17.174579018734085878 7.8948864072321365271 4.0917366300308577465 2.6623186370445646176 3.4292212034491074135 6.062057795141310379 8.2186671133293263125 11.343626212184810598 9.2469194571450721298 8.1438180876527539453 6.5180751521133570847 5.1516324989855348804 3.2307309774592454232 2.0169130969770208139 1.4931984985724096049 1.169598846245149204 0.85514684446762490033 0.59574340173763484785 0.45235851189997866584 0.42002011165252511882 0.47175244811609040596 0.67045125760525103864 1.0928202752988565027 1.803537149697623132 3.005500301477332048 4.989231212312028596 6.234801879674430225 7.021811733715351167 8.0021414789957816538 8.7717161887693979594 8.0661692363851713594 5.3909781865542054646 3.7123486693834197858 1.6517802863132458047 1.3764796938580057262 1.2857936267728127255 1.3693146926862507229 1.3133131139466125425 1.3921218756827853369
3.9650730608167465974 7.0677628608968037227 10.536619750868997158 14.964143793758195145 15.966230072699307385 18.614074091526507715 20.348193488300402976 24.718551064190897648 31.623760072243136676 24.908440493785999337 20.106631545682954965 13.509596980230764274 6.952086730449535068 3.2566617652839586761 2.3184062676985246476 3.9070572606808369187 6.683654721510144725 10.593173141988742714 11.218996958409620746 11.498232780930257135 8.996578117010152198 8.681437848756798914 5.8104614957164777422 3.9124822724132659602 2.8338156221728647566 2.3009804427269493488 1.9334484423566900002 1.5540273813219804833 1.1675404848314097084 0.95963886032468570519 0.832126516083572354 0.78406646856472395068 0.95649600380620414253 1.272691447283198718 1.6706199362617288884 2.6270223218683126376 3.4714290011555206661 4.5002769608802601908 5.915737919594011629 7.2578527710206515167 7.9283881973359822126 7.5022341224429487383 6.3054987069179349035 4.3190501647373871208 3.0831673410745996655 2.3522805976495737568 1.1636631842037745699 1.3554132190138599157 1.2864307000930628178 1.4379197758601072188
2.4939266490239195839 5.0494085929822780656 7.2933651720143970465 11.540499128268043805 15.332575494906764746 15.078492743478800975 13.18806064486656382 13.571082275885999024 14.726127072948921537 14.096047643916900682 11.295419113232030739 7.5047273585403369012 4.4127114224835954914 2.2429048388309755779 2.025238374162346755 3.5995439090207406174 6.5176268014435096987 9.617877606536660906 12.314627230733620422 11.399057778589824608 11.278739701100942483 8.1300902697242207751 5.6252012975329028777 4.2506629712816783595 3.8536640064294513941 3.5918075056918445931 3.2370805478289619295 2.5694297391813183395 1.9287027003362318123 1.501512041604758263 1.2794420262559860202 1.4539299482857506174 1.4340959679821561057 1.5668000796203800373 1.8221262710246324268 1.9265599388195728814 2.7114694886469927759 3.3195930252930772042 5.7962336477212614838 8.2087875689226255105 9.7260224308827982753 9.5179119407604435565 6.6875117721236714274 5.3965892389041485444 4.8846883970510512896 3.6525543643281648265 2.3403822878671185492 2.0633569483425420188 2.1539238989930740154 2.9992964205995260585
1.8136229969905182102 3.9296319872604099643 6.5805177058445893934 8.9843601962371284486 8.9148758728095636172 7.3493505488438000128 nan nan nan nan nan nan nan 1.127400028420011413 1.3693750669314848079 2.3786722554253043604 4.3537111859654533674 6.5142161907779687624 9.7371120908735857569 11.513903554379838923 10.437916403021729295 9.3461187920449528832 6.6642976721700124543 5.459375854284753693 4.9898652807657750685 4.6815701943055918477 4.1938258225930837853 2.9639998306486177171 2.2898450868868187591 1.9403633387303313995 2.27903739350118828 1.9288827007728266416 1.7014949537541399494 1.8201548453858613641 1.7716130078822602822 1.6445915020365624581 2.2308643365052995833 3.8140253240783783539 6.4212460050003450363 9.9414897409023019748 12.67874563444494207 13.079116583327353496 7.8397292450008366771 5.6518743403907336642 6.5509394473188766739 5.5555791933690299444 4.1771944032051724349 2.5591803306862432876 2.468383767518372629 3.2571038193028329921
0.99451959343914919653 1.9223163389255066846 3.6551344798715765805 4.0004217633828602629 nan nan nan nan nan nan nan nan nan nan nan 1.204702618329232422 2.2428010001462586054 4.115180864731111221 5.7960545223515813618 7.5451093533828448301 8.7831742625019106896 7.5367863621898880666 7.2314524373642443678 7.6307246212475297042 7.6668749086639120804 6.8001889202507017629 5.0051104469740028691 3.8638954439267982899 3.2366083086709975802 3.3869707166097504647 3.2736047883645431611 2.6933093067176923086 2.0649729181686979906 1.8373399619891506163 1.3325113688830154679 1.2431546046468886502 1.8761235621523590922 3.8438539044449546722 7.2787951196165199264 10.907098773775530276 14.574232961586677249 15.589786610387371013 14.716787049915996732 10.956690944252889253 9.2374202924914712298 5.4450790069462282617 3.4384736535403535029 3.0861463613793653771 1.6720337566992273803 1.9126268736129730108
nan nan nan nan nan nan nan nan nan nan nan nan nan nan nan nan nan nan 3.451260357769798226 5.565824961512900515 5.9713809030093365493 nan 7.3603430487283985073 10.520629429789615017 10.436169511963893086 8.9681665288720271434 7.1077408823313046327 5.200977656520906045 4.3655200887329259629 4.0774491579018521392 4.0168191801753732051 2.8989071472342300417 1.9588377655975210967 1.342910584813819197 0.73218812343834860368 0.80216812049984920208 1.3931380325295470435 2.955499712004751256 5.2530716338996654713 9.4322798316111438055 11.919433197661875923 14.793130936920112717 14.032116502326360319 15.796427114712299655 18.465151148093735145 15.785410001383391787 10.745394910556411716 2.3661417314716759464 1.4216719493900009663 1.3377434050174334956
nan nan nan nan nan nan nan nan nan nan nan nan nan nan nan nan nan nan nan 3.6086311452009107725 4.4634109980704774756 5.3907039688532947252 6.8396235652951382633 9.0601056334583187635 11.01495117105818089 9.3685793765635434482 6.7280671189567380353 4.8580937349078281429 4.0431018642313292233 3.9258914019561288455 3.6073385655768723801 2.4552196745456291715 1.4784583452303139417 0.64559491397993340467 0.42623035138743775585 0.36402212508683107206 0.83221390213833446037 1.768487587043667153 3.8222228213594524604 5.6113420055369296335 8.4809811936607175653 9.3968552472574966572 11.69720150756682564 11.842579185535560882 21.385437742460631227 17.788011345299512556 11.626617086842289339 6.9214031101275494962 1.7197100332674102319 0.87702840352363886645
nan nan nan nan nan nan nan nan nan nan nan nan nan nan nan nan nan nan nan 2.5292338454466745112 4.5979377765008484502 5.9215408910099966988 6.7869906492414333599 7.1207245647644139552 8.5483532564710902335 6.1837140309954587991 4.3452082054952141377 3.5026983149171893039 2.9429924116542691692 2.8015380899032997775 2.2808306687617263542 0.60517674998896198169 0.61198760956803444078 0.4021321465308653198 0.23725075908848711204 0.14254222099013993952 0.37239537779590858868 1.0394580438757430318 1.5522343099732938132 2.8235241367827867975 3.2940420396481102649 4.0357504786891320592 5.3648331011715617578 9.4599212521705737799 11.79788188172931207 10.341000196457398985 6.0515403534707861155 3.5660543786191931659 1.9309367135899246914 0.78878429485039380786
nan nan nan nan nan nan nan nan nan nan nan nan nan nan nan nan nan nan nan 1.4896207324194952193 3.2791495950773077439 4.3901000182992060417 5.4400023465711964121 5.3158662642562841683 4.8570602002128842045 4.2738169702916071202 3.0249229679263147652 2.4525557006282596717 2.6952569307507023844 2.4848419773215981721 1.6116486499015854061 0.47725318025296481483 0.28026325418637831888 0.19132487770151723749 0.059146459813906461511 0.048875947124771619567 0.19901079244125668977 0.34992661890056137031 0.63375717687052912641 0.95197392172100114838 1.3366752274466995321 1.3544565068626235327 nan nan nan nan nan nan nan nan
nan nan nan nan nan nan nan nan nan nan nan nan nan nan nan nan nan nan nan nan nan 2.966594025355917541 4.136819321958035367 3.9326474233632309208 3.2765279014246928568 2.6309279295505110241 2.6612115351229990168 2.2232855339864205924 2.3144505513560003074 2.3145323190445306061 1.4625433517156056773 0.81891415113458942976 0.35652887147884387842 0.16119128360891729623 0.059446786882545413211 0.039248206247026365401 0.077751074721604432338 0.14827921317716452609 0.26398618679322688463 0.36480178379396638322 0.53142428611643677261 0.27356944501681246251 nan nan nan nan nan nan nan nan
nan nan nan nan nan nan nan nan nan nan nan nan nan nan nan nan nan nan nan nan 0.91625195453629182385 1.8764699678554204176 2.440039375107040609 2.6275076919632911476 2.225378190747064 1.9873291140810818156 1.9649769444491016479 2.178197550973872243 2.1466200560408470466 1.864173501507925268 1.2651886953825497439 0.74825133265343168887 0.36615542193944933258 0.14373129931111017221 0.055677577259828331391 0.023304764191089354791 0.022582750397762765826 0.040855357337075737245 0.072335326103139335752 0.093139860331011431471 nan nan nan nan nan nan nan nan nan nan
nan nan nan nan nan nan nan nan nan nan nan nan nan nan nan nan nan nan nan nan nan 1.1869588007716780353 1.3161540977765395777 1.3251356059563001999 1.4742475869481981299 1.490461215713797527 1.8029639283117000481 1.8761106194696908211 1.7236047566723877722 1.7126201007197277004 1.0868370469114179144 0.4972202626421974303 0.26256955435455836545 0.1059836525154644743 0.033116722820521943271 nan nan nan nan nan nan nan nan nan nan nan nan nan nan nan
nan nan nan nan nan nan nan nan nan nan nan nan nan nan nan nan nan nan nan nan nan nan 0.67800161978023743004 0.99354250415329037338 1.1734368732729609786 1.3345200902885057115 1.2762885697114374484 1.5761715582322957108 1.5208533906488146403 1.5230645628314485318 1.0558174339850896484 0.50933395207521903192 0.187605211001085459 0.068686592484312233853 nan nan nan nan nan nan nan nan nan nan nan nan nan nan nan nan
nan nan nan nan nan nan nan nan nan nan nan nan nan nan nan nan nan nan nan nan nan nan nan 0.55237916603143144556 0.81653936506585744759 1.0181269005874220568 1.3971041417014447017 1.5445003554326581785 1.4244938476962276663 1.2111383730239970724 0.83180991019231564909 0.41003449131104241498 0.14358800131450388804 nan nan nan nan nan nan nan nan nan nan nan nan nan nan nan nan nan
nan nan nan nan nan nan nan nan nan nan nan nan nan nan nan nan nan nan nan nan nan nan nan nan 0.50920012559934135776 0.74251103086098901862 0.93333130937147790185 1.2562545868406957972 1.2939041605664227674 0.71557035089430209851 0.47195642119223557565 0.22096907732702869565 nan nan nan nan nan nan nan nan nan nan nan nan nan nan nan nan nan nan
nan nan nan nan nan nan nan nan nan nan nan nan nan nan nan nan nan nan nan nan nan nan nan nan nan nan 0.49428721479108661541 0.67911625210146420173 0.5863514248053621758 0.53635558826754403672 0.23721132944035858148 nan nan nan nan nan nan nan nan nan nan nan nan nan nan nan nan nan nan nan
nan nan nan nan nan nan nan nan nan nan nan nan nan nan nan nan nan nan nan nan nan nan nan nan nan nan nan nan nan 0.17859219611710525077 nan nan nan nan nan nan nan nan nan nan nan nan nan nan nan nan nan nan nan nan
