src/SDSim/tmp/apis15
ncols        196
nrows        122
xllcorner    -12.166618000000
yllcorner    34.999860000000
cellsize     0.083333000000
[rows 44 to 65 of 122, columns 0 to 49 of 196]
nan nan nan nan nan nan nan nan nan nan nan nan nan nan nan nan nan nan nan nan nan nan nan nan nan nan nan nan nan nan nan nan nan nan nan nan nan nan nan nan 0.70343911168775274945 1.758505655410259827 2.4515101212357555127 4.247609464496155951 4.2731360315950350781 5.4919996549103480277 5.1839337654656842957 3.2589939424732099482 2.1331980043974869687 1.5076703130587985058
nan nan nan nan nan nan nan nan nan nan nan nan nan nan nan nan nan nan nan nan nan nan nan nan nan nan nan nan nan nan nan nan nan nan nan nan nan nan nan nan 0.49543373183080707811 1.2566538298028324672 2.0846820841120869972 3.0076469728757215805 3.9624384622686807944 4.5971591532557063431 3.4966784766856129352 4.8231369956711205305 2.2974810968618450957 2.8059391759619596307
nan nan nan nan nan nan nan nan nan nan nan nan nan nan nan nan nan nan nan nan nan nan nan nan nan nan nan nan nan nan nan nan nan nan nan nan nan nan nan nan nan 0.85572109228183557139 1.5355097209792303303 2.3557929789939966447 2.2501652510482976766 2.9918533919984970915 3.0298627853631914242 4.9682994645415874402 5.736716970817011152 6.5921071547392875445
nan nan nan nan nan nan nan nan nan nan nan nan nan nan nan nan nan nan nan nan nan nan nan nan nan nan nan nan nan nan nan nan nan nan nan nan nan nan nan nan nan 0.54415411046249517746 1.1000275380075827947 1.6364863660088275754 2.1953605301086436263 2.9935187841515693563 6.9153976058754862422 8.6804554941342981778 9.9744065580295320217 6.0728792682749226373
nan nan nan nan nan nan nan nan nan nan nan nan nan nan nan nan nan nan nan nan nan nan nan nan nan nan nan nan nan nan nan nan nan nan nan nan nan nan nan nan nan 0.33354264755770890449 0.73524856005749783527 1.3480808365552225947 2.3472322416912825283 4.7322607997639538624 6.2441125874619469727 14.42206608213962582 11.119415672225073877 4.9046778531516608268
nan nan nan nan nan nan nan nan nan nan nan nan nan nan nan nan nan nan nan nan nan nan nan nan nan nan nan nan nan nan nan nan nan nan nan nan nan nan nan nan nan nan 0.48612217965309340029 1.0217936293668887782 2.0492908217545942051 3.8061137834574432226 7.2801030453755775085 8.5592036466645815551 13.103602283092788738 8.5511026735427488887
nan nan nan nan nan nan nan nan nan nan nan nan nan nan nan nan nan nan nan nan nan nan nan nan nan nan nan nan nan nan nan nan nan nan nan nan nan nan nan nan nan nan 0.40898614888680917545 0.87617034148632899626 1.4014966778970681105 2.6768517109462282022 5.027842939552581214 6.1098138221447912954 11.446567718614847564 10.47470585677402255
nan nan nan nan nan nan nan nan nan nan nan nan nan nan nan nan nan nan nan nan nan nan nan nan nan nan nan nan nan nan nan nan nan nan nan nan nan nan nan nan nan 0.16742103533216445843 0.51970770121245746243 1.0697897520109298508 1.8156570479093170345 2.4348981857362681502 1.5175500858341435251 2.3275410207701412446 4.3504076516841356792 13.107517706389293366
nan nan nan nan nan nan nan nan nan nan nan nan nan nan nan nan nan nan nan nan nan nan nan nan nan nan nan nan nan nan nan nan nan nan nan nan nan nan nan nan nan nan 0.79998514876122750472 1.8182837033010565975 2.964519123615591667 2.2076682575114516816 5.6144391727631246525 4.2706246637914899722 7.7689161523905134743 11.635829798961072612
nan nan nan nan nan nan nan nan nan nan nan nan nan nan nan nan nan nan nan nan nan nan nan nan nan nan nan nan nan nan nan nan nan nan nan nan nan nan nan nan nan nan 1.55201004815582011 3.0275381302697446095 5.5433654438803259268 6.8109923516611354799 5.0338088527695283858 4.7815188467973648301 2.793016771720125746 5.6501489967382605428
nan nan nan nan nan nan nan nan nan nan nan nan nan nan nan nan nan nan nan nan nan nan nan nan nan nan nan nan nan nan nan nan nan nan nan nan nan nan nan nan nan 1.1757411049652635171 2.0904556504818869733 4.9829879930591998161 9.6246834307601094594 9.2595290498243798538 6.5970203097722022179 3.2101790276279391634 5.0211673395839024892 4.3198544826756926085
nan nan nan nan nan nan nan nan nan nan nan nan nan nan nan nan nan nan nan nan nan nan nan nan nan nan nan nan nan nan nan nan nan nan nan nan nan nan nan nan 0.88493264001420446352 2.052617719410537056 3.541350843970297646 6.6610506987036863791 12.004597457917006054 15.962245735841921856 11.27965696953176078 6.8304899575707533899 6.9235625523861870079 6.405956240066973173
nan nan nan nan nan nan nan nan nan nan nan nan nan nan nan nan nan nan nan nan nan nan nan nan nan nan nan nan nan nan nan nan nan nan nan nan nan nan nan nan 1.7602140514680155725 3.4802674275520337765 5.6092133458974071658 9.1749212159991522242 13.762404856232400618 13.364428999946431631 15.834381582266258803 10.617973162615442106 7.6028565589045733475 8.5076898689446096569
nan nan nan nan nan nan nan nan nan nan nan nan nan nan nan nan nan nan nan nan nan nan nan nan nan nan nan nan nan nan nan nan nan nan nan nan nan nan nan nan 3.2765689090948182383 5.2862422273225293523 7.104863983858376919 9.6657578859757276035 11.661707239229617272 9.3447476698986182697 11.977495629158015689 11.076448364272572178 8.6501948336637592973 7.2303593121996421189
nan nan nan nan nan nan nan nan nan nan nan nan nan nan nan nan nan nan nan nan nan nan nan nan nan nan nan nan nan nan nan nan nan nan nan nan nan nan nan 2.4360906833405513439 4.6392072134253101723 6.9224179404747303579 9.9711751850475067727 10.400956333995823755 10.229248834202246954 7.8073942044965516374 8.0871612781415205262 7.4167753359014652048 5.8954080395875765319 4.8746751408681641138
nan nan nan nan nan nan nan nan nan nan nan nan nan nan nan nan nan nan nan nan nan nan nan nan nan nan nan nan nan nan nan nan nan nan nan nan nan nan nan 2.2228872653600246778 5.7432189484184918982 8.879456362235298883 11.570432515184320366 14.421312885512650226 12.034689989546325961 8.8461957795447627717 6.2586064387220252669 4.6238945113485474536 2.8932886231027956647 3.0100071291031937903
nan nan nan nan nan nan nan nan nan nan nan nan nan nan nan nan nan nan nan nan nan nan nan nan nan nan nan nan nan nan nan nan nan nan nan nan nan nan nan nan 5.3623822496238711111 9.0051900019532276076 11.883335016497946768 15.276191083696449624 12.102792581456572663 9.7696535867393823338 5.5518391375805551391 2.7464164270701716397 1.7412125981609476444 1.2369117193047141079
nan nan nan nan nan nan nan nan nan nan nan nan nan nan nan nan nan nan nan nan nan nan nan nan nan nan nan nan nan nan nan nan nan nan nan nan nan nan nan 2.1342484594822028754 4.2231474145048526481 7.2482385807364853036 11.261144693507887382 11.283788654396785134 11.219709920379591139 9.2500267302864376262 2.9919486774195083179 3.3973276701541816891 3.0788084873092405047 3.3007827756539604991
nan nan nan nan nan nan nan nan nan nan nan nan nan nan nan nan nan nan nan nan nan nan nan nan nan nan nan nan nan nan nan nan nan nan nan nan nan nan 0.63452969017939842011 1.6221842601919362892 3.2290810542841335007 5.0743767080688328974 7.0647388780060618174 7.4496661038520999298 10.124231685073258546 9.6631742556943169831 7.9156074590513112454 7.9600027047191002083 8.4231116545706559151 9.3772530211084426099
nan nan nan nan nan nan nan nan nan nan nan nan nan nan nan nan nan nan nan nan nan nan nan nan nan nan nan nan nan nan nan nan nan nan nan nan nan nan 0.50088174228946913402 1.1370315146302110154 1.8917234931801436559 2.94225263593087627 4.2923498449776085195 6.2732717452328392582 8.8461350757561767466 9.3710133085585809454 11.665233821753279386 16.96228366392614717 15.217250347933566346 9.4725822614746668648
nan nan nan nan nan nan nan nan nan nan nan nan nan nan nan nan nan nan nan nan nan nan nan nan nan nan nan nan nan nan nan nan nan nan nan nan nan nan 0.38752646029999998634 0.78573934286619984135 1.3039264890368240657 1.727697872812014257 2.6184832584286907853 3.9185761659418845149 6.490947596929643737 11.146491171701136125 15.621290231351222744 22.34738636664567224 23.87862500318786374 19.490205182810722562
nan nan nan nan nan nan nan nan nan nan nan nan nan nan nan nan nan nan nan nan nan nan nan nan nan nan nan nan nan nan nan nan nan nan nan nan nan nan 0.37830456288029656875 0.7292925514881046789 0.91886081505780903278 1.1759957659891251414 1.486858849269309113 2.9174390086277810497 5.2298107558158237751 8.9803333108091507597 16.374714607036107594 22.720754003759118689 28.089429404292594938 26.434667727033502871
