src/SDSim/tmp/apis5
ncols        196
nrows        122
xllcorner    -12.166618000000
yllcorner    34.999860000000
cellsize     0.083333000000
[rows 22 to 43 of 122, columns 0 to 49 of 196]
nan nan nan nan nan nan nan nan nan nan nan nan nan nan nan nan nan nan nan nan nan nan nan nan nan nan nan nan nan nan nan nan nan nan nan nan nan nan nan 3.8806117966474831249 nan nan 0.28402574929923052327 0.10296924685378489039 0.027977594440979150492 0.056638462156046259777 0.39603129428573224935 0.77610247686556399493 0.84454575345691595967 0.52101717053628782139
nan nan nan nan nan nan nan nan nan nan nan nan nan nan nan nan nan nan nan nan nan nan nan nan nan nan nan nan nan nan nan nan nan nan nan nan nan nan 4.6145129419976145257 5.6573788375389097993 4.837119602101306981 1.7626995136398935227 0.62565157025718887152 0.21699985439007027366 0.070726483014406552052 0.077869823160033727061 0.14978971557651518665 0.27989714200415261036 0.35778239469947142881 0.37420663546290677814
nan nan nan nan nan nan nan nan nan nan nan nan nan nan nan nan nan nan nan nan nan nan nan nan nan nan nan nan nan nan nan nan nan nan nan nan 0.62080624633542247359 2.062265564754928171 3.4273408067641222274 4.4086501252974850118 3.4211034549967096474 2.2245722670003265087 1.0344800004824470374 0.39462327201163294177 0.18723654124554328648 0.066576517907970436672 0.064948651353719938362 0.17316057350111038748 0.45901074936343150279 0.81502843627309840002
nan nan nan nan nan nan nan nan nan nan nan nan nan nan nan nan nan nan nan nan nan nan nan nan nan nan nan nan nan nan nan nan nan nan nan 0.21779580819342780895 0.79923039744606827472 1.4321815251751586207 1.9044164431965440176 1.8336008468040345676 1.7466804209483410837 1.4138428167209815545 1.2264899421549719793 0.92898587141347321872 0.38143514795039384913 0.12196083289044992726 0.086697918366549567293 0.29288139209641195215 0.83921247335638948783 1.7949967805366016105
nan nan nan nan nan nan nan nan nan nan nan nan nan nan nan nan nan nan nan nan nan nan nan nan nan nan nan nan nan nan nan nan nan nan nan nan nan 1.3971858928527585153 1.5784532268240110131 1.2350068396331979059 0.98062627071913177623 1.2714946481162934244 1.7257376393039218776 1.2895012316536962338 0.68889265332242410889 0.34239273110425422209 0.26953133688118374733 0.50681696729621172892 1.5326477882314464285 2.4785711035724853346
nan nan nan nan nan nan nan nan nan nan nan nan nan nan nan nan nan nan nan nan nan nan nan nan nan nan nan nan nan nan nan nan nan nan nan nan nan 1.7877771605434433777 2.4839856871626606605 1.6634884321104979055 1.0681498472152932688 1.0837306368916035382 1.264732768703140664 1.3197647851281359976 1.0650860587730350826 1.0377546060739264444 0.73692083448234191323 0.72931715437938959834 1.3820796498697636157 2.8222599257572453801
nan nan nan nan nan nan nan nan nan nan nan nan nan nan nan nan nan nan nan nan nan nan nan nan nan nan nan nan nan nan nan nan nan nan nan nan nan 1.8934986655267307398 2.9466311787226646679 2.1543341197688334887 1.1052151547007083021 0.53315254992304983439 0.71391807676268970173 1.047944920257013024 1.6525586831732856918 1.8777781842699907688 1.5204130945550247134 0.80813366003029063478 0.80442385329270715832 1.0507155174968478839
nan nan nan nan nan nan nan nan nan nan nan nan nan nan nan nan nan nan nan nan nan nan nan nan nan nan nan nan nan nan nan nan nan nan nan nan nan nan 1.8116495568606494349 1.5537168416930335901 0.65778081941991550785 0.29800064496827377569 0.31724009429053040554 0.90113960652226388071 1.7159398023720797699 1.7962392540709464228 1.6698660451306110986 0.79973430001683110113 0.34281814248045450189 0.28987761333565326138
nan nan nan nan nan nan nan nan nan nan nan nan nan nan nan nan nan nan nan nan nan nan nan nan nan nan nan nan nan nan nan nan nan nan nan nan nan nan nan nan 0.33749591103498194355 0.16250017732687088712 0.24402304881661893154 0.63257968225150762454 1.0985584969898976038 1.235512033880615812 0.55860066881973724495 0.48060812039249301009 0.21837074994732078026 0.18559064239943212637
nan nan nan nan nan nan nan nan nan nan nan nan nan nan nan nan nan nan nan nan nan nan nan nan nan nan nan nan nan nan nan nan nan nan nan nan nan nan nan nan 0.09539386114743525491 0.18365955352705359838 0.35046339203701454279 0.73940191636992802504 0.93228877744219629253 0.63469252962170175092 0.40865310507723140443 0.29573611231377283648 0.20701367183469362998 0.2990464244059653498
nan nan nan nan nan nan nan nan nan nan nan nan nan nan nan nan nan nan nan nan nan nan nan nan nan nan nan nan nan nan nan nan nan nan nan nan nan nan nan 0.016402948374798401177 0.13391774477711584912 0.4213437179720901371 0.97583253511373224676 1.6132078706578747429 1.8384636148103892239 1.0493505236424096605 0.57437177255705529344 0.41562142052494066569 0.23994246634643162652 0.57158819887239109558
nan nan nan nan nan nan nan nan nan nan nan nan nan nan nan nan nan nan nan nan nan nan nan nan nan nan nan nan nan nan nan nan nan nan nan nan nan nan nan nan nan 0.73684829589230638192 2.0349268949357197656 3.1199091091186441638 4.1693822745521336159 1.7763819948589967268 1.2146852362042912521 0.53816892811799765806 0.47739996121423716735 0.51986994261851471322
nan nan nan nan nan nan nan nan nan nan nan nan nan nan nan nan nan nan nan nan nan nan nan nan nan nan nan nan nan nan nan nan nan nan nan nan nan nan nan 0.047066315713993653325 0.22093385776229629291 nan 2.6074569482516505303 5.4761888912902429993 4.2616721576009650718 3.8694627620816599567 1.2530076311930373745 1.1695840353051467631 0.59966455696326637081 0.37271859801880130592
nan nan nan nan nan nan nan nan nan nan nan nan nan nan nan nan nan nan nan nan nan nan nan nan nan nan nan nan nan nan nan nan nan nan nan nan nan nan nan nan 0.36813901465392939727 1.504929403041870728 3.7568286961345505048 6.2511597990995024787 6.2050320474457034692 4.1610949182735561536 2.7957213461004326582 1.8138672337508188193 0.63746664828760790655 0.2141036063216366081
nan nan nan nan nan nan nan nan nan nan nan nan nan nan nan nan nan nan nan nan nan nan nan nan nan nan nan nan nan nan nan nan nan nan nan nan nan nan nan nan 0.62170805519571292752 2.202564524741355001 5.646354216669687176 8.2006649490343761499 8.6775482058788373507 4.1686059509347597185 4.8007586424341930353 1.8504719136717449057 0.43235721127799220387 0.08992472445635898981
nan nan nan nan nan nan nan nan nan nan nan nan nan nan nan nan nan nan nan nan nan nan nan nan nan nan nan nan nan nan nan nan nan nan nan nan nan nan nan 0.27604422605039613536 1.2144682985048100843 3.4230253519103839288 7.5310290894893165969 12.273926477836237581 7.5720370968254435695 5.876495898948837393 1.7630351232017049679 0.72386860016793008743 0.21664010088726190495 0.066366645631139462025
nan nan nan nan nan nan nan nan nan nan nan nan nan nan nan nan nan nan nan nan nan nan nan nan nan nan nan nan nan nan nan nan nan nan nan nan nan nan nan 0.41684865450125097031 1.6438268540855660582 5.0799116035006077752 7.5930716450167929921 7.0336531903590415737 5.4526013411812677134 2.6011024785052372366 0.85632274789737394816 0.56091253774012883593 0.32285323106788821335 0.19485264555085204941
nan nan nan nan nan nan nan nan nan nan nan nan nan nan nan nan nan nan nan nan nan nan nan nan nan nan nan nan nan nan nan nan nan nan nan nan nan nan nan nan 2.1367111434616199439 5.6950003081477484912 8.3693531493612240979 7.1319579033050590766 9.6362303874604151588 4.6743486729165377724 2.0579711759548562355 1.6573558945116528829 0.71263482145386303213 0.25631407355698537787
nan nan nan nan nan nan nan nan nan nan nan nan nan nan nan nan nan nan nan nan nan nan nan nan nan nan nan nan nan nan nan nan nan nan nan nan nan nan nan 0.42460784165071302487 1.6646608894786836252 4.486152427586777236 10.634512146915646724 14.123221445562835541 8.9139441353747450592 6.3472232478584045268 3.4346085530532941554 1.3645853232869271654 0.77869165100677772973 0.35225238741805647846
nan nan nan nan nan nan nan nan nan nan nan nan nan nan nan nan nan nan nan nan nan nan nan nan nan nan nan nan nan nan nan nan nan nan nan nan nan nan nan 0.2980073606770665684 1.1465777112445432184 3.57451146670691422 7.5793281042845448425 7.4050429671748920768 8.3656104247804989882 4.8576307424122493472 4.5650359613383271196 3.1962457992471833279 1.5448584681307697686 1.5950974862371523066
nan nan nan nan nan nan nan nan nan nan nan nan nan nan nan nan nan nan nan nan nan nan nan nan nan nan nan nan nan nan nan nan nan nan nan nan nan nan nan nan 0.68517193448154756208 2.5326039080475277743 5.2030822667722764763 9.0581178287657149184 7.1665857247300914779 5.3935438640411179634 5.0979584306780809655 4.6091347481258875263 2.990902097901905865 0.49245846684317839959
nan nan nan nan nan nan nan nan nan nan nan nan nan nan nan nan nan nan nan nan nan nan nan nan nan nan nan nan nan nan nan nan nan nan nan nan nan nan nan nan 0.35253631417475012055 1.2820158487085897558 4.1965871143472082139 5.6408431854442344644 6.2285143399238824813 3.2684140162818051678 2.9785893810557930728 3.4778180954426551885 1.4262762966201623094 0.69356005029421474717
