src/SDSim/tmp/apis22
ncols        196
nrows        122
xllcorner    -12.166618000000
yllcorner    34.999860000000
cellsize     0.083333000000
[rows 88 to 109 of 122, columns 100 to 149 of 196]
13.703867455210199111 12.229901394571339068 10.753567933110399935 6.7223425220650518952 4.1850111752052860936 8.7275693221448857884 13.712194423314455705 18.482683612161235231 19.126830250653380716 8.3882067971136375917 3.5222092201831847191 3.2316285281657801676 4.4650171414020807248 3.8769135252154822702 3.3237277661707227416 2.3344373973777137188 1.2752689558259000524 0.91120896527211370231 0.77931130138673854191 1.0902750769141704712 2.5108214305526228571 5.3382450579403410984 12.135306342940261004 34.100914878938041852 41.942564996705712588 50.165273659565606579 56.908331333465334012 72.744889292546474735 100 100 98.225468183890470186 100 100 100 97.596877912835495295 86.742522175381552074 nan nan nan nan nan nan nan nan nan nan nan nan nan nan
7.6603003716613162766 7.3103384683282310874 6.7696532013237105119 2.9440406619348089556 1.9184594309571010307 3.3929537080985454622 6.6258948938775059645 7.6374594712686372233 11.422834499766583605 13.450851999695290218 6.5937715203582669687 6.5595292102671844958 7.3667883944175898137 7.7453999837294826847 6.4523784829340975477 3.2429665068168578301 1.8905881584907895387 1.320261060268493436 1.0254514381905979192 1.3414912019471127991 2.7077323410082199118 4.2533109996130997743 15.557604076361611689 44.475734414926421323 77.868157394108308722 94.07387728765115753 87.674731783695065701 100 100 100 100 100 100 100 99.705420891687523977 nan nan nan nan nan nan nan nan nan nan nan nan nan nan nan
2.3330338096598381981 2.5874965043101125772 3.3222046455802365372 1.9049451961726719951 1.4084567239398038119 2.1872788657581674343 2.7153489419982377306 5.0223512919472987903 8.3092467933625915322 9.2938031549202211323 8.4058440182589198031 9.2740255382332641432 14.823908479821046313 16.334475924379098899 8.3930535806806592092 3.8382069306736612546 1.5256290596831865169 1.2989965730824828416 1.4158735797925314781 2.2018583667586222319 5.1622952068248331159 9.6653358470103309941 16.441863999773627114 41.858246208466837857 76.67285868831515927 100 100 95.461005970615005367 81.796373601479132276 100 98.702547506383751852 90.293898726726354198 90.668281929715107026 100 96.511281193135530998 72.692455618198010825 17.366318545238033977 nan nan nan nan nan nan nan nan nan nan nan nan nan
1.2727402104433547247 1.1878930680988801782 1.2238408478042948069 1.007333079715422075 0.95193053621688439314 1.3817345431777885434 2.3696812439157577401 3.4738631665423858053 4.3386835735230784294 8.894732230299785769 11.813350338169469111 11.315748672188632895 15.897874062770382508 14.442928411132808009 8.6728756016619623637 4.5981251755063317077 2.6704805558119861786 2.582301321626281787 3.9938339400635380905 5.8475465822621641721 9.1282316916596109024 17.3302469074473251 32.840375566495431769 57.872907676263331211 100 100 99.275209705331732835 75.228330653982695253 99.500915465164027296 88.045979734567083597 49.775365818307818699 nan 45.295184421512203699 nan 61.567768408544992553 nan nan nan nan nan nan nan nan nan nan nan nan nan nan nan
1.0717394145626581992 0.83797481623421532504 0.81373632705311071955 0.71404422388848276526 0.74724366747812909217 0.85103440944907515764 1.2961584121940818992 2.5761327749547753285 4.3054239070278947921 4.7508880976815035524 4.5237346850718918034 5.3405021070258538174 11.020264542913674077 9.388261369837412218 5.5547354252528631235 3.6162990844693752024 3.7775681938807590399 6.1326003048883341862 12.939605325518078516 26.681455055344819982 36.647460407252282266 62.138391345742007843 83.340562806419470121 100 100 100 100 90.113158258905073694 55.269587226265933566 nan nan nan nan nan nan nan nan nan nan nan nan nan nan nan nan nan nan nan nan nan
1.504296010047919685 1.6128903682326631852 0.86492871147968253265 0.7274309967631035212 0.61655278560386250764 0.61978309906634254656 1.0681349815778011791 2.0424602269742333505 3.0917744478363737848 2.3101648227561977222 1.91555732365957887 1.8038027789419595059 3.5727632908661308697 5.1397763007769539101 4.5244884442230466348 4.5700922016357692357 8.1754436656260907057 13.530261200230627949 33.121459821109972665 68.270889480675634786 95.406848321500419274 100 100 100 100 100 88.320552841212375483 nan nan nan nan nan nan nan nan nan nan nan nan nan nan nan nan nan nan nan nan nan nan nan
2.3934380455954187283 2.7002466007969445627 2.0666460755446163233 0.92012235461833125072 0.53682620843440975733 0.59100967157065065205 0.87030938484519726472 1.4913303159401067877 1.8255569378912881451 1.4959978782727985092 0.75475105283865540073 0.60834691795721107521 1.2172193773451971399 1.9783592593310159735 2.1862067325844787291 2.680520685022338423 5.7227605157022187754 10.774267846600707799 23.871638127063146584 55.825421991235785413 98.288148812451254344 100 100 100 98.368238652093950236 88.139707627822573954 nan nan nan nan nan nan nan nan nan nan nan nan nan nan nan nan nan nan nan nan nan nan nan nan
5.6539396127760674915 3.9830769347125984936 3.3171833625756770303 2.018180843033700711 1.0325248771590493924 0.70113598372826380078 0.57377248561306493091 0.83884196803821464705 1.0103923660816158669 1.0383418474443248947 0.96264867542208931717 0.84551258138173113199 0.71402438191341832674 0.82786536967826651612 0.90666640302835055376 1.0819895324759500888 1.983911734517151082 3.5534959863407893366 13.497132620506633316 31.532140081431478507 58.736523330563933598 99.259235095533512094 100 97.26692355196205142 82.610980244255472371 nan nan nan nan nan nan nan nan nan nan nan nan nan nan nan nan nan nan nan nan nan nan nan nan nan
5.7975178404376430663 5.4893067850781998018 4.6075766044061907678 3.3209218325033820207 1.9078517179395233505 0.89484406723986920085 0.43052462292573556724 0.26780281451202730958 0.46547154112601885068 0.62937964234862764368 0.7223209764220408502 1.2374348919699278415 1.8926165617878192293 2.1134221545648999019 2.1621898519230864366 2.857199164691199389 7.1019966594168684182 10.166623927468581456 15.855496374022720829 36.704306097804916931 59.594382861016711672 91.260260776792520687 98.522839556951211648 74.472187000368393228 nan nan nan nan nan nan nan nan nan nan nan nan nan nan nan nan nan nan nan nan nan nan nan nan nan nan
4.7079454909292213216 6.2846408705513212567 5.4490807585419132053 4.5761024081585253143 2.4692764116889733828 0.99119626344424849318 0.71144941905657677061 0.26832642114374144482 0.18802071030078087999 0.21769431558310273211 0.23429179788524573391 0.27081859481967474057 0.8413929214105876353 1.6971130873239455017 5.1686472269279120084 10.615123549965396421 15.297731752882752332 21.935772449122598715 24.701177726832852954 34.196318368949590649 54.541573675935318022 70.221665896046005173 50.71125208341447177 43.452152750035558881 nan nan nan nan nan nan nan nan nan nan nan nan nan nan nan nan nan nan nan nan nan nan nan nan nan nan
3.2091723369038862579 4.5497739384571938004 9.6985711044891278476 14.023011360210336562 8.7258802682430633979 5.7130521398575240255 2.9212242143991087318 1.7897844955827735269 1.1613376303019857794 1.3560728383583837697 0.57103558432547751877 0.39091813667597241633 0.90330565681217134255 1.9466134010761380058 6.6281474976875678351 15.174305279117781708 13.943592235079252717 17.215768926911572123 23.227685639596202805 26.472644155200374172 34.147580535300249949 41.015219791892853607 31.333654051278998054 nan nan nan nan nan nan nan nan nan nan nan nan nan nan nan nan nan nan nan nan nan nan nan nan nan nan nan
4.2267244012661677743 8.8386172495283954476 13.924846686228141479 28.901352196153407448 19.529202846369841495 5.502512136098270723 4.3130309199638077189 3.6868236492733315046 2.3760304892680412792 2.330243425913523847 2.1862567740245477665 1.0767853563057341315 2.1077568179017602823 4.5067584656952925926 7.464915428212681725 8.9419033627636537176 6.3589035412566730088 nan 10.209941358776241316 17.848647285256920014 21.924451135499722909 19.121252523308378102 nan nan nan nan nan nan nan nan nan nan nan nan nan nan nan nan nan nan nan nan nan nan nan nan nan nan nan nan
8.8520317283364846617 13.047162420372961478 18.013174348452206885 15.021747045872707815 17.639379847619419905 12.921220557762378434 7.0783047329674317893 4.1465477161950854423 2.676313044521424267 1.8535454614747095548 1.2664212752546328833 1.2929560382720544087 1.8512756320261352094 2.5888700942164195595 nan nan nan nan nan 8.9433183773153377416 9.92328612622856987 nan nan nan nan nan nan nan nan nan nan nan nan nan nan nan nan nan nan nan nan nan nan nan nan nan nan nan nan nan
nan nan nan nan nan nan nan nan nan nan nan nan nan nan nan nan nan nan nan nan nan nan nan nan nan nan nan nan nan nan nan nan nan nan nan nan nan nan nan nan nan nan nan nan nan nan nan nan nan nan
nan nan nan nan nan nan nan nan nan nan nan nan nan nan nan nan nan nan nan nan nan nan nan nan nan nan nan nan nan nan nan nan nan nan nan nan nan nan nan nan nan nan nan nan nan nan nan nan nan nan
nan nan nan nan nan nan nan nan nan nan nan nan nan nan nan nan nan nan nan nan nan nan nan nan nan nan nan nan nan nan nan nan nan nan nan nan nan nan nan nan nan nan nan nan nan nan nan nan nan nan
nan nan nan nan nan nan nan nan nan nan nan nan nan nan nan nan nan nan nan nan nan nan nan nan nan nan nan nan nan nan nan nan nan nan nan nan nan nan nan nan nan nan nan nan nan nan nan nan nan nan
nan nan nan nan nan nan nan nan nan nan nan nan nan nan nan nan nan nan nan nan nan nan nan nan nan nan nan nan nan nan nan nan nan nan nan nan nan nan nan nan nan nan nan nan nan nan nan nan nan nan
nan nan nan nan nan nan nan nan nan nan nan nan nan nan nan nan nan nan nan nan nan nan nan nan nan nan nan nan nan nan nan nan nan nan nan nan nan nan nan nan nan nan nan nan nan nan nan nan nan nan
nan nan nan nan nan nan nan nan nan nan nan nan nan nan nan nan nan nan nan nan nan nan nan nan nan nan nan nan nan nan nan nan nan nan nan nan nan nan nan nan nan nan nan nan nan nan nan nan nan nan
nan nan nan nan nan nan nan nan nan nan nan nan nan nan nan nan nan nan nan nan nan nan nan nan nan nan nan nan nan nan nan nan nan nan nan nan nan nan nan nan nan nan nan nan nan nan nan nan nan nan
nan nan nan nan nan nan nan nan nan nan nan nan nan nan nan nan nan nan nan nan nan nan nan nan nan nan nan nan nan nan nan nan nan nan nan nan nan nan nan nan nan nan nan nan nan nan nan nan nan nan
