src/SDSim/tmp/apis15
ncols        196
nrows        122
xllcorner    -12.166618000000
yllcorner    34.999860000000
cellsize     0.083333000000
[rows 88 to 109 of 122, columns 50 to 99 of 196]
5.1996426954939423126 5.2709484795970489301 4.813545461209653098 4.2351367014169909453 4.1098552851858611845 3.639707138147770582 4.0719554719018846711 4.3747004998593057579 4.5406113949010054043 4.351973470214963946 3.9097374314871373713 2.839530877788309482 1.8045762551518929051 1.3166192499393645221 1.7364509198812561053 3.3770610462904668836 4.8312823198068839403 5.8711025537691652332 7.3471892197502670641 9.3049235726023447057 9.9141097887138087685 8.98708087296075675 8.4263359812768214852 6.8088296658311966425 4.821787544447803775 3.047668822483662332 1.890980364975222594 1.7061021398281726036 1.5920634177163239809 1.8089023297359154707 2.0324817203619609529 2.0476043458454133983 1.784913319068101023 1.4712764671105194036 1.4071506331413417001 1.5881248298349650572 1.8951566458232931289 2.1832177964037597917 2.1760647131884538474 2.235108120745611604 2.2638424903807097266 2.309241366442307708 2.4652401465294913052 2.9012524301080708788 4.0800109851929118321 6.5302702884261192295 9.5044520081559777935 12.040185112688217117 12.061317455603671078 11.820903570167324403
7.4512137957659181353 7.9646217267606678192 7.7909316290004797523 6.1051528999984210344 5.2028240955337521356 5.1685642575539390009 5.3319718952731021133 6.6112351724211775306 8.1993083929670973475 8.5062117393011043021 8.0300552781256477886 6.133076194800071157 3.6519729460003658161 2.2339681160598616749 1.7336503118683013192 2.1889392294897676017 3.3110821943398764944 3.8529382511171195169 5.943175413402943974 6.5680988004592473217 7.682164959905435353 8.6164047989377596792 8.3526445414725642991 6.5558083907700099857 3.5508414596703516963 2.0555682811296489554 1.4405372614893381389 0.99240438227041960495 0.82605654130126859869 1.0232646604394100009 0.8943314501172356934 0.86914206180056252649 0.86153373893532070316 0.92585969871134388143 1.5367069470599303838 2.3456041722109168823 3.2545004655004206029 3.8129373677190492309 4.1051278547743210723 3.6112256826119737418 3.3384845764965400683 2.9368128127548254191 2.7898211727996011788 2.8798396154213530274 4.070794518571505094 6.378258845792648124 9.406386467021226494 10.918470904881663941 8.1392938115106083785 7.7824246592498651509
10.382353267764687033 11.975588280531638929 10.794335249977335067 8.9297761291301398501 7.8023285150472743155 8.0925459682547948859 10.375820257209907638 13.189964124800479084 15.534135736410616957 15.530753120413995916 15.454485062350908464 10.333772639943655136 6.1126234517294282256 3.4037741678066013584 1.9463965578788047228 1.9760113960700460556 2.5620783368585513529 3.6994375877554852572 4.8134536049167335747 5.6279523684502157366 6.6012199442268908456 6.5377949574921938591 6.5535745358481136691 4.5513798822393001231 3.0700485990190093943 1.6745046319741316854 0.76566756829641935411 0.48197395734755510421 0.38768226297576380279 0.36434964109233158869 0.3863837006437955135 0.40599129170795933419 0.52122705059034235564 0.90498827192091613192 1.5942841017700117856 2.9898987362201441265 4.5176669553790631539 5.7215727927446646817 5.7011467314249504312 6.4135789114843717584 4.8509496273319179238 4.7686360394429465615 3.7574079108703721808 3.664328713139650695 3.4823817156224161629 5.0422399032158704557 6.9946963874992773569 8.4336368535802890278 8.1866107304760031838 3.9651646612804576364
11.65856803200141556 14.296896547253632903 13.844318049871390031 12.826124308793398043 12.163943002164204543 14.075230648324232874 16.29707205190348418 21.118292581184586965 24.273658158953125508 24.127399035636710067 20.021422049212358019 14.970559872470435181 8.672223946984900067 4.1882616338260927336 2.3796783530969753961 2.5261310383927360057 3.1542219912072204657 4.5702615736824281356 5.8350442775973547782 5.7708053024752352655 5.2088131963134944868 5.126992764741881814 4.1294987120817614468 3.0734816727863911723 1.892603882415766714 1.127959865513424198 0.59703153543815923321 0.34095445678062918926 0.24935038150955562974 0.20376405911559786199 0.20172095631125341875 0.26873865631623500283 0.46765636214876959986 0.94952833145919157687 1.8851844919726774563 3.1128524408512907584 4.8814959330465290677 7.3019629475073735136 7.6256692544006146051 7.7590966606424291996 6.6826932100415614713 5.2756361733876637743 5.4974064343751951611 3.5714329576412127132 2.7997853248622357469 3.4923103830386086344 5.0236140928967758512 6.0012121811591203624 5.096344062831414945 2.5964938901070135913
10.502959817147891286 12.865211851205282656 15.618001010271056472 15.748725223139187435 15.676961387145238902 17.723256925505257442 23.843026120898358045 29.248507347998192074 31.048801324027632376 30.071959570946777518 24.312305696967271729 15.473681977766851503 10.351094029988304968 5.0134569651638747345 2.8706154599703719299 3.6551735086923544671 5.7526737314924591971 7.1930180518042901028 8.6433138461019964893 7.5582148692047486094 5.8845378048114387326 5.0312367803927902088 3.7341903260054021274 2.5348254255415598735 1.6903220029098251498 1.050262610663654339 0.73873736673617373949 0.50300921409666543571 0.36262778357186564726 0.25148059866541966345 0.2331623334893947741 0.30799672121538151925 0.5750345380701470388 1.0754756789554558161 2.0699129713826582844 3.5870489493587216501 5.4060773645811801558 6.8136479405898588979 7.7722107305323122617 7.7860040050145586932 8.2951763787389385385 8.0507505612285417129 6.7525168747194657115 2.1765159531476361288 1.8532091129394410167 2.3052477134642059831 2.9418317005650660434 3.4428668977384506711 2.2492182220619754141 1.9978445153619679431
6.648364650178717028 10.720361438288323441 14.261917517489578699 16.776405413659379207 17.661275139256396471 21.699056955489275822 24.172045437666149326 32.882130562926064954 35.773847696551513309 28.850031932321712702 26.361151613213365863 18.505766303454059596 8.8457494181491842511 4.8674385814715890319 3.2656431558828074024 3.9608866182135247236 6.639077351228042545 8.7412193118734986541 11.929766404766031229 9.7069993420854583377 8.5192063337935177714 6.7322521686660659057 5.2529851976819106341 3.2811734534281851161 2.0686609438343319667 1.5538153554964138081 1.2276834387347643762 0.90176444431822910808 0.63562509069193429134 0.49435572169344049742 0.47001911708463595119 0.52850467627084851685 0.73598510057422117381 1.1742266173147650754 1.9014319089207052382 3.1265916302540111005 5.1745078904519914431 6.505407781608335327 7.4115572423948918868 8.4767709028057858234 9.2115383802005386116 8.4024709698720911888 5.6357284642867879754 3.9729640210693348834 1.8579765398116658837 1.5997027107909966848 1.4635328259345237178 1.4935388341764259668 1.3759869325304321386 1.4208200429497848116
4.3331813341612956947 7.554031976715728014 11.052187422618359847 15.546400002851111566 16.650245410471057994 19.69049234704767315 21.70985132207233903 26.256329866590910171 33.273599524081184597 26.064275420063200528 21.187670365607282008 14.507927361966455493 7.7433942736760181802 3.8435523515397260752 2.8081340005844586116 4.4632829996364655756 7.237966682151991904 11.133291759731671178 11.624460617689885922 11.882015457913794876 9.2534001709961142268 8.847105904071916882 5.8637051639047808038 3.9513155453410759854 2.8829286282731008129 2.3489057318212989145 1.9652908272364664199 1.5794585998574657282 1.2010563267239635632 1.0113302743452128318 0.89475829344775958951 0.84518173854743683382 1.019046526230313221 1.3386478461530759709 1.7574734400667071377 2.7929956745468147439 3.7397608965231441402 4.9024990491646791568 6.468710260616736818 7.8941173067542242947 8.55426846231231508 8.0620728709476452423 6.8206093561851064422 4.7614723077687992614 3.4999134227699379984 2.740002952606026998 1.353036062085530622 1.5532881881988185313 1.4222155081024867584 1.522542329669375194
2.7720145893001300053 5.4215584423051490504 7.6344416601897799879 11.932129756230525075 15.922830837101074053 15.848243271715341862 14.032627189359322628 14.435993265582435896 15.53399015707438835 14.797513411414090712 11.913195058546310889 8.0618573953115717501 4.9268051763605837934 2.6570648008129720274 2.4476395047625807422 4.1231442138631173577 7.1003342152730297698 10.157337920179090318 12.800927858344195442 11.735198073815494624 11.544381694418204276 8.2811515826679897856 5.7344483674881523427 4.3524063684164433496 3.9549810423366293932 3.6485814344502087714 3.2471595452055619369 2.5692971400641151369 1.9529685104842029464 1.5475779784170982101 1.335021164452547815 1.5264539968448034291 1.5021499081480289561 1.6314563985569159321 1.9073406202649956231 2.0787607513282799765 3.0174937776821857405 3.7153614397829777261 6.4059335787865867573 8.9419284593244832138 10.51546529780855721 10.309681238632913747 7.2909512638805953344 5.9521999518833670351 5.440999356310566526 4.0905905588506081827 2.6542932302602570971 2.3753962141660833751 2.4409032704710416084 3.2198832086972926092
2.0310431580227645831 4.2374823660397495928 6.9194609286426320693 9.3436816448776163213 9.2816718904397959022 7.7179091901307446122 nan nan nan nan nan nan nan 1.3425877861894721654 1.6546499797166858148 2.7470526073381216214 4.8282168606090314356 7.0064766901453019443 10.258738874020268739 11.942517079494699317 10.727941733404140479 9.6270118964219904001 6.9232479209141652987 5.7142116283363337814 5.1933431588959129144 4.7933698161083491129 4.2235206593140031117 2.9776623955133594279 2.3178393034477968726 1.9787789912649327295 2.333748065067369204 1.9874520327449913815 1.7719931816083409615 1.9039531297366387719 1.8722622703797859867 1.7987786185788714466 2.524631618463704541 4.2776337387387162181 6.9980563992419275721 10.601214770908876872 13.46171923892049449 13.954799398987898229 8.4160043104288302374 6.061727397698618347 7.0102878354844273545 5.9817312448197563768 4.5958176871767424387 2.8934261634762314941 2.7875618874221714805 3.4900969277837594618
1.1151122435482772044 2.0760797809211259946 3.866704085957277659 4.1902850272641902762 nan nan nan nan nan nan nan nan nan nan nan 1.4046782609336987413 2.5289050222682423197 4.5049764327949484155 6.2097933089143655394 7.9577501750783472545 9.1577809146044177879 7.8704926252369231676 7.6130260732990713279 8.0562129347543987024 8.0258160633246031779 7.0295694586493713274 5.134704976944390431 3.9606937357422231649 3.3243659231278916977 3.4632596728930660213 3.326903021211915501 2.7535241707612034823 2.148094385235209014 1.9495758768825279805 1.4405730450196214676 1.3923793904020485002 2.1439105278631043205 4.2913152151029709813 7.8407871578013290659 11.498166850553230844 15.288127941207429572 16.523238265764202737 15.65703597726911056 11.507442654437225471 9.6214169396041526738 5.7121970302260312025 3.680998141912904309 3.4108565739313565501 1.8753343186953332911 2.0488237775736330981
nan nan nan nan nan nan nan nan nan nan nan nan nan nan nan nan nan nan 3.7638152413073715508 5.995434367442304513 6.3715463554668119173 nan 7.7541870002575201681 11.013058317954699916 10.850532402195181447 9.3074822475268739197 7.4234557670536247542 5.4725907160400115714 4.5788039483641691518 4.2103473147256256226 4.0986395586505555144 2.9616509195816824729 2.0402153217914569261 1.440919688020406042 0.81209203208885116787 0.92632636777147114859 1.6103687272048534673 3.2995818074518572516 5.6684055718825128167 9.9876001757191481545 12.624888716127166788 15.779925866943553814 14.958513257906163929 16.587506550943434291 19.136012709775361174 16.537065750478710413 11.542323654257289789 2.6124063110016049194 1.6107543624796563098 1.4623283032434195583
nan nan nan nan nan nan nan nan nan nan nan nan nan nan nan nan nan nan nan 3.9522045216280741187 4.8218162120346894639 5.6894048804363217542 7.0977506746621443767 9.3392754386443215253 11.318604210972432966 9.7245053540668635605 7.1181047377483483984 5.2262952498249140021 4.3352855856841134852 4.1183752039499985642 3.7130295319193900028 2.5236624417798605435 1.5449828297924157461 0.69680649155468787903 0.48383319217923514977 0.4315071157104077848 0.9753026981398087436 1.9969526292606005757 4.1882711261749419052 6.0694458085610971665 9.1743745609996079082 10.194305163298293948 12.604838740804803265 12.569953022548121524 22.572015381086931285 18.886457781762281627 12.616981359755028436 7.7756038565817346964 1.9921579623139951121 1.0167241661412962372
nan nan nan nan nan nan nan nan nan nan nan nan nan nan nan nan nan nan nan 2.7543851856475556339 4.9049787463506069329 6.1318080925028697337 6.915649914011694932 7.2266709662111932033 8.7410423186727133071 6.4253540096730485942 4.6347214203025943746 3.8223325912603383081 3.2047778152710360011 2.9867354220184263447 2.3888350280093875178 0.62978698204293970253 0.64428855007229157703 0.43792104141685017638 0.27390070487355550055 0.1722943852480410265 0.44424795867257932391 1.2003436524848178912 1.7485604514032626611 3.1507394228100964462 3.663257685439459177 4.4576806894975380402 5.8483584276493072451 10.17227259152826413 12.634123489747075553 11.127540712042025106 6.6268032046907299204 4.0294860025444547702 2.2666754557119324076 0.9504513508682796985
nan nan nan nan nan nan nan nan nan nan nan nan nan nan nan nan nan nan nan 1.6057010624985670333 3.4218105582678379761 4.4437899500371917938 5.4386189727175544562 5.3484390465939126713 4.9661552525684671267 4.4696908373034203166 3.2379796598201471269 2.6583231331862569036 2.9091179860347620156 2.6510176288536775324 1.7069476106246921354 0.5052449168850379202 0.30287982433021121143 0.21304817746229376407 0.06887575279245741755 0.060447573106284992195 0.24534190840838490666 0.4203274965866484747 0.74599704795469989893 1.1114551188924446379 1.5450428441038885907 1.5339853660016629089 nan nan nan nan nan nan nan nan
nan nan nan nan nan nan nan nan nan nan nan nan nan nan nan nan nan nan nan nan nan 2.9357038769051873039 4.0930426116609277543 3.9443347938072030878 3.3642582636883902047 2.7597895488025678823 2.8131396728177455735 2.3269039497674888217 2.3956080150563021647 2.3942155454685893901 1.5245813599669306715 0.86987047659129768107 0.39123060734553061213 0.18504213846469447224 0.071951035400502794115 0.051057570184370418276 0.10176314155697335773 0.19000733642243994304 0.33298735889914715669 0.45084529454709892926 0.64298124623872565664 0.32550610237124294466 nan nan nan nan nan nan nan nan
nan nan nan nan nan nan nan nan nan nan nan nan nan nan nan nan nan nan nan nan 0.88928147863795670158 1.8297148974787367237 2.4068879725609777509 2.6426815370835683439 2.2839485022017642635 2.0549565496858797076 2.0029939794390281271 2.1753991870513869067 2.1202657307596814995 1.8510741738092781894 1.2803702729607493449 0.78248218149094439511 0.40115540374111258171 0.16659381945142576198 0.068925907616921494592 0.0311235062300112518 0.031156820077444941086 0.055550773100833283902 0.096317343099234689618 0.12017669851697571071 nan nan nan nan nan nan nan nan nan nan
nan nan nan nan nan nan nan nan nan nan nan nan nan nan nan nan nan nan nan nan nan 1.1572151361858356022 1.3020991875874430299 1.3326506582489046071 1.4909130683835529751 1.4888239816056068054 1.7594636036182660366 1.801735182363818577 1.6502330163568912358 1.6571646566474147466 1.0761311983761192579 0.51059534438454245997 0.28423010609002408167 0.12177167383483809837 0.040429128903784951332 nan nan nan nan nan nan nan nan nan nan nan nan nan nan nan
nan nan nan nan nan nan nan nan nan nan nan nan nan nan nan nan nan nan nan nan nan nan 0.67236939700617148752 0.9901864519562290079 1.1540459689357587258 1.2798180840038719808 1.2023413763900985263 1.4761298147225094812 1.4374494914552917724 1.4668963594107231607 1.0443074102165250672 0.5226188793296587809 0.20136862670110966533 0.077458171763780794827 nan nan nan nan nan nan nan nan nan nan nan nan nan nan nan nan
nan nan nan nan nan nan nan nan nan nan nan nan nan nan nan nan nan nan nan nan nan nan nan 0.53973777856001803332 0.78042987745396819044 0.95085956084186395998 1.2885167200006713006 1.4343142087996068046 1.3476070070383570076 1.1777295359325601343 0.83453637362704813363 0.42489669853771389052 0.15386449623596626379 nan nan nan nan nan nan nan nan nan nan nan nan nan nan nan nan nan
nan nan nan nan nan nan nan nan nan nan nan nan nan nan nan nan nan nan nan nan nan nan nan nan 0.47864576711997813829 0.6851777793824250784 0.859070707821598889 1.1700311846540338845 1.2365436908995002252 0.70576218102157328715 0.4812057688641455111 0.23142447643283234338 nan nan nan nan nan nan nan nan nan nan nan nan nan nan nan nan nan nan
nan nan nan nan nan nan nan nan nan nan nan nan nan nan nan nan nan nan nan nan nan nan nan nan nan nan 0.45617428007284743785 0.63624906574663764314 0.56678368826480296505 0.5372804747832297112 0.24441492562801514499 nan nan nan nan nan nan nan nan nan nan nan nan nan nan nan nan nan nan nan
nan nan nan nan nan nan nan nan nan nan nan nan nan nan nan nan nan nan nan nan nan nan nan nan nan nan nan nan nan 0.18055335069400257897 nan nan nan nan nan nan nan nan nan nan nan nan nan nan nan nan nan nan nan nan
