src/SDSim/tmp/apis22
ncols        196
nrows        122
xllcorner    -12.166618000000
yllcorner    34.999860000000
cellsize     0.083333000000
[rows 88 to 109 of 122, columns 50 to 99 of 196]
31.986649263348041927 27.377692514536999369 20.118955739544649219 13.548492860437418628 9.7312920028070895029 6.465930105678284967 7.4238489955733619752 11.512188117604782889 19.566427159375848532 31.238405610873350327 46.681487825980624962 57.597656753745944513 63.724399454438994894 65.153832815177338489 61.981102331935964855 55.192306803193162068 39.070659867851539104 26.978895258413835734 21.881324301473540572 20.609596879840008654 16.633239073183933243 11.838007601357974252 9.5978388889965717823 8.117587278017909469 7.2882069553242825322 6.4148768943722531688 4.8024764369762191762 4.1636718245910371294 3.0972390799063971301 2.8041811647913048589 3.0297669445917581044 3.5092374058205235698 3.930870057868459444 4.1064701623798187669 4.2112711681605450309 4.3461387814384240258 4.4189528949507073108 4.6087159435200621971 4.7644805687539530936 5.6785064364233823753 6.8872119244763103652 7.8427335991408542171 8.4241361715509572861 8.482557681907760383 8.6178269876306767827 9.5701926490312310136 10.756411292135940272 12.211817864695948543 12.179705391305926554 12.333557882438654474
26.018495436058437065 22.020922869725772841 17.794541991593501251 11.977267169370751532 8.8061744535265678024 7.6950425067546905922 8.0088158445858308454 12.304653891539137689 21.075865179737760968 32.343639689823355354 47.61418465656959853 60.07790775146053619 66.327835204730604346 71.860416430245521724 60.107355236905746665 45.843002179491705306 37.210072425736242963 24.653822712181550969 25.320753014319041796 19.870468698878941183 16.582580354226365671 13.494870690299087812 10.557218426008144974 8.2026468642447358803 5.58275931081505572 4.7987312207380892204 5.1231526197784855725 4.1981726739529081627 3.1281030421327757907 3.3583990795379730088 2.8060794975820892994 3.0898329670041904116 3.6227397255686004662 3.9025546296425472903 5.1003545147740636523 5.356658928509176576 5.3930582261314610193 5.2826121161676580229 5.6621630536119456067 5.855961506635201097 6.838192094438837465 7.6301562253443231398 8.3470506870475205119 8.5920077108058681148 9.5210539818723347594 10.242877702945019536 11.005086064507455745 10.64953278455325858 7.4916780130904587764 7.1843438948414117817
21.381291350583783384 18.094967815552301715 13.147445052300255952 9.4058775660332543112 7.2484245712132899797 7.0979057893701140713 9.7222470966223326627 14.924132897961968069 23.060147095716246213 33.113658060736099742 50.913473207277199606 56.425642209344438527 61.717305191718530466 65.852076122923136836 53.953270113246418305 42.58988800428078747 31.468656022425093965 27.674748318222864185 25.443645459192431701 21.772613885748292262 17.947831266115606752 12.558909837173009905 9.8190231806710404072 6.4084145319974945565 5.2216891872751496351 4.4460972740424313798 3.3772568423381712499 3.2253124948124760607 3.0139145835081979641 2.8813916482273684849 3.1920012917330127244 3.6421793474778629829 4.234973828122899242 5.0070329255915568822 5.1600043372306654277 5.8269885153345217788 5.8274338757646821918 5.8659609952182085735 5.5625221618934572732 6.95035222038580347 6.4297814077572574831 7.9420070761106273949 7.7728326031756767023 8.9944406278657957898 8.5752117572013659696 9.7058045151824217101 9.7690571357124209584 9.0883626677398652305 7.4044567182601443989 3.3598877313646178244
16.29142660949308663 13.553559731220039097 9.9667899300736930712 7.5094849374634078387 6.3186620417821686146 7.3610347535615883174 9.7072737959620667425 15.272617766330796485 22.557381647664531243 31.664039019030283839 39.864894326462369634 50.337721374963479093 54.040428605020125019 48.668833094143884921 42.711910344615603208 36.751134439422052935 27.389108908329774295 26.183557428294214731 26.211318154877336184 21.045845625556694358 14.73549334158051316 10.938855744496057909 6.9430974720489677665 4.6893119818864530401 3.3399657007668772657 2.9327184975934326161 2.7124316251055615723 2.7190517223382633105 3.0333789907680661635 3.1955371207312261994 3.6077919899429402584 4.4160682036989218346 5.1785190843109187853 5.7810315648449872583 6.0407309780085567397 5.6190254030150752484 5.657504566340104013 6.3755162979513375632 6.0700975607629352737 6.3942992865279606463 6.3000612509636111369 6.0339881182566399431 7.9292020551883686252 7.1288811335335058317 7.6652832934976613544 9.1057908027552620922 9.8748737222781439726 8.3924846351589561522 5.4368659435773940558 2.2367538611779642643
11.806467914123020435 9.117082229069119137 7.5898218573241473806 5.80398502652865389 5.0297594223358181864 6.0604956204077904403 9.7090318541899254257 14.557958057650722594 19.566471987226336182 25.812140648800383502 31.628443337902847787 33.367327997086853486 41.630597830552915184 39.396939211025362226 33.94209386304189735 34.107097993254704704 32.636052476200262618 27.580160523277328366 26.85105049779208386 20.237743287108141743 13.233775632605839334 9.1132810448443208884 5.5462117936534074403 3.3727702723150030373 2.4687044267077493664 2.1402781405664632608 2.4105536876294326731 2.7079502888819959594 3.1567062045223939215 3.2895147474998882586 3.9317978490479066345 4.8910795313051043109 6.3059273638468722467 6.6232313391860753171 6.8834180167515155446 6.7195286540677816589 6.3799281671020775519 5.949865118385688767 5.7445046286351706399 5.5992765221436329171 6.4794698730339792547 7.6250699534659576173 8.6078349378738288067 4.3095320330220596716 6.0991945637485809328 8.9899948648025151954 9.1232765487446929598 7.4527082803327173721 3.4190584082734831739 2.1016450433185442925
7.3093483911713610368 6.7451036675381539354 5.5562420982652316326 4.5076839399799162322 3.9879095977564822384 5.339168549523652274 7.4350249103000134454 12.360505628517580945 16.529485377750273045 17.912450375509461509 24.073149551495248488 27.93266604847968182 25.358053783253239999 28.73143304907600637 29.361540035513211677 26.986184225770852407 27.866091093678146962 25.305966749075867739 27.277921417848766339 19.246063301689925851 14.317884603582610836 9.3610222003770839905 6.1047022402050581391 3.4341023418603917605 2.262340293683793746 2.1307326445879093413 2.3636046221246691523 2.5801504492598006379 2.8143415024011257941 3.4499256219798035694 4.6401672505201974062 5.7436758134160559308 6.4987454732624296838 6.9014471069746408105 6.6741114052566814507 6.5736356249337752899 7.0495672415675985079 6.2200608153470335893 5.5834393181527675054 5.8864282500754754324 7.0098596571724085535 8.203020219535368085 8.0370075777561744701 9.5121055942023549079 8.0629539741953237808 9.3059087340918384967 7.7964019944707239063 5.8386086217743748961 3.5845445984416675067 2.1304574707190231386
5.5495795531138689682 5.0849326187599181992 4.191786175975749984 3.6682014029449816483 3.1410188983828080111 3.9071267494127805975 5.4111210992703391298 8.1592941266966114711 12.401397939896739331 12.754735022981970261 15.262853570455128249 17.03327754122878801 17.699120947213263122 19.40961954525675992 21.839827825392614358 26.495409350643292612 26.461559094939811843 27.658048055775726226 22.616622014985487965 19.502430635932821446 13.004049535650757718 10.588784648982082714 6.1540673235558998044 3.8421018368645345475 2.8184071690296117474 2.5069143839761585113 2.4754722607081056651 2.6159882905896663097 2.9683213908468073505 3.9706898606170604182 5.1024975545851392056 5.7536370519215243036 6.6994739903763731448 7.1435197832287284925 6.6655967621172811377 6.9613052344028671925 6.0573251490641091266 5.1953316379982972251 4.866962473874113293 5.2821744548041760225 6.4576759854175183051 8.161275999470596787 10.817052773364489227 12.8804206273145887 15.620827693788641 17.382347911916980365 8.9807877748378430738 9.2286459552152422248 5.5065433150187717004 2.8830929487189602689
4.5458803126534013117 4.4681520836801915664 3.3290771650710886398 3.0673614303803513614 2.9735456053286100087 2.8340529168803878513 3.0485945460478820479 4.0775278503041123557 5.3105737324615720496 6.4597573916235697666 7.515960659798444965 8.5064983214405494039 11.512227577618174834 14.150453764166673665 18.787693358930788179 24.35960310924668093 26.128629895605978817 25.102217081874886873 24.043844091347160941 18.287483668647048773 15.521180176956697494 10.065999706241298028 6.6037079177159920818 4.8881705150895413681 4.3472066901622472557 3.8833259649119087342 3.5125131973045951028 3.2241075434190289428 3.3604615490582436799 3.8898133271691976987 4.6632826286601254395 6.7521105186516647834 7.5027345018034985458 7.8917056400937122262 7.7125360401939424548 6.1013674918930931312 5.6122270931374460545 3.8864768162351186476 4.1530672088363758121 4.9465108020482260187 6.6518018574024413425 8.9057963071362760132 9.6969005792952600586 13.448081346783613554 18.733337693076549613 17.715987162291970236 13.794890772428427539 12.964247296560937883 9.9468406310957337979 6.4375485108702452663
4.1803265125743420683 4.3055163578084787446 3.6874282456178857359 2.9782948637602539854 1.9802479332248323907 1.3553820581168425363 nan nan nan nan nan nan nan 7.8114184598408087368 12.847999856492915427 16.388745559696911158 19.321373913307560599 18.843115989113961461 20.681083123590369155 19.660778178123596405 15.617477488495781657 13.354357468012947763 9.6931591145022633071 8.1100005207628562687 7.0632879747539085713 5.9718605238900037691 4.9297707040422382718 3.6542842513106994495 3.3730432066738025298 3.6224447743540775235 5.4523406348410627942 6.016862527534052596 6.8984260694593366736 8.4411037163612512302 7.9864159507452745501 5.8526513282569565533 4.7149062498390152953 3.7916689895493354001 3.3894964529212301407 4.2413285996250911225 6.1722489032041485402 8.2785869685245945249 7.0148181558779683087 7.591084386853273358 12.823498402047704303 14.740020144267216295 15.17758552262441718 11.220388232308724952 9.3507086098061513724 6.6764741382245551549
2.512996883971951867 2.2663686341063589147 2.2834046733312609589 1.585929835149224143 nan nan nan nan nan nan nan nan nan nan nan 8.5821656056659350043 10.843876461798739541 12.953018712040343274 13.805715175267874173 15.208846954691836117 15.447408517041692377 12.790286156843615473 12.497656387930081934 13.455761134545200619 12.689931300409726944 10.241538529319321071 7.1447142344819658533 5.6017323676362273943 5.0201472674778111482 5.661309870623207452 6.1108047901636979304 6.2836896278753044953 6.7227584732743910223 7.9075185796426827878 6.2442598602367409555 4.6934195385984383009 3.6660647963391963522 3.0903530290269616287 2.8388476174556478426 3.3458278310572930891 4.9818896989040055701 6.6785564046535261795 7.7535826044505018473 6.948819854565020826 7.0365599577658493047 5.3296463634394841691 4.7568571221131596971 6.4603727058563062968 4.5536564972779487448 3.7927135500828028647
nan nan nan nan nan nan nan nan nan nan nan nan nan nan nan nan nan nan 9.3550533410124625533 13.488046879003833922 13.371237905047664185 nan 14.248981566216203376 19.390165985413354122 17.99225666460976214 14.842553959791960239 11.974284448213099452 9.31555052797854799 8.0404005979334485232 7.2536446336849698113 7.0807555995421864736 5.8140647915007175328 5.3210526739728187806 5.1585986266669170419 3.4169053714012234124 3.0430602586986403857 2.4368322056029190215 1.9411196244087463025 1.6595226694478597551 2.2688788706692184505 3.1680771348255452047 4.7103016151594285787 5.0784683223390407747 5.6799187845439877975 6.4082479306341948444 6.0661330580763506148 5.7060539089847930327 2.0465534299321723744 2.3025487852182435766 2.9568379967438636058
nan nan nan nan nan nan nan nan nan nan nan nan nan nan nan nan nan nan nan 10.209151660038132903 11.78194370421170234 12.000376050854251631 13.164216047893026129 16.040702469473419711 18.549563349057599737 16.123769953310610248 12.826983362905480135 10.524214188925512303 9.1411170378648982648 8.1690619501720274087 6.8278482773184574484 4.7770294330380158598 3.5713683410077505798 2.1606584793883545359 1.8946165938302668152 1.2847664353016161609 1.2670064916748406958 1.0216690347375032566 1.0403506385251417576 1.1828884305324398607 1.8948326200938585551 2.3738833748020455872 2.995360073224945463 2.8404342550181773674 4.8221398384744516008 4.4983941007782988208 3.8378052204092520938 3.8811831744358951113 2.2908601237428860564 3.1463309950327529307
nan nan nan nan nan nan nan nan nan nan nan nan nan nan nan nan nan nan nan 7.3029913497893383934 11.729449231464375458 12.256167627526366459 12.001669862884908113 11.593051101091296218 13.880976963470297747 10.865102492530031242 9.0104516736490261053 8.7994404075991266012 7.889069936074687206 6.9541780154900676436 5.063309613255436048 1.2778970279145904776 1.4135341673476442548 1.2227743883011681358 0.97520138916153442654 0.44833316066023903845 0.47915870065913923614 0.54654460916557878747 0.41032192259145944258 0.56468495889349135108 0.67123151760823740464 0.86878662226350200637 1.1081117386603247521 1.7742947855890771613 2.1539744297475049706 2.0996658016557367965 1.7119114356126665655 1.8027409898115172027 2.4886289787274318286 3.6718636341593517969
nan nan nan nan nan nan nan nan nan nan nan nan nan nan nan nan nan nan nan 4.1279172395210572688 7.3946904984666383953 7.7405071691236955189 8.2554293096487914028 7.8126405195081964905 7.5437427048749103875 7.569319756013407563 6.4708568867869065144 6.2158104095738924144 7.3490715942580671083 6.5239243011550644979 3.9627527335442169765 1.108643868092101803 0.69419294212490068041 0.56700749240580039512 0.21270437311510270728 0.13935099089591362898 0.23231720899800761826 0.18737775787195595778 0.17594003277457467838 0.19412600402880428319 0.25933646353251038619 0.26347898244279988056 nan nan nan nan nan nan nan nan
nan nan nan nan nan nan nan nan nan nan nan nan nan nan nan nan nan nan nan nan nan 4.0729897314840322053 5.2662699491044167033 5.1298483759054027686 4.7615159543214922166 4.444711987435369771 5.1399242523455521692 4.6298868424342876082 4.9486062710520846153 5.0085377630748810773 3.16824304905123455 1.8191345882523866084 0.85922593845341377339 0.46495856682077424393 0.20706232142911731864 0.11075556186417817583 0.10524272256829417249 0.091397226294893163523 0.083749692274233816791 0.081198567921805062109 0.10408899322690007283 0.052054987515308397128 nan nan nan nan nan nan nan nan
nan nan nan nan nan nan nan nan nan nan nan nan nan nan nan nan nan nan nan nan 0.91822915897277557207 1.905954740182013829 2.6107644022419354002 3.0398499661932532057 2.8795634426146463625 2.8433550390124717744 2.8957235091466997368 3.1799685676297202441 3.1261412199393596723 2.8125461949559698027 2.0497322941805653507 1.3580355552582530354 0.79054602577441146494 0.38469800501956963323 0.18900816126256694827 0.078961217125987845367 0.037522265755718368918 0.028907601184729968952 0.026347591688384436326 0.022845407154918149356 nan nan nan nan nan nan nan nan nan nan
nan nan nan nan nan nan nan nan nan nan nan nan nan nan nan nan nan nan nan nan nan 1.0493801309884625006 1.2120794761084854319 1.3072905528217657611 1.5413163379511600759 1.5767949976384478816 1.8378298888725224103 1.862305477771089457 1.7214883925922808139 1.7906928593562829732 1.2617842171272408702 0.68530437819312306491 0.45869234925614377207 0.24158619951782830948 0.097007297982213330778 nan nan nan nan nan nan nan nan nan nan nan nan nan nan nan
nan nan nan nan nan nan nan nan nan nan nan nan nan nan nan nan nan nan nan nan nan nan 0.54858623682692964074 0.79679705599764882873 0.90676042928387734499 0.97894467159966025438 0.90646167771746155584 1.1160836481823908084 1.1438066448557762111 1.261451425162704254 0.99857566947007991853 0.57811073692950620817 0.267223014349014798 0.12610761953522739431 nan nan nan nan nan nan nan nan nan nan nan nan nan nan nan nan
nan nan nan nan nan nan nan nan nan nan nan nan nan nan nan nan nan nan nan nan nan nan nan 0.35919610156241660315 0.48081093848375133781 0.55297561043515119916 0.74935397204293752171 0.88718212077595415277 0.92680476474912409923 0.92596978818503072883 0.75833229050491768319 0.4420255647862446069 0.18420369982216669436 nan nan nan nan nan nan nan nan nan nan nan nan nan nan nan nan nan
nan nan nan nan nan nan nan nan nan nan nan nan nan nan nan nan nan nan nan nan nan nan nan nan 0.25362295906058079931 0.34710028038561835384 0.45038979283387209351 0.66807603204978427414 0.81593522437054255558 0.55020320539831069073 0.43822338384753106721 0.23828109291371973866 nan nan nan nan nan nan nan nan nan nan nan nan nan nan nan nan nan nan
nan nan nan nan nan nan nan nan nan nan nan nan nan nan nan nan nan nan nan nan nan nan nan nan nan nan 0.23177347115081894935 0.35751574926894524875 0.38150212328901855763 0.43103807190938281391 0.22335650689391661761 nan nan nan nan nan nan nan nan nan nan nan nan nan nan nan nan nan nan nan
nan nan nan nan nan nan nan nan nan nan nan nan nan nan nan nan nan nan nan nan nan nan nan nan nan nan nan nan nan 0.14847518693168967885 nan nan nan nan nan nan nan nan nan nan nan nan nan nan nan nan nan nan nan nan
