src/SDSim/tmp/apis12
ncols        196
nrows        122
xllcorner    -12.166618000000
yllcorner    34.999860000000
cellsize     0.083333000000
[rows 22 to 43 of 122, columns 0 to 49 of 196]
nan nan nan nan nan nan nan nan nan nan nan nan nan nan nan nan nan nan nan nan nan nan nan nan nan nan nan nan nan nan nan nan nan nan nan nan nan nan nan 0.62497464931978596869 nan nan 0.19334495187184402853 0.15180693299388872686 0.08787798204301036642 0.091060723302203980256 0.24237466848163630173 0.46614037206184127937 0.56531076030386462339 0.47139141601143863536
nan nan nan nan nan nan nan nan nan nan nan nan nan nan nan nan nan nan nan nan nan nan nan nan nan nan nan nan nan nan nan nan nan nan nan nan nan nan 0.96395624129820234316 1.1705568525967711135 1.0220496285819036242 0.63310871358949116772 0.43094028418331642438 0.2845110611004051937 0.1681277100102197275 0.15132098057011689196 0.20700093437607577918 0.33195095773122446081 0.40058705394978599834 0.38191273643122292114
nan nan nan nan nan nan nan nan nan nan nan nan nan nan nan nan nan nan nan nan nan nan nan nan nan nan nan nan nan nan nan nan nan nan nan nan 0.40726347847584914996 0.80226995504283171723 1.148288195486281138 1.3665774376157093783 1.1724450443998526428 0.92056426899859067348 0.67272152741261848075 0.36265471687144179569 0.24177380182096736005 0.18126135271852278352 0.20752703615945031212 0.26632412304162467187 0.33317584012757339718 0.40665746423285037414
nan nan nan nan nan nan nan nan nan nan nan nan nan nan nan nan nan nan nan nan nan nan nan nan nan nan nan nan nan nan nan nan nan nan nan 0.18077093472077507275 0.53883061377685503857 0.8748622095219643624 1.0917725804466353878 1.1144785034684261404 1.1072583879808541862 0.82764870850100225042 0.68929317351467134234 0.5656442584437719745 0.38800557444667732598 0.27435471261744204252 0.27524053385196517452 0.36306838720640871587 0.44694918847708875465 0.52370731996457875468
nan nan nan nan nan nan nan nan nan nan nan nan nan nan nan nan nan nan nan nan nan nan nan nan nan nan nan nan nan nan nan nan nan nan nan nan nan 0.82872604566308882834 0.99973297406977201796 0.97142729838835106815 0.85432048956862061129 0.85919686608583933918 0.78267700745620183422 0.74854413715869683177 0.62722089664016311694 0.5288431236903483601 0.51852527796677316818 0.61029359834222540737 0.79461339829895683007 0.71365500409212689892
nan nan nan nan nan nan nan nan nan nan nan nan nan nan nan nan nan nan nan nan nan nan nan nan nan nan nan nan nan nan nan nan nan nan nan nan nan 0.62733285190583321089 0.99692298750274943586 0.89989894233451694916 0.8632633617426913597 0.78143011375934079421 0.78856051148829831021 0.80551925950274450017 0.80149338791533675241 0.84418856226440919244 0.71818782857661978003 0.74200815305436662594 0.85363879744258275295 0.92500790479863059801
nan nan nan nan nan nan nan nan nan nan nan nan nan nan nan nan nan nan nan nan nan nan nan nan nan nan nan nan nan nan nan nan nan nan nan nan nan 0.51032719607871479539 0.86864533100936225374 0.8910678440228158026 0.77448507921169795765 0.55022501451218475133 0.69530883342809490788 0.78804419279616477745 0.84119041709349118285 0.87115432703741257914 0.79997925880139431065 0.67477550246103679132 0.60463235960762540255 0.5517479012520856152
nan nan nan nan nan nan nan nan nan nan nan nan nan nan nan nan nan nan nan nan nan nan nan nan nan nan nan nan nan nan nan nan nan nan nan nan nan nan 0.50850367102926907759 0.58747355681956470175 0.47170026758529087774 0.44297809352951356132 0.48820467340097584152 0.7179001431919692644 0.77406919677235164201 0.56764548386784630107 0.70865566024973258852 0.59107094405905669099 0.39551713373333458046 0.29176847476044037721
nan nan nan nan nan nan nan nan nan nan nan nan nan nan nan nan nan nan nan nan nan nan nan nan nan nan nan nan nan nan nan nan nan nan nan nan nan nan nan nan 0.29616306124961916391 0.3463631921896876964 0.50115208299479629961 0.63044541837429146636 0.58361284781324263005 0.51666120997144238114 0.25269762287089131414 0.3851400184619939715 0.32114791502262030054 0.22594141428993499976
nan nan nan nan nan nan nan nan nan nan nan nan nan nan nan nan nan nan nan nan nan nan nan nan nan nan nan nan nan nan nan nan nan nan nan nan nan nan nan nan 0.21962597366424915779 0.38057215224850671209 0.57313220495487215977 0.87090839152301502413 0.79866533699332253882 0.42725514280311976956 0.27685153455114541732 0.31740830163321992474 0.31132004444753008654 0.25987217763990766439
nan nan nan nan nan nan nan nan nan nan nan nan nan nan nan nan nan nan nan nan nan nan nan nan nan nan nan nan nan nan nan nan nan nan nan nan nan nan nan 0.063953811172363358994 0.26033270811961639613 0.4914977172043449305 0.94449323093763981607 1.2129225962996297294 1.2542857517659511402 0.59291481117344035923 0.35632344450316433271 0.40314586719464484688 0.38668928646473532673 0.52083033040794834978
nan nan nan nan nan nan nan nan nan nan nan nan nan nan nan nan nan nan nan nan nan nan nan nan nan nan nan nan nan nan nan nan nan nan nan nan nan nan nan nan nan 0.72146568238834907216 1.2815354827995373288 1.7530967013385618802 1.8543404098726197216 0.76317722880816729614 0.53930919721063053096 0.49164262035815436969 0.92142641527434787641 0.64199722950647541975
nan nan nan nan nan nan nan nan nan nan nan nan nan nan nan nan nan nan nan nan nan nan nan nan nan nan nan nan nan nan nan nan nan nan nan nan nan nan nan 0.19122613677829963796 0.45025429091394386649 nan 1.811814312560668272 2.8380122579005453431 2.1267393572760342479 1.5839889151510502252 0.66808739833937458297 1.0894621560029482676 1.2086278427718128992 0.72377881925848042144
nan nan nan nan nan nan nan nan nan nan nan nan nan nan nan nan nan nan nan nan nan nan nan nan nan nan nan nan nan nan nan nan nan nan nan nan nan nan nan nan 0.79709350494780206731 1.6598877625052046447 2.8928680241501920634 4.4317553408374568136 3.8258960350795709893 2.6760550863605603311 1.9076827597562977523 1.878439301898680025 0.94810230455029409491 0.57676122745994551355
nan nan nan nan nan nan nan nan nan nan nan nan nan nan nan nan nan nan nan nan nan nan nan nan nan nan nan nan nan nan nan nan nan nan nan nan nan nan nan nan 1.0885401218935699674 2.343126930434138 4.0916198082617976084 5.7065227973158343389 6.3440418973435654948 3.4289402920040288336 4.472474703211385183 1.6214749966240156187 0.51392952873185782092 0.19223521941277374459
nan nan nan nan nan nan nan nan nan nan nan nan nan nan nan nan nan nan nan nan nan nan nan nan nan nan nan nan nan nan nan nan nan nan nan nan nan nan nan 0.62813959752570780459 1.6618763382172216936 3.0216582137134238017 4.8979772102561511815 6.5402423147131836245 5.4992155166871494743 5.6245785526015339428 1.5551155766730342389 0.6474114642455902624 0.20920132029527910289 0.098724932396909617638
nan nan nan nan nan nan nan nan nan nan nan nan nan nan nan nan nan nan nan nan nan nan nan nan nan nan nan nan nan nan nan nan nan nan nan nan nan nan nan 0.77251117448063855164 1.7794063753532585181 3.4057328581544696888 4.0704245960731935128 4.0396287792052731902 4.0371222295486575149 2.5652614587461912699 0.95178014267801125392 0.52857681296188430142 0.29907868466329340373 0.21829312389788926851
nan nan nan nan nan nan nan nan nan nan nan nan nan nan nan nan nan nan nan nan nan nan nan nan nan nan nan nan nan nan nan nan nan nan nan nan nan nan nan nan 2.1325738101763764831 3.5335655433857509067 3.8749924400749513609 4.1064884199329396708 7.8172824171409782679 5.501393208485013453 2.5298000526455424186 1.4586602792407055151 0.51264406908271786811 0.19457422283698530552
nan nan nan nan nan nan nan nan nan nan nan nan nan nan nan nan nan nan nan nan nan nan nan nan nan nan nan nan nan nan nan nan nan nan nan nan nan nan nan 0.82792037947059649028 1.8619905128688143403 2.9484265454540166118 5.8451918107908058531 7.362741657386536076 7.4745153304038787212 7.4763013238620779077 3.106731151743779229 0.82309514845094389202 0.3618021214719208678 0.20127724200323870996
nan nan nan nan nan nan nan nan nan nan nan nan nan nan nan nan nan nan nan nan nan nan nan nan nan nan nan nan nan nan nan nan nan nan nan nan nan nan nan 0.75207039860239222051 1.6730063474157617076 3.1667009442703686339 4.6662787910007361702 4.8481721610933279365 6.6902491305927780374 5.3118089910405617005 3.726526566446430877 1.4281406168456538541 0.65280547601416338832 0.92747450144929466376
nan nan nan nan nan nan nan nan nan nan nan nan nan nan nan nan nan nan nan nan nan nan nan nan nan nan nan nan nan nan nan nan nan nan nan nan nan nan nan nan 1.3642556833901386959 2.9117816240081348944 4.2521290660117543325 6.1545580457378354922 7.0970040180055420365 6.6307973082683959731 4.5513948932748471421 2.9718927731710214069 1.6515636054713422887 0.34912699119877305121
nan nan nan nan nan nan nan nan nan nan nan nan nan nan nan nan nan nan nan nan nan nan nan nan nan nan nan nan nan nan nan nan nan nan nan nan nan nan nan nan 0.85152236568868877598 1.8765960911684640422 3.9157412601156829091 5.2949731189907289775 6.5718534475984888843 4.4351332134492329473 4.2052782168898339421 4.3499683287397523657 1.5442567604323744757 0.89409275374860497365
