src/SDSim/tmp/apis6
ncols        196
nrows        122
xllcorner    -12.166618000000
yllcorner    34.999860000000
cellsize     0.083333000000
[rows 22 to 43 of 122, columns 0 to 49 of 196]
nan nan nan nan nan nan nan nan nan nan nan nan nan nan nan nan nan nan nan nan nan nan nan nan nan nan nan nan nan nan nan nan nan nan nan nan nan nan nan 2.8313815664352066648 nan nan 0.28951572018852689272 0.12814876009570308479 0.042501913923145180629 0.06791998378864201602 0.38248553367333876229 0.75125507454537587826 0.8420541135652787057 0.56658895500233952269
nan nan nan nan nan nan nan nan nan nan nan nan nan nan nan nan nan nan nan nan nan nan nan nan nan nan nan nan nan nan nan nan nan nan nan nan nan nan 3.5925076754553240121 4.4205850671678392771 3.7509818692529353079 1.54651884431127562 0.64221881340459907594 0.2601758425480331649 0.09535311230536722138 0.096435954588318162362 0.1755345149225111534 0.32161328880050160661 0.40973008640772012878 0.42356256084711468857
nan nan nan nan nan nan nan nan nan nan nan nan nan nan nan nan nan nan nan nan nan nan nan nan nan nan nan nan nan nan nan nan nan nan nan nan 0.60959800526950502775 1.8173639706905015956 2.9976328573159465307 3.7972391323875855917 3.0047090926790360754 2.0047586327006512441 1.0344488502634672233 0.41636580849493570744 0.20412188389089891416 0.089597066146094472838 0.096925723409548400489 0.21081759937911051517 0.45680202604014957801 0.75967391022824737323
nan nan nan nan nan nan nan nan nan nan nan nan nan nan nan nan nan nan nan nan nan nan nan nan nan nan nan nan nan nan nan nan nan nan nan 0.22510405253064361131 0.7928936839346161225 1.4153979897663004905 1.8724099052369103102 1.8603535926043330839 1.7770265265779154884 1.3565322197577451835 1.1303340700662041218 0.84729340373070827219 0.39741590930311959662 0.1583633017632435358 0.13029479165653412576 0.33754669412367932502 0.78875593776925434497 1.4562962119577562703
nan nan nan nan nan nan nan nan nan nan nan nan nan nan nan nan nan nan nan nan nan nan nan nan nan nan nan nan nan nan nan nan nan nan nan nan nan 1.3472782120009885176 1.5513078001315701027 1.2878826460645886876 1.0426392504478458889 1.2115562113495204066 1.4241082051873810155 1.1715766000260690038 0.71370416102256828417 0.41154074519253147635 0.34640883960994861557 0.58723773602294571106 1.4385766040828260603 2.0267669093643365663
nan nan nan nan nan nan nan nan nan nan nan nan nan nan nan nan nan nan nan nan nan nan nan nan nan nan nan nan nan nan nan nan nan nan nan nan nan 1.5000277394876277981 2.1505319327147915942 1.5326085100135224959 1.0946981870266727643 1.0283795533905353281 1.1601920364883464565 1.2170472287342133377 1.0662405453899357344 1.0473338721178995225 0.77418920941832047866 0.79907133265494645347 1.3546822029155531908 2.3618460380024131062
nan nan nan nan nan nan nan nan nan nan nan nan nan nan nan nan nan nan nan nan nan nan nan nan nan nan nan nan nan nan nan nan nan nan nan nan nan 1.5106941836861982331 2.3804085556873220142 1.8999288215764198462 1.100822547784337635 0.5755097766791698044 0.75041115732219942913 1.045943348308239873 1.4691689015617039882 1.6422065719669156625 1.3474108239958075828 0.83555385323302278078 0.82183105589943539204 0.99889378658619609741
nan nan nan nan nan nan nan nan nan nan nan nan nan nan nan nan nan nan nan nan nan nan nan nan nan nan nan nan nan nan nan nan nan nan nan nan nan nan 1.4752220851278232683 1.3430241286862441008 0.65942321703426565183 0.35878459826083308748 0.3819913151946421892 0.89933439034512119292 1.4852827268457819976 1.3862529003210499745 1.429253094731149476 0.79282741979466686555 0.39544752107882763514 0.32679050777926027527
nan nan nan nan nan nan nan nan nan nan nan nan nan nan nan nan nan nan nan nan nan nan nan nan nan nan nan nan nan nan nan nan nan nan nan nan nan nan nan nan 0.344719747117283426 0.21261665701299486964 0.31514859558681496132 0.66077194392396554345 0.96478014433636405389 1.0483861440712676227 0.47592057896450429277 0.48259856395021122344 0.26377235625317707601 0.20962530090623865409
nan nan nan nan nan nan nan nan nan nan nan nan nan nan nan nan nan nan nan nan nan nan nan nan nan nan nan nan nan nan nan nan nan nan nan nan nan nan nan nan 0.12330760031501446228 0.23513854434057829268 0.42708612858476868723 0.83031887143694060871 0.974776601462330472 0.62605093437641845533 0.40132779163759607632 0.31945897629778174931 0.24637767904809787511 0.30210858257574724206
nan nan nan nan nan nan nan nan nan nan nan nan nan nan nan nan nan nan nan nan nan nan nan nan nan nan nan nan nan nan nan nan nan nan nan nan nan nan nan 0.025022872820712537684 0.16516714085719325089 0.45263346299112999782 1.0265155496453874928 1.613272745077783954 1.8205688452600714555 0.98830911699518342317 0.54823473836007896587 0.42691024589838472147 0.28636834303514446809 0.57828589958853771069
nan nan nan nan nan nan nan nan nan nan nan nan nan nan nan nan nan nan nan nan nan nan nan nan nan nan nan nan nan nan nan nan nan nan nan nan nan nan nan nan nan 0.76111581518959403603 1.8798855494571382607 2.8635787693909313667 3.6046509315878587643 1.5227158607382225153 1.021606271681122946 0.53536200143906165216 0.58873663909064788413 0.55881820191092668182
nan nan nan nan nan nan nan nan nan nan nan nan nan nan nan nan nan nan nan nan nan nan nan nan nan nan nan nan nan nan nan nan nan nan nan nan nan nan nan 0.072934491348924226917 0.27503580315790171484 nan 2.4804745743073164377 4.785669618129085201 3.7652860920397146494 3.1662029071506196942 1.093378595862017022 1.1744408570818318793 0.74622792633765000492 0.44454673687892765077
nan nan nan nan nan nan nan nan nan nan nan nan nan nan nan nan nan nan nan nan nan nan nan nan nan nan nan nan nan nan nan nan nan nan nan nan nan nan nan nan 0.47315841629603988538 1.6049341733957092071 3.6792518160507774461 6.0691014305315160726 5.7522464691107604295 3.8763282468245283674 2.5862276643232591233 1.8851019942295363929 0.71946002367355710305 0.2853995157198736532
nan nan nan nan nan nan nan nan nan nan nan nan nan nan nan nan nan nan nan nan nan nan nan nan nan nan nan nan nan nan nan nan nan nan nan nan nan nan nan nan 0.76437468187966783884 2.3593288788810924395 5.4352441624411182985 7.8872211429648846348 8.4137379539726300237 4.1414746555397670136 4.841217176799073485 1.7859742341417468303 0.45472776924901914253 0.11203513960776262381
nan nan nan nan nan nan nan nan nan nan nan nan nan nan nan nan nan nan nan nan nan nan nan nan nan nan nan nan nan nan nan nan nan nan nan nan nan nan nan 0.36496263713543958263 1.3812169714561648437 3.5151804747330741563 7.1207156781122735723 10.726834192967180215 7.2893644699943980214 6.0406247510592532279 1.6804724623874605083 0.69314932189064726309 0.21379807915600831936 0.077681234070299517991
nan nan nan nan nan nan nan nan nan nan nan nan nan nan nan nan nan nan nan nan nan nan nan nan nan nan nan nan nan nan nan nan nan nan nan nan nan nan nan 0.51974591699981187443 1.7647991006297063521 4.7985933023204854209 6.8137903514001694205 6.3822006742659240786 5.2315814869446723989 2.6801136527757112304 0.89374043057261332024 0.54523325425152369128 0.32724401965750038457 0.21836817129979774199
nan nan nan nan nan nan nan nan nan nan nan nan nan nan nan nan nan nan nan nan nan nan nan nan nan nan nan nan nan nan nan nan nan nan nan nan nan nan nan nan 2.2432112597382452002 5.3191909049651684427 7.1238598802941428545 6.4955357023598470079 9.5058436109062345309 5.0842885263207087121 2.2217737039506650909 1.6249387516859381542 0.67709417309002561947 0.25636853239482648714
nan nan nan nan nan nan nan nan nan nan nan nan nan nan nan nan nan nan nan nan nan nan nan nan nan nan nan nan nan nan nan nan nan nan nan nan nan nan nan 0.53351027382909443908 1.7979609320881304591 4.2250328775107197643 9.6945470356995802064 12.314709031540745698 8.8418276581821935167 6.8860435404484325872 3.2976316787799264674 1.1713783468948104627 0.64469554480539792429 0.32957348320265972275
nan nan nan nan nan nan nan nan nan nan nan nan nan nan nan nan nan nan nan nan nan nan nan nan nan nan nan nan nan nan nan nan nan nan nan nan nan nan nan 0.40161695988338863561 1.3187556916116449646 3.6716707123438623306 7.0015921134938388093 6.8995180469588861527 8.051157749805753383 5.1223385027181214113 4.2927377276959850505 2.4995611060195126463 1.2674474453048134581 1.5079267487121679192
nan nan nan nan nan nan nan nan nan nan nan nan nan nan nan nan nan nan nan nan nan nan nan nan nan nan nan nan nan nan nan nan nan nan nan nan nan nan nan nan 0.86325301629959139138 2.7298813669307859797 5.1003956854544449939 8.1952669856493702838 7.290489936857531994 5.836340280127915392 4.8867513278604661764 4.1176036644803488684 2.5953320828404198295 0.46723294287880495768
nan nan nan nan nan nan nan nan nan nan nan nan nan nan nan nan nan nan nan nan nan nan nan nan nan nan nan nan nan nan nan nan nan nan nan nan nan nan nan nan 0.46065892072888298125 1.4438505921440583091 4.1523010363064454253 5.6343412854986674176 6.3651567308759577912 3.5977831566973934585 3.2865803232138253165 3.7020365467087872346 1.4581270322674313444 0.72562878347762904685
