src/SDSim/tmp/apis6
ncols        196
nrows        122
xllcorner    -12.166618000000
yllcorner    34.999860000000
cellsize     0.083333000000
[rows 88 to 109 of 122, columns 100 to 149 of 196]
8.2982163641657393782 6.5334722456055907003 5.1505610746556484969 3.1835099270195246213 1.2102087626504700602 1.781341896795694435 2.6201832894390468809 4.0179172557277968991 4.4520810549082279195 2.7649498157774226037 1.7701846561999110552 2.2611742550522659911 3.1536941641319025109 2.4978221239993962932 2.1669664704288371659 1.5727755178451858775 0.79006380495030259503 0.37925370475684172522 0.16268397649248661496 0.084172497932037071422 0.064829557360219197681 0.043401398218891398817 0.028764512730199000984 0.033652492479470372255 0.055577369582657520919 0.19173710740349392267 0.36417659642715244361 0.7834314674923464894 1.5420990541038506194 1.5100587351071861342 0.93556578047767346984 0.64041086748981057575 2.1526062860464127979 7.8638035133156813927 15.760356451827215452 15.606396376308534713 nan nan nan nan nan nan nan nan nan nan nan nan nan nan
8.0171301213047776457 5.6283797826855792579 4.2334179075993088048 1.6040652906813686052 0.85478469594533501574 1.4619159219323389909 3.998195916370497649 4.831068528384024674 7.7723852464943226082 8.2886346109467652354 4.8631983183371483292 4.3947863540817895256 4.7429188386387375331 5.753029444944179005 5.8721933254401985636 3.3447145311803891943 1.47074991335803551 0.44569312878537520328 0.096982342610105534697 0.02330927729284615682 0.014162214105425282445 0.012192569951567710368 0.022674347274225809673 0.039124635937770595173 0.059977836596542835612 0.090670023133672644766 0.14386315154647652537 0.31767683396702400822 0.41446876613414945778 0.39831524210394320118 0.27728587187048148177 0.34853276875669492174 1.3169971218798708357 4.3351058164835398756 8.5662290367877922392 nan nan nan nan nan nan nan nan nan nan nan nan nan nan nan
4.4591880907300884829 3.627686395838568334 2.8923214882157060046 1.1314263008279523692 0.76402345643832936251 1.9080376114532486831 3.4536529096548256312 7.9151540577753154437 10.277384302005474481 12.437547396340260519 10.356268557658678375 8.8303980664203329809 9.2569013582941916951 13.601044901704238299 10.338470143043076988 5.1837755442945985251 1.4412733517819629192 0.42578226980835209847 0.08297362645424635752 0.015532500790548030983 0.025243174322589229802 0.064321478559107803097 0.10734530624832591683 0.2020613787810116857 0.26171672357804265374 0.3041529186855460587 0.23227863693468236983 0.16892133992519622887 0.10184160175543077731 0.096900599774012913246 0.064400779859731221988 0.14592959250755113687 0.57142985893736830683 2.3290462639587721227 3.7865263340861003982 6.7346656054882965137 2.7229076220253380924 nan nan nan nan nan nan nan nan nan nan nan nan nan
3.7802135795056850398 2.6824705019696541974 1.5413036675465485725 0.64162646522664668058 0.55569201121143807498 1.476193521713881518 4.0207401841473942028 5.7148702569881741908 7.0655228626918233914 15.412327165613813662 23.638192462231106816 11.540130806289276677 10.254651908089313039 11.975860604844685398 11.347005442276683951 6.2246139922112275755 2.079664920976709297 0.48383970385705737938 0.094693901220676945929 0.020907936769795926885 0.056827028333915396985 0.25031407051376614037 0.59538924909611445901 0.9769584073467891816 1.4373219692456886687 1.1625889995321965209 0.80506478236879119859 0.35455450269576177513 0.26658517933164888047 0.079129992898694212489 0.015795537877976724428 nan 0.17989459174176908318 nan 2.6035269539484851009 nan nan nan nan nan nan nan nan nan nan nan nan nan nan nan
2.218713669153515422 1.7625719264777450768 1.0591096250431679682 0.46697199562878721757 0.3954039338953307392 0.79514754917363739128 1.4709371856593618233 2.9670458694273302847 5.5603748600197002716 8.4386241177444034633 7.3212755638921915846 5.8265679271190959909 6.9538327439907607896 7.2345723842758538069 5.5130188976247520571 3.4247905557867923676 1.6449000218654823424 0.55687540501697141426 0.1289967604886589625 0.047836865532405146995 0.18354584240597204836 0.89682206841622591487 2.53851704390996602 4.0113754044881746452 3.9581436948952215538 2.8141155179073225057 1.8750764751612627457 0.92793912398574729394 0.21999959523051115795 nan nan nan nan nan nan nan nan nan nan nan nan nan nan nan nan nan nan nan nan nan
1.4012020561563656162 1.7908697577808867507 1.0026387352176555634 0.7003298720360447982 0.40497400407632960784 0.31797948470082576522 0.52668783209176561755 1.1232607519132464802 2.3726717773322238969 2.3962025999330127668 2.1909477934102832286 1.4592058507226712827 2.4001981363910402933 3.5644325709784920875 3.6649535396930024156 2.7736705400605625726 2.0433426202980404796 0.72238327140900404633 0.18685754426094175473 0.076935466791815634857 0.3463975875010172345 1.537030754522394238 4.0160941235783811365 7.5105969787294792894 5.1091329352331342761 3.4812170913408153616 2.1295998576491408372 nan nan nan nan nan nan nan nan nan nan nan nan nan nan nan nan nan nan nan nan nan nan nan
1.4306814471469626593 3.0416986598279605047 3.439039600400923824 1.6854468727123510519 0.73070534428492195378 0.29729030916503129678 0.17675256545656026219 0.32080501525796745188 0.52319288580543532596 0.61588942160578674656 0.39804327948546724958 0.37435544412490417976 0.88740893539609444485 1.9135561860944809709 2.1506813137802400782 1.7346379397744857709 1.2941650431958269252 0.51539136519385964075 0.12556805888979724606 0.060990194977906850293 0.30559844561368931792 1.2570638762229073837 3.6703990321536443808 4.1867240712951803161 3.7455512347021118202 2.2388417043414072793 nan nan nan nan nan nan nan nan nan nan nan nan nan nan nan nan nan nan nan nan nan nan nan nan
3.4018304022539078701 6.4468470095271905862 7.711315186330171656 5.0732236681162161673 1.6788980295663469278 0.47343409293016658346 0.097333287092228035209 0.0579651046535642131 0.082546453372659742143 0.10695888041670399693 0.17607867434799873152 0.40960578124792595966 0.73764313558540695048 1.1783792928324852145 1.3396485827947559599 0.78288182912089254728 0.50360031451736864128 0.2117015055647133992 0.092196670913447575924 0.036878243980930397461 0.13608027624733567973 0.69642140637017446725 1.2753092257369709195 1.6961115333813501227 1.2951234706065843927 nan nan nan nan nan nan nan nan nan nan nan nan nan nan nan nan nan nan nan nan nan nan nan nan nan
3.8443848278585868172 8.2268210975917064331 11.443430251401627729 6.6944895460599251891 2.4736688207668695583 0.51387477489731037128 0.07192205118792531493 0.0094099760675059023612 0.0099006052238039717051 0.027173224601967763125 0.11462588694068540085 0.61621113449199138579 2.0093399660596009682 3.3891896924759437049 2.6760248268544688521 1.8640765127706377946 1.6664558230567092512 0.65383033215705721464 0.16526927392221266166 0.042335068621315412318 0.065263329439348399807 0.17547558688440184627 0.35758905506201499325 0.37756496326825428334 nan nan nan nan nan nan nan nan nan nan nan nan nan nan nan nan nan nan nan nan nan nan nan nan nan nan
2.6876325976893675751 6.7793311251230701231 5.7718042441975168089 3.9441388031889399457 1.1510225649611585119 0.21560254266390024847 0.045566538016944976852 0.004095884159787940848 0.0045010067535919085976 0.02426928715763489175 0.099491246347429507235 0.32925912284478636716 1.4346953922014513694 2.74199155006211992 5.4761180137983442862 6.0551533810990534334 3.9064103586628773357 1.663745044664177053 0.35604174848985592483 0.048908413570340883436 0.017084026526176427502 0.032193219693994322428 0.046115999641721104607 0.046869652989213465843 nan nan nan nan nan nan nan nan nan nan nan nan nan nan nan nan nan nan nan nan nan nan nan nan nan nan
1.058625144959527864 1.7079180106445943643 2.7625803986534021028 2.5265016312764134732 1.023146343292771876 0.30114993194822298195 0.053220532637566750345 0.0085589397536991705662 0.025682849469648071083 0.25199434041791812788 0.61004263462566776788 1.5578022580927028962 4.6640844475832539118 7.065848616157617279 12.553371219371815215 14.205305742369450428 5.9158001276125782297 1.9382013745436348362 0.33159052989481008211 0.047813311551204537575 0.0053582792664946454417 0.003483938397870130297 0.0054612361745079163189 nan nan nan nan nan nan nan nan nan nan nan nan nan nan nan nan nan nan nan nan nan nan nan nan nan nan nan
0.23122348992196306572 0.50939263241733168108 0.71670599563854020531 1.0038977228551608789 0.5135218923354170073 0.092625048398866163812 0.026300311374093093136 0.0075244463356226934381 0.047186118983915989467 0.46845679514489929618 2.778026531228896534 6.243103963583679139 19.560617373150318343 30.968168149254246657 27.889069076745546027 12.37215779356751888 3.8757998984951944621 nan 0.14984554848783288028 0.03033648790402110329 0.0035591565360907871651 0.00045474681068258037764 nan nan nan nan nan nan nan nan nan nan nan nan nan nan nan nan nan nan nan nan nan nan nan nan nan nan nan nan
0.0931940161754179347 0.13761688724393567052 0.19103917766175776416 0.15101042732822056447 0.12708611887167350907 0.054262441184723876619 0.01168912022684011516 0.0047036972074057607079 0.045736294984104919337 0.4202255344634233114 2.0397272358370801548 8.1868149450549836388 19.888945196151819772 26.426788257916278724 nan nan nan nan nan 0.012627300016268248189 0.0019163705664752477085 nan nan nan nan nan nan nan nan nan nan nan nan nan nan nan nan nan nan nan nan nan nan nan nan nan nan nan nan nan
nan nan nan nan nan nan nan nan nan nan nan nan nan nan nan nan nan nan nan nan nan nan nan nan nan nan nan nan nan nan nan nan nan nan nan nan nan nan nan nan nan nan nan nan nan nan nan nan nan nan
nan nan nan nan nan nan nan nan nan nan nan nan nan nan nan nan nan nan nan nan nan nan nan nan nan nan nan nan nan nan nan nan nan nan nan nan nan nan nan nan nan nan nan nan nan nan nan nan nan nan
nan nan nan nan nan nan nan nan nan nan nan nan nan nan nan nan nan nan nan nan nan nan nan nan nan nan nan nan nan nan nan nan nan nan nan nan nan nan nan nan nan nan nan nan nan nan nan nan nan nan
nan nan nan nan nan nan nan nan nan nan nan nan nan nan nan nan nan nan nan nan nan nan nan nan nan nan nan nan nan nan nan nan nan nan nan nan nan nan nan nan nan nan nan nan nan nan nan nan nan nan
nan nan nan nan nan nan nan nan nan nan nan nan nan nan nan nan nan nan nan nan nan nan nan nan nan nan nan nan nan nan nan nan nan nan nan nan nan nan nan nan nan nan nan nan nan nan nan nan nan nan
nan nan nan nan nan nan nan nan nan nan nan nan nan nan nan nan nan nan nan nan nan nan nan nan nan nan nan nan nan nan nan nan nan nan nan nan nan nan nan nan nan nan nan nan nan nan nan nan nan nan
nan nan nan nan nan nan nan nan nan nan nan nan nan nan nan nan nan nan nan nan nan nan nan nan nan nan nan nan nan nan nan nan nan nan nan nan nan nan nan nan nan nan nan nan nan nan nan nan nan nan
nan nan nan nan nan nan nan nan nan nan nan nan nan nan nan nan nan nan nan nan nan nan nan nan nan nan nan nan nan nan nan nan nan nan nan nan nan nan nan nan nan nan nan nan nan nan nan nan nan nan
nan nan nan nan nan nan nan nan nan nan nan nan nan nan nan nan nan nan nan nan nan nan nan nan nan nan nan nan nan nan nan nan nan nan nan nan nan nan nan nan nan nan nan nan nan nan nan nan nan nan
