src/SDSim/tmp/apis13
ncols        196
nrows        122
xllcorner    -12.166618000000
yllcorner    34.999860000000
cellsize     0.083333000000
[rows 66 to 87 of 122, columns 0 to 49 of 196]
nan nan nan nan nan nan nan nan nan nan nan nan nan nan nan nan nan nan nan nan nan nan nan nan nan nan nan nan nan nan nan nan nan nan nan nan nan nan 0.62406779220334174241 0.95014839248106297553 1.1195325434053615687 0.8395371341981260338 0.84807765984822680583 1.2324780695192203428 2.9294391223251983192 6.5306165139260867747 10.407867764919759068 18.313806193406783507 21.313654529650765568 20.875419171606310442
nan nan nan nan nan nan nan nan nan nan nan nan nan nan nan nan nan nan nan nan nan nan nan nan nan nan nan nan nan nan nan nan nan nan nan nan nan 0.41229687884953836186 0.75160745256551686477 1.050002355158839995 1.0033158448250476535 0.73345693708188253179 0.53786750722508758216 0.7753343076848291382 1.5776907722882176355 3.5080930120068178901 7.6253629867332550774 10.394921334043299765 13.324362248306533374 16.733472365069804511
nan nan nan nan nan nan nan nan nan nan nan nan nan nan nan nan nan nan nan nan nan nan nan nan nan nan nan nan nan nan nan nan nan nan nan nan 0.21668784528439269388 0.39663548162118933416 0.78045531306206794575 0.98372696268286119459 1.0871289218941686538 0.66378779438959634174 0.46037407497252674782 0.43389444190195902706 0.88218937892799265121 1.8322932411575674205 3.3660307485773164338 5.5740425139773028818 9.1034841309044960411 11.942388456251793016
nan nan nan nan nan nan nan nan nan nan nan nan nan nan nan nan nan nan nan nan nan nan nan nan nan nan nan nan nan nan nan nan nan nan nan 0.13765183392175639465 0.24458387573881726351 0.39438031647939580937 0.70283253228513054012 0.8661563903716325008 0.6780117385400935559 0.57831222309849350527 0.36180660444227891182 0.24516721882951691969 0.37389266721808483984 0.87189719831293621688 1.7508334325709775658 3.4608382302089739646 6.7178440478471834751 11.796237675559558156
nan nan nan nan nan nan nan nan nan nan nan nan nan nan nan nan nan nan nan nan nan nan nan nan nan nan nan nan nan nan nan nan nan nan 0.075647933846491849375 0.16227006517079117787 0.29497048783854418197 0.40797420922680172062 0.55339437314747230712 0.72593697588028260892 0.47323411112982322058 0.37222269129795121367 0.23719303279146600194 0.13759571895617037085 0.16785439249512157378 0.35041611519168658351 0.81294463346861134401 2.205584911583677421 4.9554348554518021785 9.6073425971437345083
nan nan nan nan nan nan nan nan nan nan nan nan nan nan nan nan nan nan nan nan nan nan nan nan nan nan nan nan nan nan nan nan nan nan 0.084488145497247812976 0.16747206628036009901 0.20984604122339753363 0.35929393234086187681 0.51161041535649287582 0.52553698705546170178 0.41380408298342113982 0.23622936261596708118 0.13963923824286639253 0.098159711108636221732 0.13240817959334055809 0.28852925614521263142 0.73377447769992054649 1.6948393910505177296 3.7104337362816650625 6.9620705628057741876
nan nan nan nan nan nan nan nan nan nan nan nan nan nan nan nan nan nan nan nan nan nan nan nan nan nan nan nan nan nan nan nan nan nan 0.081136241605085659967 0.14317680684826758486 0.24101961415917724785 0.29515612578535860289 0.45576273992078442099 0.39136578318951431577 0.28472420094184436312 0.15205385505806115476 0.1055984165456987367 0.12140922888043936823 0.25511727241683568312 0.5486325419351665289 1.1294582156751784563 1.9781828153300868856 3.2884526601851975514 5.8684600320329218803
nan nan nan nan nan nan nan nan nan nan nan nan nan nan nan nan nan nan nan nan nan nan nan nan nan nan nan nan nan nan nan nan nan 0.029373712510475241677 0.067184759284778031163 0.13028145943149196939 0.18915325520455669728 0.25484437651107566536 0.34345930952781006384 0.25587467034303257307 0.1567193875729420427 0.1101916497661071942 0.11808607608839287451 0.2227934519814093739 0.52870543687938043043 1.185208894981661043 2.3749330013139755557 4.2205729482605489622 5.0045072945488868754 7.3876779855508347694
nan nan nan nan nan nan nan nan nan nan nan nan nan nan nan nan nan nan nan nan nan nan nan nan nan nan nan nan nan nan nan nan nan 0.029485006318271091141 0.059368732673599544647 0.091381111460184433204 0.13743164258166409852 0.20742472828990488054 0.21025341577503461887 0.20562221153570287013 0.12552612707882060405 0.11715955435661998263 0.17400020143357508573 0.38086112643343850159 0.89694244174896220478 2.3642048233348500474 4.2882684106204527197 7.3931093757228865115 9.7517934874078431307 10.58497227626988213
nan nan nan nan nan nan nan nan nan nan nan nan nan nan nan nan nan nan nan nan nan nan nan nan nan nan nan nan nan nan nan nan nan 0.016316009019148834669 0.039618569712784684755 0.072904602646724228632 0.099788340405479930562 0.14546400545871460142 0.17916373749443825769 0.16608298747908706305 0.13805057457395186749 0.14365571097919554999 0.24458796112974356962 0.50434092881093972593 1.2860049584920860699 3.1595315967985757588 7.0451450589331097163 11.715645456081823284 17.760477595652847782 17.665688500950402329
nan nan nan nan nan nan nan nan nan nan nan nan nan nan nan nan nan nan nan nan nan nan nan nan nan nan nan nan nan nan nan nan 0.0028307361927177271226 0.0096512726982245118645 0.021464689880283674417 0.074155340141274908583 0.097933175831431878988 nan 0.21092144278251481748 0.27305089182059949504 0.23672759430357859234 0.29793328122155793292 0.39409699649276064282 0.71256051932358233092 1.5924253594992210381 3.9925387256749003129 8.9440877639320959247 17.66801958910250292 22.033977765225344569 20.817293270599133592
nan nan nan nan nan nan nan nan nan nan nan nan nan nan nan nan nan nan nan nan nan nan nan nan nan nan nan nan nan nan nan nan nan nan 0.011400978281220313509 nan 0.21590140915503799879 nan 0.44511133977881051083 0.5338412554149674083 0.50501348314362803915 0.52606067577464699081 0.7869767182996618704 1.1813121648661946139 2.0961093071698932988 4.6051302708202097591 9.5027505977836295159 17.825484635815371348 19.019246797468998267 18.936069037318087993
nan nan nan nan nan nan nan nan nan nan nan nan nan nan nan nan nan nan nan nan nan nan nan nan nan nan nan nan nan nan nan nan nan nan nan nan 0.40748748327650052836 0.76236755769332231747 0.76982753845950369076 0.76048929621969785231 0.77982455143096363059 1.0126046532399126665 1.7691706982931614256 2.2169335607987590286 2.919908565613970719 5.0136923280726177765 9.882786120974859756 15.790814442672411744 20.004803880375810365 21.103723527519257175
nan nan nan nan nan nan nan nan nan nan nan nan nan nan nan nan nan nan nan nan nan nan nan nan nan nan nan nan nan nan nan nan nan nan nan nan 0.61049332538151734884 0.97048370725529720104 1.1715258415690465998 0.99355741729733737522 nan 1.9574980283108516232 3.0524505040813272316 3.9765491470333826918 4.2091619842380652017 6.2054093258167766223 11.033226540507209634 21.002486762008047094 27.811335105252002364 28.699072718213731292
nan nan nan nan nan nan nan nan nan nan nan nan nan nan nan nan nan nan nan nan nan nan nan nan nan nan nan nan nan nan nan nan nan nan nan nan 0.43598309703316562302 0.67673768158851865806 nan 0.94895373171249297606 1.8829239401331381298 3.1968390841190617024 5.3560990009922626598 5.404780893284200971 6.4800215028048731014 7.6527590652494019707 12.11779265805152761 23.851892085969165436 31.372533017336234451 30.873850201465018017
nan nan nan nan nan nan nan nan nan nan nan nan nan nan nan nan nan nan nan nan nan nan nan nan nan nan nan nan nan nan nan nan nan nan nan nan nan nan nan nan 2.5156752576637075869 5.2462821912200476859 6.7367424485617357632 8.4813520119870506875 8.6807142715745992945 9.6452353957375045468 12.856944373374593837 22.345095764604891997 30.378589420794138931 29.035532734584869274
nan nan nan nan nan nan nan nan nan nan nan nan nan nan nan nan nan nan nan nan nan nan nan nan nan nan nan nan nan nan nan nan nan nan nan nan nan nan nan nan 2.9306256182897594265 5.8501408702832584652 7.4136457489876672611 9.0417972489975912964 10.85687298535349754 12.014391795872825242 13.426709047956896015 14.903914964975840007 20.537942588552901668 21.050145716117501848
nan nan nan nan nan nan nan nan nan nan nan nan nan nan nan nan nan nan nan nan nan nan nan nan nan nan nan nan nan nan nan nan nan nan nan nan nan nan nan nan 3.5110919683371535349 7.4540485101060278694 8.5344899877183522108 9.7896286987428222659 10.708216226267573745 11.68152131625125989 11.792203361992610766 11.123634658111559048 13.095731134247840188 12.290128015519851346
nan nan nan nan nan nan nan nan nan nan nan nan nan nan nan nan nan nan nan nan nan nan nan nan nan nan nan nan nan nan nan nan nan nan nan nan nan nan nan nan 4.3643571827065539281 8.3603151808858324756 11.269883963111778868 10.02673059965465896 11.31701942928091853 11.674466601690593137 9.6118214621492352734 8.484173279271514545 7.827779830269618877 6.9155873694213099157
nan nan nan nan nan nan nan nan nan nan nan nan nan nan nan nan nan nan nan nan nan nan nan nan nan nan nan nan nan nan nan nan nan nan nan nan nan nan nan nan 5.7809039972004008234 9.2008223835436258042 9.733773940181992046 9.1132939173453824111 8.9467309002552894981 9.0753394673214380362 8.3765709965790602354 6.332722991710123317 5.5806527968266328443 4.2298870073729943897
nan nan nan nan nan nan nan nan nan nan nan nan nan nan nan nan nan nan nan nan nan nan nan nan nan nan nan nan nan nan nan nan nan nan nan nan nan nan nan 3.1504498129778051307 6.3728037631971208299 8.2798663215259740156 8.3242144710061278801 7.7416352470435256805 6.9995605781748686525 6.7138629845551900388 6.4849484777945702874 5.7166896482971827353 4.412210568087048479 3.0377106870322632126
nan nan nan nan nan nan nan nan nan nan nan nan nan nan nan nan nan nan nan nan nan nan nan nan nan nan nan nan nan nan nan nan nan nan nan nan nan nan nan nan 5.2894185790492684873 6.8099259148547961473 6.6828239633725150526 5.8631466147442017345 6.0149397526865122643 5.8102301084388976449 5.0970590215046556182 5.1034124577675257228 3.871407664220844147 3.1110538260027391644
