src/SDSim/tmp/apis11
ncols        196
nrows        122
xllcorner    -12.166618000000
yllcorner    34.999860000000
cellsize     0.083333000000
[rows 66 to 87 of 122, columns 0 to 49 of 196]
nan nan nan nan nan nan nan nan nan nan nan nan nan nan nan nan nan nan nan nan nan nan nan nan nan nan nan nan nan nan nan nan nan nan nan nan nan nan 0.83703414373267048809 1.1955108886997609652 1.2540902024051943098 0.78836920525731879472 0.62525119461020939315 0.81478143322651919167 1.9828373611257996689 4.7689847151075248632 8.3382733577840308925 15.702397765726180623 18.343316762087511052 17.334343604910980474
nan nan nan nan nan nan nan nan nan nan nan nan nan nan nan nan nan nan nan nan nan nan nan nan nan nan nan nan nan nan nan nan nan nan nan nan nan 0.58523753516389476204 1.0379981785348704193 1.3589633156266578418 1.1736775282571587642 0.73522354411945012309 0.41520900935648918928 0.47144330879863255435 0.98584711189941331977 2.4222283019811494675 5.7700214811932024617 8.2055136056493100938 10.604022743757354874 13.023591097521549642
nan nan nan nan nan nan nan nan nan nan nan nan nan nan nan nan nan nan nan nan nan nan nan nan nan nan nan nan nan nan nan nan nan nan nan nan 0.30988127254037733938 0.55543076157049131591 1.0559764122391785968 1.2513124859757334129 1.2525614552695840676 0.66624912791773427401 0.36350138938387316356 0.25321408991836247271 0.50197773250270527612 1.1700184878660986332 2.2783282727167559756 3.8949714995971791431 6.5386560630379930714 9.0663998094984226128
nan nan nan nan nan nan nan nan nan nan nan nan nan nan nan nan nan nan nan nan nan nan nan nan nan nan nan nan nan nan nan nan nan nan nan 0.20247173220611919264 0.34986871856215556731 0.5397172824723641682 0.90308240918621540683 1.0380945302783219919 0.74345616595869612464 0.55407644437311742713 0.28149591402342288848 0.14107791453306980922 0.19369515592270544757 0.47694175041923925207 1.0066645822210538164 2.1212647843905707568 4.5598662044607793931 9.0492075863721996853
nan nan nan nan nan nan nan nan nan nan nan nan nan nan nan nan nan nan nan nan nan nan nan nan nan nan nan nan nan nan nan nan nan nan 0.11545465541374548557 0.24437571975026844973 0.4288421128699059226 0.55303826291351521061 0.68300246455112068045 0.81152499939395394968 0.47796070690339864662 0.32568945105669550033 0.17437606918213585661 0.076970492627118011764 0.076193004995968788284 0.16171450276209531349 0.40656911886510227472 1.2538705340607174676 3.2943454693409566225 7.2421112250083155004
nan nan nan nan nan nan nan nan nan nan nan nan nan nan nan nan nan nan nan nan nan nan nan nan nan nan nan nan nan nan nan nan nan nan 0.13040498041919776351 0.25659281802072536616 0.31000634777161545363 0.49171219858213893739 0.62458803071105906124 0.56372059421352294084 0.38476165375723042628 0.18716749562948409302 0.092758899548068929342 0.05253570462406936814 0.062431421773579645618 0.13660075155948500636 0.36394243386669045126 0.93831854661444147325 2.3388947430844866382 4.9030280930148082419
nan nan nan nan nan nan nan nan nan nan nan nan nan nan nan nan nan nan nan nan nan nan nan nan nan nan nan nan nan nan nan nan nan nan 0.12267573102683367037 0.21703828567418578799 0.35460695421157178986 0.39967350900770837185 0.55281704303949552592 0.41411668465671341854 0.25373723511498663674 0.11350753806448261873 0.066374204513248019621 0.069513299845185727577 0.14577910763646750869 0.32321185500438021077 0.68332371496900157215 1.2083338472104674377 2.0476556465546527086 3.7498570898427185938
nan nan nan nan nan nan nan nan nan nan nan nan nan nan nan nan nan nan nan nan nan nan nan nan nan nan nan nan nan nan nan nan nan 0.04083102738741212212 0.095319812313244101087 0.18685065752046126075 0.26244592109801173629 0.32863566753911804819 0.39824053881423832069 0.26268533891587975138 0.13652122527774210314 0.081148782441721703518 0.079149546487310318277 0.14074146708360429914 0.33723250050814645995 0.80615511467697520409 1.6965161117560783044 3.0609559729807447326 3.5571941947642873316 5.0124191989025934646
nan nan nan nan nan nan nan nan nan nan nan nan nan nan nan nan nan nan nan nan nan nan nan nan nan nan nan nan nan nan nan nan nan 0.037352798374542715842 0.075812825031479569304 0.11614107124630908274 0.16805937406422710723 0.2361668008384384676 0.21831344628629947846 0.19046968778344650075 0.10119741873006232735 0.085454810743897768877 0.12292728471879540986 0.25065352471185742278 0.60152078799013808386 1.7275551776468540677 3.4154726466290661335 6.1080611747206488005 7.9963772038628890826 8.2015868053934131154
nan nan nan nan nan nan nan nan nan nan nan nan nan nan nan nan nan nan nan nan nan nan nan nan nan nan nan nan nan nan nan nan nan 0.017740491253231193552 0.042624767683930510354 0.07587296279563539303 0.10232812655930362267 0.13843599227790032158 0.15702986679743269338 0.13312228361134315069 0.10237371763785584056 0.1014932626308345659 0.16654149446836455373 0.327512828402396039 0.86949549193745212516 2.3926825606028150339 5.879844175384795868 10.409684563490223752 15.736270028537633792 14.887824566689195294
nan nan nan nan nan nan nan nan nan nan nan nan nan nan nan nan nan nan nan nan nan nan nan nan nan nan nan nan nan nan nan nan 0.0026240756233974721172 0.0085877398939170155462 0.019398233812332982967 0.069291944688342585468 0.091074457548429424425 nan 0.17772353553374575785 0.22325197342665595301 0.1812837183421663334 0.21044206445789359616 0.25863440935975601231 0.4450332067754360077 1.0597259158709668725 2.9990247677136636639 7.480034092862606343 15.71008686414971578 20.091934240780584986 17.680289736877501383
nan nan nan nan nan nan nan nan nan nan nan nan nan nan nan nan nan nan nan nan nan nan nan nan nan nan nan nan nan nan nan nan nan nan 0.009348022071925999113 nan 0.22194136604164915738 nan 0.42185581940124611267 0.47562428823284680357 0.41568230866843941529 0.39789473641866301978 0.55234433164878571354 0.78230947645961856907 1.3928384775977773469 3.3518271563295254367 7.6323620894117834013 15.244429121271585004 16.340800347493328104 15.694735714722577669
nan nan nan nan nan nan nan nan nan nan nan nan nan nan nan nan nan nan nan nan nan nan nan nan nan nan nan nan nan nan nan nan nan nan nan nan 0.44747415597977330259 0.80931731286091324051 0.77496203882271053054 0.71999688058089506004 0.67260925932492532375 0.82095478936151655702 1.405724488823865137 1.685210671233666746 2.0929989817340013403 3.5996847708133627997 7.5604886312426300421 12.693943151554270443 16.461735533031024659 17.194474894200112658
nan nan nan nan nan nan nan nan nan nan nan nan nan nan nan nan nan nan nan nan nan nan nan nan nan nan nan nan nan nan nan nan nan nan nan nan 0.69946741936209422263 1.0863336696507501777 1.2017399400953923116 0.91255180273713543126 nan 1.696436995183887575 2.6783086937945426165 3.4387118223796409033 3.3602767781109061929 4.6300835883345303756 8.4237303334187529913 16.92734058444632339 23.575371948072447736 24.49359681604126493
nan nan nan nan nan nan nan nan nan nan nan nan nan nan nan nan nan nan nan nan nan nan nan nan nan nan nan nan nan nan nan nan nan nan nan nan 0.51094759596754968367 0.77707708885310600166 nan 0.82449037956679183115 1.5899234906940948875 2.8103461212375711042 4.9799705667927485209 5.0086143672819964934 5.6314484861421689743 6.0254819862193711444 9.5783217169214189823 20.141061278542679247 27.676907458407082885 27.774020285258270491
nan nan nan nan nan nan nan nan nan nan nan nan nan nan nan nan nan nan nan nan nan nan nan nan nan nan nan nan nan nan nan nan nan nan nan nan nan nan nan nan 2.088872221369026061 4.5659997858768139878 6.2404031642217470122 8.0513983338853698513 7.7458732714028615263 7.9825469082771949303 10.542840644174306775 19.228230987276141661 27.4466227973693222 25.789085319473301183
nan nan nan nan nan nan nan nan nan nan nan nan nan nan nan nan nan nan nan nan nan nan nan nan nan nan nan nan nan nan nan nan nan nan nan nan nan nan nan nan 2.516780246402841037 5.1146520041964622649 6.7354283728481192384 8.3307772974331992799 9.857454086260935 10.488862899136508489 11.46653650615939668 12.90895318591707408 17.786130621603422952 17.906173940607690298
nan nan nan nan nan nan nan nan nan nan nan nan nan nan nan nan nan nan nan nan nan nan nan nan nan nan nan nan nan nan nan nan nan nan nan nan nan nan nan nan 3.259379673866359628 6.8486868723764082745 7.741967155689295943 8.9268657977496879141 9.947406991311058988 10.888409999025983055 10.751847873634812203 9.5923571284475350751 10.715071498043331033 9.5779155117377161588
nan nan nan nan nan nan nan nan nan nan nan nan nan nan nan nan nan nan nan nan nan nan nan nan nan nan nan nan nan nan nan nan nan nan nan nan nan nan nan nan 4.3677173955385049098 8.1732186314730252974 10.619716797887841508 9.2346610845469179196 10.687843598478334428 11.423955089245152905 9.1512042399117987657 7.4456264496685555798 6.1536532056923505252 4.964870409989416089
nan nan nan nan nan nan nan nan nan nan nan nan nan nan nan nan nan nan nan nan nan nan nan nan nan nan nan nan nan nan nan nan nan nan nan nan nan nan nan nan 5.9895518239291938301 9.416108202233939295 9.4516507107378107122 8.4687073847861693565 8.3781861375394832692 8.7029391241687577008 7.9723458531415678507 5.5899716977340911939 4.3760040848822709947 2.9628999436666627609
nan nan nan nan nan nan nan nan nan nan nan nan nan nan nan nan nan nan nan nan nan nan nan nan nan nan nan nan nan nan nan nan nan nan nan nan nan nan nan 3.2598585806571964696 6.629305444685780202 8.4667246316887094792 8.1488539740329350991 7.0856613180474843361 6.2388281750625367295 6.0814627138664771877 5.8670268802983125411 4.9478407970848534703 3.476013652374620122 2.1787782385921543593
nan nan nan nan nan nan nan nan nan nan nan nan nan nan nan nan nan nan nan nan nan nan nan nan nan nan nan nan nan nan nan nan nan nan nan nan nan nan nan nan 5.3712386787091608298 6.8069112965155333939 6.3347703271179849338 5.1900055552867492281 5.0969937548664265847 4.990721346792780011 4.4579462353352576898 4.3260232873492538985 3.0642432291374963604 2.2733840427900333658
