src/SDSim/tmp/apis23
ncols        196
nrows        122
xllcorner    -12.166618000000
yllcorner    34.999860000000
cellsize     0.083333000000
[rows 69 to 91 of 122, columns 0 to 49 of 196]
nan nan nan nan nan nan nan nan nan nan nan nan nan nan nan nan nan nan nan nan nan nan nan nan nan nan nan nan nan nan nan nan nan nan nan 0.037381947570594140084 0.079747513573078951388 0.17389558744333982743 0.47209197337029712438 0.95124957910127061478 1.6342608354325962594 3.9095782266243515046 7.7571634781671630066 12.727739585569411318 20.327330639065838369 30.753449195953869832 32.914498110986464496 30.901888202276211359 27.317903319285488095 21.831648719864574559
nan nan nan nan nan nan nan nan nan nan nan nan nan nan nan nan nan nan nan nan nan nan nan nan nan nan nan nan nan nan nan nan nan nan 0.02210451011441777816 0.052901746718988403029 0.12554450663202001981 0.26399390800119376665 0.57340196246390240375 1.2845881571742159277 1.8480696955262587711 4.123039168355152384 7.6333894430896060967 11.460636149069596712 17.188819913469281175 22.172181506752444591 24.540880398893083481 28.629393977603115218 25.639552436251591416 22.734774308469997806
nan nan nan nan nan nan nan nan nan nan nan nan nan nan nan nan nan nan nan nan nan nan nan nan nan nan nan nan nan nan nan nan nan nan 0.032704421129052238526 0.075812777907230538554 0.13198989798888960401 0.34611220850788060321 0.79293937894934174437 1.4681630138828185572 2.5293597842506478912 4.0616920043262245699 6.7317359410742758641 9.8638619925678501232 13.093134072032611925 16.727478280635011743 21.430039358579065834 22.127493247759410622 21.870466922058749759 21.926762770212260278
nan nan nan nan nan nan nan nan nan nan nan nan nan nan nan nan nan nan nan nan nan nan nan nan nan nan nan nan nan nan nan nan nan nan 0.052174673483901978788 0.10446823977184507837 0.23593087332749709817 0.44309348025695582951 1.0453436815683492256 1.5975615516136791872 2.6068875118601742003 3.70225379288219969 6.1604730936683527176 8.2820377963830988932 11.136505602577894791 12.670401218813841737 13.953705136338449222 14.814117224878859957 16.050258167456775027 22.215168175789528959
nan nan nan nan nan nan nan nan nan nan nan nan nan nan nan nan nan nan nan nan nan nan nan nan nan nan nan nan nan nan nan nan nan 0.032900416504091367642 0.075980905048035882188 0.16280215580674181619 0.31842094483091265555 0.61049769327494063376 1.2650211162724918079 1.5988939049928547753 2.1590761401032261269 3.6281897516221586208 6.022436557264350121 8.579981596079139905 9.8917146156884907526 10.555801670619022303 10.970402804075011005 12.814263534332180683 13.567560446632660032 22.260992230996059504
nan nan nan nan nan nan nan nan nan nan nan nan nan nan nan nan nan nan nan nan nan nan nan nan nan nan nan nan nan nan nan nan nan 0.053672892784375293707 0.116457284563551422 0.21265087601542376206 0.41908474165080661367 0.88163156891436345042 1.3045572001351968261 2.0721487273242016336 2.4973112988931460698 4.3968556146244264227 7.0565673065573921718 9.6274046970426248038 9.8729212157475281231 11.05044861058126493 9.6206880989161316364 10.533243075611942174 13.626428062050869983 19.689547902058979645
nan nan nan nan nan nan nan nan nan nan nan nan nan nan nan nan nan nan nan nan nan nan nan nan nan nan nan nan nan nan nan nan nan 0.055578167583491440429 0.1340344820218297428 0.27985816602750757109 0.44838966116412265484 0.91049169723369793861 1.5721860483970426792 2.0409355193201110801 2.7444424098786583954 4.2886453466902647591 7.3694248679295988325 9.3460493480583934911 10.232014190263878817 9.9712340224961391044 10.132727101471022735 10.507349095055966259 15.382397730595421592 21.676753326502041119
nan nan nan nan nan nan nan nan nan nan nan nan nan nan nan nan nan nan nan nan nan nan nan nan nan nan nan nan nan nan nan nan 0.014971894556166870718 0.053797050436729033918 0.10652712832988592284 0.25389353883730370054 0.37046008615777692441 nan 1.3892844584199330882 2.149397776653870995 2.8034078579867562908 5.1180893701605292279 7.2247409876976877996 9.302395554426944102 9.8030509203127600415 10.169707723073361905 10.411002049375893463 12.940623129929242907 15.152992825741396388 20.118036047133536215
nan nan nan nan nan nan nan nan nan nan nan nan nan nan nan nan nan nan nan nan nan nan nan nan nan nan nan nan nan nan nan nan nan nan 0.063934461078971202563 nan 0.26797475892396466213 nan 1.182737311708720096 2.1177958308249671404 2.9400692748598689086 3.9614132146244247501 6.6557515569542609057 8.699216885309995817 9.4515030374670203628 9.8687149134630889336 10.030054238933816535 12.240485122783345773 12.168875278115967475 15.407199421636684988
nan nan nan nan nan nan nan nan nan nan nan nan nan nan nan nan nan nan nan nan nan nan nan nan nan nan nan nan nan nan nan nan nan nan nan nan 0.26470418688774122185 0.6644033892837044597 1.0050764839411059359 1.5814243791509681181 2.2685524170138808842 3.5019745130956927426 6.073519350242079895 7.5039970019768578169 7.7725386750215239573 8.0360193276151115072 8.9370227525372261113 9.9041416709111391725 11.291681932233386121 13.760545684516225506
nan nan nan nan nan nan nan nan nan nan nan nan nan nan nan nan nan nan nan nan nan nan nan nan nan nan nan nan nan nan nan nan nan nan nan nan 0.29296269994225054845 0.55459622248586315507 0.94792684874759647329 1.1047271959347404469 nan 2.6644692167416970108 4.2953733912950458063 5.5828668809609709456 5.5303796520546226745 6.2257134256376449599 7.4130403882606312749 10.63234416076169353 12.711436027404499072 14.370228374377550296
nan nan nan nan nan nan nan nan nan nan nan nan nan nan nan nan nan nan nan nan nan nan nan nan nan nan nan nan nan nan nan nan nan nan nan nan 0.1763994114588610107 0.3111353525123394248 nan 0.59507641627125495987 1.1572122932608777113 1.8517319631762640952 3.1256171511357719872 3.1668231555250554443 3.8624866340316690305 4.3351819180854453961 5.7019362293544286757 9.4961748566675883154 12.042100760998225795 13.016320971001132278
nan nan nan nan nan nan nan nan nan nan nan nan nan nan nan nan nan nan nan nan nan nan nan nan nan nan nan nan nan nan nan nan nan nan nan nan nan nan nan nan 0.84652902375005778524 1.5714255826741685418 1.8499850524184284772 2.2698604711842143011 2.5033185498219263643 3.1464608582354234301 4.5021217762930305639 7.9612816925716609617 11.375663078732767275 12.780488148890183808
nan nan nan nan nan nan nan nan nan nan nan nan nan nan nan nan nan nan nan nan nan nan nan nan nan nan nan nan nan nan nan nan nan nan nan nan nan nan nan nan 0.43085642028303350326 0.83272080073483822904 1.0277123547824964511 1.3021273900480505592 1.829719798056999025 2.7053447339853704534 4.1746246539275322363 6.1029468125840269366 10.419939844340765589 13.290962495298044743
nan nan nan nan nan nan nan nan nan nan nan nan nan nan nan nan nan nan nan nan nan nan nan nan nan nan nan nan nan nan nan nan nan nan nan nan nan nan nan nan 0.22136150962152417732 0.47998016453253078417 0.63451234493151020821 0.92927307039782480746 1.4606012045637304375 2.4779588418215561241 4.22978937471439842 6.8934661090713547082 12.42704479662082484 15.982823731365687792
nan nan nan nan nan nan nan nan nan nan nan nan nan nan nan nan nan nan nan nan nan nan nan nan nan nan nan nan nan nan nan nan nan nan nan nan nan nan nan nan 0.14908876072220375586 0.341256900571748234 0.65833764124111904259 0.98106765069013723846 1.8564646557924104897 3.2974400649048694056 5.1761566652650659037 9.2450985016278419693 15.785916956396631505 21.732627751526962356
nan nan nan nan nan nan nan nan nan nan nan nan nan nan nan nan nan nan nan nan nan nan nan nan nan nan nan nan nan nan nan nan nan nan nan nan nan nan nan nan 0.18282992518790819325 0.41540997104576732335 0.79582111762627960605 1.4018563582304259807 2.4969146133152655409 4.489765940219092144 7.8658137428495136234 12.430664953214229485 21.754828935136487189 28.451024424980996486
nan nan nan nan nan nan nan nan nan nan nan nan nan nan nan nan nan nan nan nan nan nan nan nan nan nan nan nan nan nan nan nan nan nan nan nan nan nan nan 0.11018142103938408094 0.29189859419608843449 0.62740326989811856517 1.2365759219686875969 2.3366581680707332325 3.9436523385130679564 6.4591617172799589142 11.107530368680908595 18.359744995772796727 27.084920857270347483 31.582227744640427147
nan nan nan nan nan nan nan nan nan nan nan nan nan nan nan nan nan nan nan nan nan nan nan nan nan nan nan nan nan nan nan nan nan nan nan nan nan nan nan nan 0.43651354623485094653 1.0010994219401820882 1.9830794444930988085 3.4355514952835473075 6.2910935405245158591 9.9563486310570858961 14.071982488787291743 23.155835622809753716 28.842932291868983441 35.10462701153713283
nan nan nan nan nan nan nan nan nan nan nan nan nan nan nan nan nan nan nan nan nan nan nan nan nan nan nan nan nan nan nan nan nan nan nan nan nan nan nan nan 0.5647383076326734086 1.3891700322979969595 2.8822684616212566056 5.2311701834712778236 8.1912528864118243632 11.912687134619144302 19.778223092712849507 26.590817577632407165 30.994474019757998207 32.391311813245764029
nan nan nan nan nan nan nan nan nan nan nan nan nan nan nan nan nan nan nan nan nan nan nan nan nan nan nan nan nan nan nan nan nan nan nan nan nan nan nan nan 0.59726482415715542729 1.715119329403582471 3.6452319664540757671 6.8064152708595715424 11.983338156817314513 14.53330675817625206 18.503831445840809522 27.578842932083652784 30.322959563086776313 31.327098786539512076
nan nan nan nan nan nan nan nan nan nan nan nan nan nan nan nan nan nan nan nan nan nan nan nan nan nan nan nan nan nan nan nan nan nan nan nan nan nan nan nan 0.65488527094944870566 1.8215468194136195113 3.5754578737472444416 8.1269086013308289296 13.001368293245098684 15.659228479697633318 22.854474289298913448 25.87468467032640973 27.85481930540724349 25.38759206463220508
nan nan nan nan nan nan nan nan nan nan nan nan nan nan nan nan nan nan nan nan nan nan nan nan nan nan nan nan nan nan nan nan nan nan nan nan nan nan nan nan 0.71551383633328713429 1.8291737472258997599 3.2403687412888175778 6.1891662085026615259 9.9484204338940358525 17.333186292666518113 19.656489809747792918 22.236386734253994035 18.004527135439822416 19.997950256551177972
