src/SDSim/tmp/apis22
ncols        196
nrows        122
xllcorner    -12.166618000000
yllcorner    34.999860000000
cellsize     0.083333000000
[rows 44 to 65 of 122, columns 0 to 49 of 196]
nan nan nan nan nan nan nan nan nan nan nan nan nan nan nan nan nan nan nan nan nan nan nan nan nan nan nan nan nan nan nan nan nan nan nan nan nan nan nan nan 1.8683003490309482153 3.9592182944228220265 4.1840788321144852802 5.5338535454888369003 4.4084189452238371487 4.4446819890757893745 3.1615956442430324103 1.5243813665601935181 0.79771457948964230589 0.50860623379936831245
nan nan nan nan nan nan nan nan nan nan nan nan nan nan nan nan nan nan nan nan nan nan nan nan nan nan nan nan nan nan nan nan nan nan nan nan nan nan nan nan 1.89343868312506447 4.3367746414850518732 5.5923499407325092392 5.7908864140871632031 5.2592633859244086736 4.1816328189406180016 2.1203014712424024246 1.9131371320386461043 0.70053106658946617813 0.83827481382816682043
nan nan nan nan nan nan nan nan nan nan nan nan nan nan nan nan nan nan nan nan nan nan nan nan nan nan nan nan nan nan nan nan nan nan nan nan nan nan nan nan nan 4.367318604130884907 6.2848768683093627629 6.4839821310688598999 3.7929932803269861274 2.8157977296308391857 1.5646015819800613844 1.5482153020635196494 1.4055876200746679761 1.7081732897341872501
nan nan nan nan nan nan nan nan nan nan nan nan nan nan nan nan nan nan nan nan nan nan nan nan nan nan nan nan nan nan nan nan nan nan nan nan nan nan nan nan nan 4.1236833237729664248 6.5545828754340798028 6.257247949801401532 4.4434139659363980357 2.8123448649012612321 3.0109108890367912714 2.2676295468087888096 2.1198316293134888966 1.4315807588170212927
nan nan nan nan nan nan nan nan nan nan nan nan nan nan nan nan nan nan nan nan nan nan nan nan nan nan nan nan nan nan nan nan nan nan nan nan nan nan nan nan nan 3.1979742048211057259 5.5873790726966783282 6.2248194652510875358 5.0732540692231120616 4.3083688698656592564 2.6373922811619423534 3.5556987221220395234 2.1817860650454075078 1.0277761918817480691
nan nan nan nan nan nan nan nan nan nan nan nan nan nan nan nan nan nan nan nan nan nan nan nan nan nan nan nan nan nan nan nan nan nan nan nan nan nan nan nan nan nan 3.8309421359054365297 4.7811001549015781364 4.219612367615328985 3.3447158844785969123 3.0616390249514298105 2.0815202354837070153 2.3748363042423541458 1.5298979427614203264
nan nan nan nan nan nan nan nan nan nan nan nan nan nan nan nan nan nan nan nan nan nan nan nan nan nan nan nan nan nan nan nan nan nan nan nan nan nan nan nan nan nan 2.203906367484355755 3.1079981122793203241 2.3461047635954779267 2.1357365537626260554 2.1212586448831558528 1.4491873399392165567 1.9001429522632027336 1.6736954044335123903
nan nan nan nan nan nan nan nan nan nan nan nan nan nan nan nan nan nan nan nan nan nan nan nan nan nan nan nan nan nan nan nan nan nan nan nan nan nan nan nan nan 0.57630202086079829193 1.4095107277967002801 1.9044387241522979792 1.9500320025810211622 1.3742049121554391622 0.52179482758528317188 0.5136698435175012234 0.71874598304721404318 1.9934635994140046389
nan nan nan nan nan nan nan nan nan nan nan nan nan nan nan nan nan nan nan nan nan nan nan nan nan nan nan nan nan nan nan nan nan nan nan nan nan nan nan nan nan nan 0.88129591278794616738 1.319699906271724954 1.4844361314897569493 0.77674621594313142392 1.4696016733316674685 0.88935799013451066752 1.3572939371846133305 2.0280476705560950279
nan nan nan nan nan nan nan nan nan nan nan nan nan nan nan nan nan nan nan nan nan nan nan nan nan nan nan nan nan nan nan nan nan nan nan nan nan nan nan nan nan nan 0.58655870004871302203 0.99008198572235162072 1.4733069766713418058 1.6138423262714043371 1.1383674804087673404 1.1446653065893965806 0.74006660129976520324 1.7152880866861592857
nan nan nan nan nan nan nan nan nan nan nan nan nan nan nan nan nan nan nan nan nan nan nan nan nan nan nan nan nan nan nan nan nan nan nan nan nan nan nan nan nan 0.22858412996322705069 0.44396119530413807874 1.0259276936654206924 1.8606498066259817836 1.871552755537866819 1.5696174579854360598 1.1800209293534671406 2.7317422593299975908 3.3101366624185217802
nan nan nan nan nan nan nan nan nan nan nan nan nan nan nan nan nan nan nan nan nan nan nan nan nan nan nan nan nan nan nan nan nan nan nan nan nan nan nan nan 0.10232548334207569596 0.29029774684016684816 0.6192210893451336462 1.2530104680774782899 2.3566202304613863561 3.6145339609127158376 3.6195232868634037438 3.7702933156081468447 6.8181915895631197699 8.902156909751603564
nan nan nan nan nan nan nan nan nan nan nan nan nan nan nan nan nan nan nan nan nan nan nan nan nan nan nan nan nan nan nan nan nan nan nan nan nan nan nan nan 0.16521984741816511666 0.43792085019743187679 1.0192703618378804453 2.0782139865260140787 3.5373559611215967813 4.5781593290141620045 7.9839474113266293287 9.5469703571526487451 12.298714561043015081 19.369179854162720034
nan nan nan nan nan nan nan nan nan nan nan nan nan nan nan nan nan nan nan nan nan nan nan nan nan nan nan nan nan nan nan nan nan nan nan nan nan nan nan nan 0.26924424253589102074 0.68391079186156578107 1.4943845604871390798 2.9859361754352793383 4.9098287474007209497 5.7778538563616965718 11.586515177864857407 17.333332379752182106 22.907042529976145318 26.563911974752524969
nan nan nan nan nan nan nan nan nan nan nan nan nan nan nan nan nan nan nan nan nan nan nan nan nan nan nan nan nan nan nan nan nan nan nan nan nan nan nan 0.15834366706316949092 0.40100364741431521187 0.97951135965841262809 2.4745517541027455266 4.434619839730128632 7.254031042926007089 9.2203400285578389628 15.729523788679113494 21.562241022866970752 25.923794036155634046 27.168222749795845061
nan nan nan nan nan nan nan nan nan nan nan nan nan nan nan nan nan nan nan nan nan nan nan nan nan nan nan nan nan nan nan nan nan nan nan nan nan nan nan 0.17419096650653592695 0.58829834501470390506 1.4629337027944218086 3.3893459526204416932 7.5051856177475855247 11.764858835450429098 16.228376105965363507 19.662577901041739636 22.168581074052340796 18.592707248101643103 23.086740072358733045
nan nan nan nan nan nan nan nan nan nan nan nan nan nan nan nan nan nan nan nan nan nan nan nan nan nan nan nan nan nan nan nan nan nan nan nan nan nan nan nan 0.78497512884268549893 1.8949823313281168868 4.1984217518792563695 9.3879968930573038932 13.785994304868873783 19.888039644823585661 18.801661571317474397 14.069207570340584113 10.869384217818854665 7.166553065574906789
nan nan nan nan nan nan nan nan nan nan nan nan nan nan nan nan nan nan nan nan nan nan nan nan nan nan nan nan nan nan nan nan nan nan nan nan nan nan nan 0.44080607658760789791 0.94710727747593226322 2.1422046147797764171 5.0574294704006916845 8.5807008442775796198 14.095816798000020853 17.088518960003817426 7.2447285013301163659 10.656801667772111131 10.608608427381437167 11.563667964019746393
nan nan nan nan nan nan nan nan nan nan nan nan nan nan nan nan nan nan nan nan nan nan nan nan nan nan nan nan nan nan nan nan nan nan nan nan nan nan 0.18542560725999407412 0.48547915146523823449 1.0915175481414061132 2.2966220333769120643 4.6585764527059954077 7.3626290219437766638 13.751402233144057519 15.332230797814327516 13.827773803971032507 15.069394257276258031 18.017447568941449276 21.566337521200662053
nan nan nan nan nan nan nan nan nan nan nan nan nan nan nan nan nan nan nan nan nan nan nan nan nan nan nan nan nan nan nan nan nan nan nan nan nan nan 0.20467897697941134227 0.52120154559150466689 1.0707523273527723706 2.2317328303813992463 4.4478922356631196422 8.3549838487863983261 13.201231506279011541 13.868319827420352297 16.122355775164077585 22.329407463474041151 20.198165676780433841 12.482935175412182005
nan nan nan nan nan nan nan nan nan nan nan nan nan nan nan nan nan nan nan nan nan nan nan nan nan nan nan nan nan nan nan nan nan nan nan nan nan nan 0.19758324615538644387 0.48950361882173448747 1.1443996296365726018 2.1559500158433855255 4.3570732163648262514 7.2648760598751280781 11.539220017122547191 16.866906234485863791 19.047441389529673472 22.403716515801708198 20.975828391508017035 15.973167223958181893
nan nan nan nan nan nan nan nan nan nan nan nan nan nan nan nan nan nan nan nan nan nan nan nan nan nan nan nan nan nan nan nan nan nan nan nan nan nan 0.19072882589050244029 0.48397449075868087531 0.98651348322581100536 2.1417115767595982234 3.9567284814175400776 8.5042305347321036635 12.946489727389938196 16.623761410691663798 21.339602956883599205 21.395529586740899219 20.818787052871424947 16.89665422594132238
