src/SDSim/tmp/apis12
ncols        196
nrows        122
xllcorner    -12.166618000000
yllcorner    34.999860000000
cellsize     0.083333000000
[rows 88 to 109 of 122, columns 50 to 99 of 196]
3.6258370389231338038 3.714124777802117805 3.2800923532185035647 2.6458820982609316808 2.2761097807603487553 1.8605152782751543938 2.0153319054114602338 2.1848753259797710768 2.3079830859531869081 2.2419420609072919781 1.9903221865607099161 1.3900261523272829933 0.8085874726726223205 0.54815658891695029364 0.87334687541094702112 2.1470152133891198254 3.542482142194717909 4.6097138572668931999 5.9028297823247539711 7.5309234034018484039 8.5210099421529914565 8.4234486701793862551 8.4517604270612896045 6.7595838989503294059 4.4397686968140570585 2.4780398410003372511 1.4503228425270326962 1.3825243697706035562 1.4026637440184830385 1.6596028344269706523 1.8440130196416588682 1.790300758175719098 1.4729219492179703721 1.1501603526998585014 1.0984484309991657813 1.3016973597261189965 1.6368930044668608126 1.912209941079749731 1.8490460079502868407 1.7620054999444429988 1.6369862774951839945 1.5656910795355116761 1.5972100668809607882 1.8616777823497507871 2.8391044526142321658 5.1714771283907889909 8.3016654033310093297 11.096551179632337281 11.195361311474247401 10.894574056633453907
6.0007168651500437662 6.5846199764124548892 6.1780956161291129547 4.3177197294404123795 3.0519290649732395693 2.6637730387207390059 2.8630501262851799638 3.8835131144198280495 5.1272249654567003674 5.4486758256650738019 5.0509653496621815805 3.6387720682207884693 1.9320521989321965961 0.99310439618613799428 0.76899394408189625238 1.17991988787982649 2.0080094667154364529 2.5004611639421807645 3.9815215493871298769 4.7510023949595288073 6.2173483387747578988 7.842928567588841382 8.0956651548303337762 6.3702161316384442458 3.2223192755256890862 1.6486545496102571473 1.0018261871037508204 0.67494322003549900302 0.60597880583442909064 0.77825989554649954716 0.68391984410666206706 0.63743259351030301385 0.59636239504688082214 0.64933776078343552474 1.2157275585607099089 2.1215150133530298326 3.1559367368301445289 3.742437576729851223 3.8448090217636421428 3.1234255438205611455 2.6524473064778937292 2.1826537441380429172 1.9573701749328633603 1.897268492664006434 2.781053504961122691 4.9295055914123526719 8.1656083713500855481 10.165699902078234373 7.8768230337524727247 7.5883443727167430026
9.2253868384795740809 10.882774486369434896 9.3700229101349599148 6.7870059068578090233 5.0221269293724306593 4.7841320359528278772 6.4551500017135472476 9.0363651231673642883 11.356119553478501771 11.644808201649347268 11.257448297632835832 7.0209654066694486829 3.6271108022750593314 1.6545066479848953289 0.81767651374762906347 0.9185759237419075518 1.3471890064862892533 2.0653476296718924488 2.8359344550539775653 3.6552598195066381415 4.9035862362966504691 5.4346508070872143747 5.8082503591121490416 4.0774810736906097475 2.6309618062854909226 1.2769775492059112221 0.5028899002194260337 0.2802297024554630811 0.22633552329762335331 0.22028812680063841745 0.23182897684704162344 0.23357161198651277267 0.3074653813212149811 0.62939961347492645594 1.3466685518362835339 2.8949917749211611095 4.743209734628492491 6.0196156348080895881 5.6969752960744379777 5.8913329967813865551 4.2315696736248389342 4.0968703532996073591 3.1177750388486535904 2.7805493858711307631 2.4162596127879885088 3.7233055418993679098 5.8098740601505038939 7.788475758410296379 8.2031503180516462947 4.134770709478525319
10.610567491916592431 13.434571570415608122 12.199046062920707811 10.115249049861885666 8.5025579099997266042 9.4302923065586323759 11.457929493368590457 16.009184224050567735 19.684926524995685071 19.991553343350741301 16.209507172801792763 11.033883101707395724 5.5314155775333029297 2.199228289430903871 1.066818625796223774 1.2981406515382065692 1.8771321200873654078 2.9032062950701233994 3.7930455053182052794 3.8927927961748500785 3.7410399697716387735 3.9611921733527557521 3.3698180743202805765 2.558107774753713759 1.5301427537053309269 0.84159583279833849456 0.38931269571656290651 0.19363758156435512126 0.12949345450367719113 0.10134097946039334615 0.09754845898068618959 0.13510152646430523271 0.27443881758552862715 0.68343322506997594701 1.6244565952865528402 3.0688627464196702732 5.162260367294249086 7.8360972574304801341 7.6572424253723472276 7.271266697299495263 6.1805315038737846933 4.9598631887646416061 5.1392981596180913328 3.03211213215951636 1.9847639587520600202 2.4156696984417971308 3.9298722111862494089 5.4079922487397045217 5.1395483941260913241 2.8161361382429546119
9.3053744113858627429 11.54836926065978453 13.591479145847745968 12.841020508750576212 12.082371745682909392 13.248484382480498311 18.276294062336312152 23.689513797884423241 26.512131436592245137 26.420034093197514835 20.602239271554761757 12.089767672109646313 6.9452658984230817296 2.7492242344399095977 1.3914267404759883551 2.1329556959057529575 3.9833447679841307298 5.4223301082119217398 6.6867882457261709206 5.8714628178341801146 4.6529364122689136352 4.1485905184125684286 3.2260639399549777551 2.2263175289331296192 1.438633297705065317 0.82971804125705683752 0.53915396615634858524 0.34694538025687854388 0.23687624413735880458 0.15173152704399528456 0.13127669710939246506 0.17955191775799872467 0.37381839836738006699 0.80113039498923688253 1.7589702613973798861 3.3860044001359503874 5.4358849784130205407 6.7936801345284738574 7.4005928500230435674 7.0698693014226252629 7.6345514550132556053 7.7579024832721508176 6.430993916608517047 1.9055113352411927607 1.3443463762802521089 1.4971425396448925227 2.1495488178097090781 2.9481640380502938115 2.1850293387622810037 2.122587174937454968
5.4311099743708259879 9.0608804173184012143 12.196919385701345817 14.462715486902986584 14.871266831462458313 17.624639127541147587 19.407741522732173678 27.422870627685213663 31.127224066990748952 25.464469110253524775 22.807509839097662052 14.702673147130260745 6.1591007075949484317 2.7626644875003449897 1.675667765971630141 2.526007706304698619 5.0480272113435082915 7.3286446183187550218 10.326988969660359174 8.404288607782500975 7.410252136918852095 6.1342603491024263462 5.0130698840026015617 3.1730671406783357291 1.9185081341705514379 1.3608795607718215948 1.0418914371606684544 0.75561073891806862513 0.512529526623438203 0.36727375664431721747 0.32208159923978768591 0.36381306922500700196 0.54653340497653202235 0.93309936222304845632 1.6047328204917412631 2.7638728211950600588 4.6306321718319614078 5.7176023562084177243 6.2556850117225462071 7.0752018427853426985 7.9766157734271425639 7.5087715752830730409 4.9933394975521370185 3.2472858177139598546 1.2767621972747831283 0.97105481802307669348 0.95871695611685636695 1.13567972228675651 1.1985949105307336371 1.3421304650438690143
3.2445764179919933667 6.1026092975106287497 9.5820441320496456683 14.009514330271878535 14.888938735387359458 16.684677793552094016 17.786489336292863328 21.821828105306824597 28.616113308426296413 22.89486448624089121 18.148783996472399593 11.649655426988125839 5.4899128089928916907 2.2378194874665431335 1.5005097170589571931 2.9395035055283091907 5.6981745998424644384 9.6713203332317245753 10.583933586038021701 10.809654184454476678 8.517754700174613447 8.4166089469205509488 5.803099930235045889 3.8871358611861448473 2.7477043721022331724 2.2027844676220440512 1.8730582228828094316 1.5054631884900278038 1.096888869703410041 0.84793657347414652659 0.70148784800154617702 0.66151778999097043954 0.83769671822644153902 1.1586936856543812446 1.5181660412796766924 2.3159214002890275985 2.9475907961900515986 3.7107688090351480525 4.8325211907287792812 6.0241669434150040274 6.7296107347088538475 6.4475560532926055046 5.3375520671594207656 3.4938934560181320599 2.3162639389432628789 1.6560874801697653691 0.8251620811815327805 0.99691231203554586671 1.0270861200241656608 1.2606652688757895575
1.9572830413809287897 4.3265172863234093725 6.6759413957149664753 10.930243623398029129 14.343951887784871957 13.676843773666940152 11.551529915304804774 11.899101424637214208 13.222214617610374532 12.828811892854327326 10.174925325234939422 6.4611286411997097545 3.4685366920997413587 1.5270843236217663819 1.3152171229456743884 2.6830210258914917176 5.460106145468223815 8.6579490046418676741 11.4512407254385149 10.823050232666817649 10.817527145756189455 7.9049703975122795896 5.4577027838944793814 4.0742908962945909579 3.6558451350376963696 3.503374057007624387 3.2606098184079299607 2.604738113967352664 1.8850890670403916971 1.4032770570231034579 1.1645265295992313082 1.3072444019699931417 1.3049606621007470153 1.4629676078716611354 1.7005321029656379483 1.6653342403638213831 2.1450995930728118388 2.5697868361750857424 4.6470359501700899685 6.8316846170756253542 8.2451751417495202645 8.0142916582679966098 5.5355607247686169359 4.3382425403691469157 3.8464007538978544076 2.8523184764419533543 1.7787161695945026274 1.5060546717388079152 1.6142896724466602176 2.5425986353947838126
1.4025012251938346886 3.3342934717237016073 5.9446568157892532014 8.3329802726605475272 8.2469974556076870442 6.6480312864982415988 nan nan nan nan nan nan nan 0.75855330503255036234 0.88840580068168240047 1.7301712327987019968 3.4832022138265412714 5.5780779243955551649 8.7434369175638249061 10.736469108473379208 9.9744116377542315632 8.8457043808014841346 6.15543916771278532 4.9296170392209512912 4.5755708442685518733 4.4933654319688765 4.2140695055940886604 2.9836551328689426832 2.2502118407256399557 1.8699761922657736068 2.179847639361690792 1.8208755666602671752 1.5643926438038853188 1.673358191754299451 1.6126344972503789954 1.3900234972665268529 1.7046797844978298642 2.9574271095680173538 5.3660788535746801742 8.8031990166243403451 11.319265680305617749 11.497770793506042253 6.7533755291254768949 4.8849088508618097038 5.7182386406285390379 4.7904039587976035008 3.4288186061584844389 1.9588135524903997897 1.8717431957283299226 2.7800316006902088262
0.76765589857612626101 1.6236414847984086407 3.2370574057511962707 3.6287791188880436088 nan nan nan nan nan nan nan nan nan nan nan 0.85208277954970657042 1.7121863375204133817 3.3603396478196740915 4.991783606331602563 6.7767362239668722523 8.1091192105765408371 6.9045640006057373839 6.447919817509922602 6.7432028350069419531 6.9399326042418394422 6.380331598484399791 4.7988851669131920019 3.7129758625756048573 3.0798021578608798521 3.2542454218176111169 3.2039099270820754484 2.5913160133928427875 1.9013499127515789411 1.6165567091518904252 1.1393047699108915793 0.986471440652095799 1.397760020608634024 3.0187593824792577912 6.2664348331116777047 9.9308971404075752076 13.471953874808626495 13.921791864146809914 12.948958522549579797 10.004959575646445558 8.633724797899759551 5.0125605068823189114 3.0066873493082604263 2.4905923269856931057 1.2910936244308759413 1.6421854771133881368
nan nan nan nan nan nan nan nan nan nan nan nan nan nan nan nan nan nan 2.8442387743246184684 4.7358031507626536794 5.1973230524393780883 nan 6.555159933423887253 9.5480636612891593984 9.6499801880620204031 8.3377718068488952952 6.4986101186305313959 4.6683175904311315918 3.9523775092853297153 3.8437498147362090251 3.8939437239231828869 2.7999647665035554134 1.7965353164538044872 1.1446216359467569212 0.58235506176672569012 0.58368905150740180154 1.0038785758434547457 2.3218176614248879908 4.4995747680000732771 8.4927407611741276838 10.700197270609761446 12.990355296913650207 12.289067129291396441 14.423368970406286849 17.529348473250980334 14.534670497677609546 9.2849909143571327519 1.9088643716672326622 1.0729833253504661439 1.1027575556328805817
nan nan nan nan nan nan nan nan nan nan nan nan nan nan nan nan nan nan nan 2.9322640249288700609 3.7546143183960229983 4.7937679701443425273 6.3401350088125205673 8.5576013373562158648 10.531571510402716996 8.708517699785183197 5.950049439025681508 4.1142452578391806028 3.4660084274634632706 3.5681813575078322742 3.4391647200900967718 2.3367726786361195934 1.3467349324815027778 0.54298513163361494804 0.31841027614656769451 0.24549056767475205265 0.57864390099596829664 1.3520658653016608408 3.1528292219120861439 4.7722766030348244826 7.1951224814084975279 7.8802445698592133994 9.9683166743944102706 10.524016083509595276 19.272661776410863865 15.819571770262355059 9.7779295896862397086 5.3418407207671272374 1.2296533469481165657 0.63216009875300349652
nan nan nan nan nan nan nan nan nan nan nan nan nan nan nan nan nan nan nan 2.0812485570457006645 3.9943055592708942569 5.5385132810984076812 6.587589711471093068 6.9879951933152302246 8.2292069864449768346 5.730816084973339386 3.7630584956421535558 2.8587099556876696127 2.4243404218299824393 2.448201992617158762 2.0816044275240193073 0.55991383513336934197 0.54839585209334196225 0.33184270511807467674 0.17008974708116939012 0.091293524712443882563 0.24821448189667305595 0.75369199926819541169 1.1936943762309828454 2.2161421393725286855 2.5980296260280506537 3.2290394489876290685 4.4371927480347315154 8.096682947349338022 10.207974481857560178 8.8477832617495391077 4.9721815220844600702 2.711741093150867421 1.3352688515168160688 0.51316593899959783709
nan nan nan nan nan nan nan nan nan nan nan nan nan nan nan nan nan nan nan 1.2580395789844580623 3.0136511343312371025 4.3358690402016906162 5.5276645117762983617 5.2991241239177737654 4.6506300813151320028 3.8689878778122110958 2.5890584540043581896 2.0395593966776766059 2.274378936663167039 2.1582362830662131792 1.4229106955004549029 0.42137016685968747831 0.23504844290784190908 0.14969367629714044887 0.041695710923778488144 0.029755838292565336273 0.12308098480378815154 0.23075997884818361117 0.43747450393974146587 0.66747437047645552521 0.95688264612484807969 1.0191037896318633216 nan nan nan nan nan nan nan nan
nan nan nan nan nan nan nan nan nan nan nan nan nan nan nan nan nan nan nan nan nan 3.0774501979289539122 4.2788442372783208612 3.9288055700735364795 3.0797769486027823937 2.344161131448764479 2.3400404205574458771 2.0235858983886254592 2.1711460495920618108 2.1677840990469920968 1.3377693574294784451 0.71181121209925735105 0.28585356678555551291 0.11618319057526045601 0.038094073772619641005 0.021265539986370343012 0.041727388909298217257 0.083692472799718503618 0.15388093474874953159 0.22203074463191363463 0.339773457046778804 0.18180902242167712446 nan nan nan nan nan nan nan nan
nan nan nan nan nan nan nan nan nan nan nan nan nan nan nan nan nan nan nan nan 0.98716456311102007692 1.9984125370120351395 2.5248647823109409138 2.5866000150427335136 2.0794671996499616284 1.8257086688766794857 1.8851546180509408668 2.2112502540102556559 2.2406014114210814903 1.9182133280590965008 1.2380838547756802814 0.67336312772188666731 0.29346571881250288483 0.10048089572464195818 0.03333209671910543348 0.011735687045962870517 0.010579752553091147094 0.019774039706479715206 0.036612406736045842448 0.050770529345136095056 nan nan nan nan nan nan nan nan nan nan
nan nan nan nan nan nan nan nan nan nan nan nan nan nan nan nan nan nan nan nan nan 1.2583967848016051061 1.343315922879960933 1.2949593057493016257 1.4224252800048498013 1.4893494663548394463 1.9119284873901474242 2.0681924508814240049 1.9163273994938345712 1.8532336047271371626 1.1114674683705525471 0.46520239850600902942 0.21589842233228101476 0.07524248196830606028 0.020277848819230018251 nan nan nan nan nan nan nan nan nan nan nan nan nan nan nan
nan nan nan nan nan nan nan nan nan nan nan nan nan nan nan nan nan nan nan nan nan nan 0.68340026784718910235 0.98662716376029713228 1.2084373488282664777 1.4684303595081140692 1.4625221965745676123 1.8268480132715592124 1.7213823246782775644 1.6495360175904849598 1.0729520483780792262 0.47408407194486817948 0.15643382213671142011 0.050685427652461492731 nan nan nan nan nan nan nan nan nan nan nan nan nan nan nan nan
nan nan nan nan nan nan nan nan nan nan nan nan nan nan nan nan nan nan nan nan nan nan nan 0.57396356819073268696 0.89800792893983172327 1.184747837303618212 1.6739082990648468385 1.8121011132967119739 1.5958724379126654203 1.2701203687551609889 0.8117013982014245066 0.37017899076576255002 0.11938572041617802333 nan nan nan nan nan nan nan nan nan nan nan nan nan nan nan nan nan
nan nan nan nan nan nan nan nan nan nan nan nan nan nan nan nan nan nan nan nan nan nan nan nan 0.58036670978526383458 0.88403856886048537422 1.1153282695803954372 1.4572079532309658578 1.4077597526534835204 0.72189375048094617249 0.43927779262814153904 0.19296291264184056713 nan nan nan nan nan nan nan nan nan nan nan nan nan nan nan nan nan nan
nan nan nan nan nan nan nan nan nan nan nan nan nan nan nan nan nan nan nan nan nan nan nan nan nan nan 0.58437148118520521045 0.77359138036873753563 0.62048037544512690822 0.51930380674191567447 0.21393390084722255229 nan nan nan nan nan nan nan nan nan nan nan nan nan nan nan nan nan nan nan
nan nan nan nan nan nan nan nan nan nan nan nan nan nan nan nan nan nan nan nan nan nan nan nan nan nan nan nan nan 0.16890803050263428209 nan nan nan nan nan nan nan nan nan nan nan nan nan nan nan nan nan nan nan nan
