src/SDSim/tmp/apis18
ncols        196
nrows        122
xllcorner    -12.166618000000
yllcorner    34.999860000000
cellsize     0.083333000000
[rows 66 to 87 of 122, columns 100 to 149 of 196]
0.35772529466841235246 0.52024100933823780313 0.72934380954346789139 0.85324009622937380115 0.84733419662815956386 0.63936374956994057595 0.69965495914509001629 0.60761081720256815419 0.51162702622344058412 0.37237099283277685924 0.33196350933882640133 0.25626070991248728337 0.18374936157575655349 0.14547454146507696193 0.092940350739038196659 0.07937611017190100704 0.067641883683001544081 0.078344666473058766076 0.078711157946570034505 0.089109703327989717159 0.074371375213514348546 0.056463910213331525156 0.041051621701492402305 0.028964030867146380727 0.018169410800197988154 0.016981530817092162916 0.01276284357861813025 0.016471755868323632865 0.010162457232610498312 0.007978385256172476625 0.0066517903084383879844 0.0063990481603056316787 0.0073405242341530053257 0.014906367809464885973 0.09245046672689487266 0.33425887451194008504 1.1567103067269131067 2.6623370169293849585 4.3472611127908358242 6.0545380783218014642 6.8789846157191174569 6.6699105891894872045 4.9118275445997410245 nan nan nan nan nan nan nan
0.2422145095267047854 0.35918016715928813287 0.54028608904340147401 0.63266135483729790678 0.66787439489315381103 0.69365371506521888989 0.67956258880681597034 0.69275602568828553718 0.65377024534621430707 0.57676213629304018404 0.38495954668320869763 0.28745869824685543747 0.20707792630262847333 0.17197146456555939542 0.12231787371642956208 0.084614203437357968229 0.098962874287076868507 0.10707776555216229342 0.1172426170594905448 0.10627001711644906701 0.099136546893576857342 0.090376105364786504803 0.064023603988239030649 0.046331632303046155208 0.034455800974066481956 0.026275927089643213996 0.024416975322039843194 0.024468132609095982061 0.029907463786668760097 0.017598897495883100706 0.011478700220305278895 0.012928966332671773878 0.012148935726590461004 0.013702050395221168633 0.05236193339860842344 0.45937331234458272933 1.9677450337287019089 5.2540941024838918594 9.0485348089853285813 14.186902110184039572 19.68551791043266519 16.431805155295077014 8.6990602189281140966 nan nan nan nan nan nan nan
0.15348899476794158891 0.21705088208415371231 0.34760615376755360506 0.4260770622542777164 0.49469037445019031773 0.54392327595418843433 0.63652077847032995095 0.75130955190081394335 0.77023441855483376628 0.68483067578183531854 0.57675581963259525686 0.37593833833226469876 0.29469250245170791613 0.20031358209711280782 0.13832970589597695654 0.10994940600040892242 0.10750180138810966346 0.13079263202472349303 0.14065709209578100558 0.13116797745695349398 0.12588974182056913986 0.13120684267877680274 0.1067135816176900398 0.085043523655694910901 0.068607174137461604535 0.057484774495682039452 0.051213499675714160841 0.070505265909755671094 0.071099970535805898098 0.049615574268569689886 0.042869371018081012248 0.033569734504648958417 0.031449950750930655285 0.033104741846509119774 0.091111901292221214588 0.33840435950648911634 2.7421883169162049043 8.7044553524402203948 18.272240248095062753 31.462325678678460861 44.066335883161713127 34.811256856488270728 nan nan nan nan nan nan nan nan
0.15428855256408227636 0.22375945613391176603 0.29905141489075903749 0.33029824664495843756 0.49013510856949171757 0.58025292811195017251 0.68250755531210016702 0.88436819948142153525 0.75348595309161825462 0.823606776422047826 0.75130451348930704647 0.62625184657847299263 0.44013874738567271283 0.29459383443139425252 0.15787443379872562188 0.11269347532009688084 0.1092519571233872 0.14032751008021604466 0.15982963570015404353 0.1731432362169683381 0.17587496763813526002 0.16917527110426702763 0.16537862854186849426 0.14835831362709170356 0.13175868957339209597 0.11297779640721461458 0.10637531465670947706 0.1263740971413145342 0.2106821267772059636 0.14968940436448072151 0.11168391481745196248 0.12121671996046678998 0.086443942895787481695 0.097783706268463541078 0.15541030630190483253 0.74021437333460693431 4.8256413538276712316 12.910271757887494815 29.510740525089733666 50.289026784634565104 82.828084560648918 61.762405104786822108 nan nan nan nan nan nan nan nan
0.2233157844801196279 0.3032139661871448566 0.34516421551855103189 0.53907078712739331383 0.68068255137634336993 0.75599188402489880811 1.0209436565230067817 1.0254017826107058031 1.0204046569766034303 1.0087791952471774071 1.0398380582395310157 0.72293016230812479073 0.52650538248626488347 0.34534069286760332718 0.21659279469607523039 0.12112263420640503875 0.10861895120335259002 0.14949515758094508722 0.18769953162365873855 0.213153595817669822 0.24432720857839693163 0.25527432782333697725 0.26299209368247428165 0.27113092690393930662 0.27441302300635822542 0.24093097863861573371 0.22742340082140682922 0.23904184006643092175 0.17129779024922223152 0.1981037035135607971 0.21071396137732970044 0.26376069165644844272 0.2767245789539604095 0.12501004683383090677 0.24890347602800877436 1.782024650241166519 3.9793143790310199215 18.147358682004256281 40.880359565512343067 76.616747846017389634 100 100 nan nan nan nan nan nan nan nan
0.40747686064489430091 0.48387317902350202026 0.64648969390548360892 1.0470690856615327835 1.2020500007508505558 1.3067878702224120513 1.3230874905051563939 1.2473187543425394708 1.1352372498365814746 1.0220644840830830358 1.0009916191989891576 0.70127212442824726768 0.51280162785908034451 0.3260571331059379796 0.17914599016077153992 0.11925371739158606432 0.12800580938448405388 0.13850149265303199342 0.20649488571154445138 0.27591187377657971913 0.33702277703362132355 0.48520735154874228279 0.44995652074695541289 0.53247778833188297298 0.57580239637676400299 0.62762316196764389442 0.42603310225054902283 0.47892545819814474894 0.32399866780493757901 0.26580950478493209355 0.1652124083641008101 0.14864565827843537194 0.19033232551683906819 0.45776993561779677488 0.37765733191257033763 1.1908170183821944477 9.1589612388434407109 20.222049039737129306 52.302952275773463953 93.57599898812655681 100 100 93.561095931504382861 nan nan nan nan nan nan nan
0.50885002672956580749 0.74163489178620711773 1.153915368470292746 1.4634692128967414781 1.6897913393486287958 1.6482715830970555704 1.5658830289645377931 1.4028138463115362722 1.1520837907722696336 0.79843079592152410573 0.65663098097899352812 0.5838308985768453363 0.43817051511295496136 0.24980505729934571191 0.15802891018194423212 0.10960313440785271477 0.11546343860332464182 0.14975501463159296422 0.22778663899660889225 0.39762514358430312011 0.57168280454075881547 0.68737706970290579633 0.8038351870932322063 1.0229119547877962848 1.0263606565854523911 0.94367731428309897801 0.80978752043014445849 0.73178459623845071302 0.49860414682011688914 0.25494225969820399902 0.13424508441270438519 0.12917942840002660798 0.24472618270479279401 0.49636651643328022487 0.4204209937075860104 2.5550094644992591419 10.256149509093145156 33.025526680671710267 66.215488886714936712 100 99.812321364158350434 100 92.549658122177405062 nan nan nan nan nan nan nan
0.72171504800822949832 0.92496232202544059753 1.174880171757938907 1.654045571147863658 1.8779788624312103718 1.8659170913476152975 1.6342899401338706333 1.3597503856188799531 1.0559094531170598597 0.775314659416767471 0.50682922262931084934 0.37966131843428074788 0.31269571463694229019 0.21013538076953516831 0.14152897442391590421 0.11156894769476338736 0.10697715063644083755 0.13651963858825358344 0.23076504825947768973 0.43686390534807523212 0.67265364106247627074 1.049160007753720647 1.2864040291991689635 1.254367114536466099 1.1623112363317129603 1.0171366430144896942 0.91941446350333322357 0.59922318978258526379 0.34869285414400069678 0.19533240070626159413 0.12926680714729826827 0.12373032549891967158 0.35105623779699213216 0.55704225739824653196 0.88790646447017229637 3.2830360699245106915 12.610103622628907161 36.156372260579914268 66.934600428529051896 99.951195797618638039 100 100 91.371025031117866888 nan nan nan nan nan nan nan
0.76977663224211001491 0.98464016742549276273 1.22826826423447244 1.4432694329584676574 1.9231255954315422674 1.9476487453086070989 1.6725173870242269203 1.1511520306086580057 0.77603856856024377997 0.56220225467880480252 0.3900068180547182628 0.3008057635178584821 0.23699248050034291135 0.20106013696157623571 0.13582557233971057076 0.097547873923859815259 0.088904769788634152583 0.13285357475961201423 0.21362841984141225926 0.36265680924844867494 0.66422061591538261727 1.0967030140807270122 1.267917403447940794 1.2518111129425708583 0.91555631879933341288 0.65828101904844804615 0.5456073375465315678 0.42918460093016852497 0.25496508765359288118 0.2164544476733223366 0.2111773225031540191 0.30962783431003781942 0.33515261478903746184 0.98597352244860902992 1.3973626392915965422 2.8528184426965421672 13.400179031493154369 37.98979002772203728 67.985888967425410101 99.164838089966806933 100 99.564175075675265703 100 77.784264737982965698 39.646126726821094621 nan nan nan nan nan
0.74344132364154880133 0.93897818518285858236 1.1397063636497080097 1.3146629857708429512 1.2725014131254150929 1.8046216250253872548 1.590990130446303219 0.98086532713005181172 0.64936608495723158185 0.43573944707191164527 0.30688090761389091865 0.23473050637161185783 0.19797877781246187023 0.18828318727273882227 0.13407411215674849836 0.10401531993139608023 0.094282510825537277355 0.11382951490691489704 0.18744732574440547967 0.3039865867817542755 0.45766588449603728961 0.63774968715889268633 1.0386515560278399839 0.75001837485167199837 0.64781260125546424877 0.5244561225659224446 0.44220232326501435205 0.34948867357336305117 0.28720639127436620175 0.25526891341225166343 0.30526703809948185775 0.4500184498911743991 0.66140919098673078835 1.4399240834670978817 3.063070123820282209 7.1614797922133597297 9.4151787932877351039 14.877759395459001723 51.362700551660758208 84.159779285965569784 76.928533884179913116 83.757611276645505427 81.898475383640814584 98.11514113661506542 70.53773144938303119 54.202960995795145038 23.717620710811512907 10.690640829505573706 nan nan
0.65831108193641396653 0.9989047290051898953 1.0162905404155817557 1.1535244863036739904 1.5217854845854974499 1.5692878312547038355 1.1631530511277230477 0.8216087085910732668 0.52018798540812938302 0.33721594881013250422 0.23203791882342145181 0.18607974541573349403 0.1752580413380995239 0.17759264459180906792 0.1381944536898814524 0.11874310136161600471 0.10540970474970623449 0.11531255583256704023 0.1449712632995712458 0.22446553490150247812 0.31298967216669543179 0.43972910157651801111 0.56079127764593705852 0.59530540844362556108 0.55241025718850900184 0.55155390591634334552 0.48648666525950823303 0.43315724804669297754 0.32477561845289953935 0.31576470077160906369 0.53620852349408754112 0.6454280466840727204 0.96512400512269069797 1.6349168808096297134 4.5362525847539822976 5.9318424180141029467 3.2063514108014627979 6.4873127033149682319 16.758499852714013656 11.04787612820131848 69.267182162702567894 55.853801920588686869 37.564827759450231781 77.546257124788553483 84.053236607602599406 79.271231450325686296 44.207219324784119863 18.20857866036458006 5.8769709013244924023 nan
0.58226910491376160373 0.69030657885449764333 0.84534609187971021527 1.0068030304808277542 1.1759773325085183249 1.3533473097352592962 1.1316238730118743927 0.6654018752898347433 0.4111516983680103543 0.25746940204205631675 0.17810232945850673625 0.15840650687025301102 0.18229521410468804699 0.16967419188929336316 0.16197593302021115469 0.14481158165461599507 0.13010234231929984627 0.11532916593328065846 0.15386535352562649703 0.19568451719283971868 0.27527242707476939909 0.4538334611228663773 0.69441540564160708637 0.82350079586922686481 0.94795441331739649371 0.91647795222878924992 1.1747869539637054714 0.96429209579825381216 0.74646103163042798467 0.46899061542324049778 0.59703163445973839174 1.1106029136898911691 1.9632021142211848463 3.5489242444666024845 9.4437561263797604738 8.7729626975471859396 8.2218991831319119257 5.0219692288647808098 6.3116940926429965231 19.112078516562434061 21.781766765897369709 38.164200885926035767 23.451693577136396129 100 96.211163213044727627 52.89106232762923554 29.364560963878322042 12.008260262681355712 nan nan
0.45936689447682765852 0.63251825054921118063 0.65605164576802088572 0.82065169495499312724 1.0972334545463007238 1.1353716359792260793 0.90819406166464855534 0.53733630915437513575 0.32069434912743854937 0.19405902872075220245 0.13915570055674122973 0.14839030152425189413 0.21355004515174566548 0.23465685684776066422 0.19373984773413827076 0.15960997944163074491 0.13062781300744241708 0.16705284432086442425 0.25584184141542837265 0.43441570133160289924 0.53759730699409136179 0.87657583468066302412 1.3543587249256743288 2.298523094761325769 2.8752703548690314861 3.1228193709861375993 2.9863589787754700744 2.3580208796150095019 1.7052260048661160852 1.2363811776104023377 0.95897232215034933223 1.3719981245787618018 2.9007766853641410165 7.8503188953067404299 13.899813065282097924 14.401690481970145896 9.0109640331033737937 13.589961696158589177 17.680067486704839297 15.695575073339025352 38.313076767568063019 49.781399543786825745 100 23.149571888249639073 94.269191543880083373 nan nan nan nan nan
0.47035880491168208239 0.40678170375736466546 0.57516552496897033198 0.64970805483060956043 0.89429414381689975588 0.91455577973775581402 0.72913301818835141166 0.41597571634099361759 0.2433635379108147756 0.17293524237081828177 0.11737213072433028138 0.17030204882827940094 0.26744306870083905947 0.30729466777635178198 0.25505069106710365201 0.17464920537939931933 0.19353069728436114727 0.26848694658835992044 0.53334682370703134779 0.72118729513933998998 1.1127829144120966465 1.5347398331140837957 3.3723590454104339642 6.0143639072441228421 6.2501376768702865405 9.5854340637133557124 9.6340339742638878562 7.4918082718331042713 3.8498096904727390211 3.5474398672127631649 3.0052909359421065005 1.5250561016763108935 4.8912536508298609661 7.6168229560217550755 16.798310269419538088 27.062382554651755129 28.781391820177290697 19.509971936577223062 54.768693644213072957 60.542111260496810132 98.436377802274037663 98.682081991259764209 93.435376872351241673 81.696933102172323515 nan nan nan nan nan nan
0.44583413257437332078 0.43545476925402615276 0.38296400820792175779 0.54882242428344829577 0.74279187937836577138 0.78109855691533502942 0.63436073892990807455 0.372387828187757286 0.21468845466806071864 0.13715594527272340075 0.1532742440888750779 0.21211629450523122875 0.3225273921429080981 0.25199912633793281058 0.26950042206277696755 0.39892216918649131552 0.23801908715236264058 0.50991378706775791763 0.84703033556631968093 1.6277692098367639861 1.9682019516681859006 2.829743113767825502 5.0287126779501489793 10.371190403313310213 16.685457189269886413 19.746352838188613532 19.970140976911071817 17.44842571238967821 8.893149144896160152 8.0996819449188421913 5.4837981808101616821 4.4422824503135416307 2.0297486372127684362 7.8777218198437823915 25.604274498170440211 47.750114442056869279 60.098641005956061178 100 100 100 94.659042178888938679 nan nan nan nan nan nan nan nan nan
1.1335838398845177188 1.0130908450960751654 0.68412224143661504172 0.65995347272554982787 0.9466587136837969485 0.92433365474454631805 0.84622816130124600686 0.51737325724939675631 0.29711503110219766866 0.21170305981289619379 0.22965418500149561987 0.302619274027923435 0.41494914229719181975 0.45503357316718445746 0.24673562791252892645 0.27545228068566846025 0.48950648710279026643 0.67551410871298123162 1.2631815738548100025 1.6553617733674896861 2.2795044636412411521 3.1934655993842464561 5.5314077823857550342 14.104781032780232763 24.354016920188776396 45.05055800732521476 48.961181051303640288 30.544040489837893659 29.043919314408899623 16.531392663858554215 9.5655288594012635173 6.3588363232015909787 7.1433543014855072073 13.008208016386376471 24.724715112896323177 58.105749965375011357 100 100 100 97.998960637929812378 67.685698062450128987 nan nan nan nan nan nan nan nan nan
2.7277299218002526437 2.4945342008272231027 1.9669288937794482397 1.7429136826799365156 1.4865825162850054841 1.2981202841810641768 0.9927452678791950369 0.54157830770693460298 0.41711743010658364206 0.3118983051740542578 0.23542486335129353403 0.22042737757198777038 0.24204725694205614372 0.34133668385509352561 0.21900251237575035779 0.26373123217656319062 0.63874772149351932704 0.69139774917440643964 1.2313610721487990851 0.95685414575318805674 1.1861768333367115336 1.9228453118490684837 4.7291252128759708739 11.125071739412083716 35.004123095179622283 62.057777481556399835 68.209096511291633647 58.709467120470058887 46.607721098786107916 28.128975815962419915 18.4499753353952336 7.2918299123949585905 7.1858879618555624447 18.296588756985070034 33.795775666748703259 44.450556953118478987 100 98.672487848251847709 99.521163568634591456 90.543872347415614854 nan nan nan nan nan nan nan nan nan nan
5.6383278944344503714 5.3272580505677709084 3.6383198587836500515 2.6082242051060617882 2.1953862734589004724 1.5553566723341114564 1.1107136788977429731 0.72942304160433013571 0.57536380435137701728 0.51897356408780859205 0.22973526336994390395 0.2017036669860916287 0.31116416263169288658 0.23687471441518773152 0.16998035825077936756 0.1925221731787859214 0.36302735151639009548 0.39731115610105077751 0.58841405888416986603 0.5973678842966704261 0.73678597212466678812 1.1869579605923112897 3.0068069041242950767 15.319469773418806113 29.481154006218044827 59.729367798972603509 69.542883589481135687 57.894847648720741518 24.347657044163572237 36.380204130204035096 25.41477269380881765 17.388183837854690239 17.372567900037470423 27.470652151443346156 38.543201101046960844 52.000205850225597715 69.123429497618374739 80.21314562218405797 76.201721044046664133 42.497631628442668728 nan nan nan nan nan nan nan nan nan nan
9.9053220943623472294 8.6544164562952214936 5.8219520056045377387 4.7294859310151684539 3.2949138314287260698 2.311009303229476064 1.4352556912271110523 1.2918283689777845247 1.2697755903212426531 0.64306155984948232263 0.30952021731847478847 0.19512532691808784358 0.49941190794655382357 0.17352455164246496921 0.11227956479550067759 0.16742236637548177369 0.19219740517396724511 0.20864024383569168553 0.26123747332153940404 0.26748961047368652322 0.36997476447450228232 0.97346841345346812879 1.8141209081061175912 8.0576580723591515465 23.336170210480176479 34.660082754262980131 43.50245901503975432 41.542936386984266051 24.324916424993741515 26.63035635831727177 33.069398097234454781 25.840563923260045698 26.332782546597872653 36.475855706328964345 46.02292760140272776 54.257153914429586905 60.48684945259334711 48.106145889532243132 nan nan nan nan nan nan nan nan nan nan nan nan
13.807031715150539952 11.645372586875522458 9.5520547965711095628 6.8928013082286314628 4.7701326706239761677 2.6472861155427511726 2.2993352900315411347 2.1578503520973186802 2.4829316236668641515 2.2128198217226855427 0.60336548516115640073 0.55640102194963625415 0.28534422920756402631 0.14259288689434251873 0.14062829181181948912 0.12338900961233992271 0.16878138761647926147 0.16627985934743186314 0.16394442580981657964 0.18458574615825024123 0.36809826998674533005 0.69053134441628372109 2.1105688391651877822 4.8853383041565994205 9.370892314878060958 14.970813800857238007 30.097583714031067359 35.318481972750142006 44.126420926445710791 43.4025008923362563 34.618661985115480206 26.524444431700185731 31.097265224927525651 44.796242737481364315 72.668846417478363264 78.818011597304590055 65.349270199778359824 30.63641691128653477 nan nan nan nan nan nan nan nan nan nan nan nan
15.058489826953818991 13.684341601709766323 11.379458747752625669 8.9890558165382454803 7.2415471224672494088 5.5541005746300058377 4.7930655491680607128 4.4988389437259765913 4.5319640125713167578 3.5788370318073723375 1.646023882593051102 0.48706956846259474858 0.37152749744907204166 0.28453892568786620654 0.34900490124172134365 0.33600245890158492168 0.2890219461488866548 0.19201843726994102801 0.19665618253445152352 0.20503351843611225536 0.30311496828155182204 0.62798346083693978859 1.0408097162909977218 2.5180961333319213935 3.23338223613493847 8.387844438385764434 17.842642528596591944 35.444342849754072233 39.577519753488523691 35.580249327615391053 34.075726503853019267 28.233911800768083822 37.233299534078469151 69.087273141954980815 100 100 76.531746807487053275 nan nan nan nan nan nan nan nan nan nan nan nan nan
15.922458960794424243 14.722784807649228256 12.206050600635451886 10.177168423852183565 6.9292092415321633325 5.4728908173090884404 6.2861960150785689549 7.6036681132548151751 7.7729587802585911049 5.3084836465897939917 1.7320336166514234133 1.0055290506916372273 1.3296878667736105051 1.268518689210809125 1.0332505989212346087 0.78073085314551926572 0.58668972584917633561 0.36301722788140056153 0.22763187797320780237 0.18572563150394003073 0.2148602361745566014 0.40244828178078817515 0.87100816347844856047 1.4992072246620951059 2.4259605945125990445 3.3551412332795491622 10.901730012318276763 5.7317167339315213681 16.69257477592960015 28.256927327104762071 28.17065285438218325 29.352880189965645741 45.913215426174261324 82.343700851101459648 100 98.325976906163560898 63.124983866240413022 nan nan nan nan nan nan nan nan nan nan nan nan nan
