src/SDSim/tmp/apis5
ncols        196
nrows        122
xllcorner    -12.166618000000
yllcorner    34.999860000000
cellsize     0.083333000000
[rows 44 to 65 of 122, columns 0 to 49 of 196]
nan nan nan nan nan nan nan nan nan nan nan nan nan nan nan nan nan nan nan nan nan nan nan nan nan nan nan nan nan nan nan nan nan nan nan nan nan nan nan nan 0.18298688993057016239 0.87328927225270625012 1.9434614280444761913 4.5236456794962087713 4.351418019188070474 4.5625652242794627611 2.5171157537322104147 1.2716483654850969653 0.80339715796376598433 0.39388119337030691458
nan nan nan nan nan nan nan nan nan nan nan nan nan nan nan nan nan nan nan nan nan nan nan nan nan nan nan nan nan nan nan nan nan nan nan nan nan nan nan nan 0.097581970432037645757 0.42427812727980718233 1.4817218638820692789 3.4420457244773983163 5.9900451903824389888 4.5227210751456752291 2.3610735682701133875 2.5823291757707984573 1.1270169209660974019 0.88438927642778919491
nan nan nan nan nan nan nan nan nan nan nan nan nan nan nan nan nan nan nan nan nan nan nan nan nan nan nan nan nan nan nan nan nan nan nan nan nan nan nan nan nan 0.25386508040576982737 0.97214050318294531472 2.7057142438579901977 2.5683737612175812082 3.1603094696998588198 3.175987600542914624 4.9065331663802220774 4.7603158824012821171 2.5769473807236797924
nan nan nan nan nan nan nan nan nan nan nan nan nan nan nan nan nan nan nan nan nan nan nan nan nan nan nan nan nan nan nan nan nan nan nan nan nan nan nan nan nan 0.1345278583521193061 0.51476566790266609086 0.93711443068081590191 1.3621121747541002911 2.2271491155956746333 6.6989962032151648685 11.082028119089304852 7.9731547362965704551 3.0339068744494959162
nan nan nan nan nan nan nan nan nan nan nan nan nan nan nan nan nan nan nan nan nan nan nan nan nan nan nan nan nan nan nan nan nan nan nan nan nan nan nan nan nan 0.053718579319027966179 0.13727201518664833291 0.28218006283783803045 0.65413629062792155722 2.286950994646059776 5.1389314987906926646 11.565415898550158502 8.9864755090675085825 3.2396438050602727188
nan nan nan nan nan nan nan nan nan nan nan nan nan nan nan nan nan nan nan nan nan nan nan nan nan nan nan nan nan nan nan nan nan nan nan nan nan nan nan nan nan nan 0.027070786356587491633 0.079494103071494959245 0.3652281252069015105 1.4099689678223075173 4.1749569665129024898 7.3893033110572678979 12.156788974682926963 8.1126172147969590753
nan nan nan nan nan nan nan nan nan nan nan nan nan nan nan nan nan nan nan nan nan nan nan nan nan nan nan nan nan nan nan nan nan nan nan nan nan nan nan nan nan nan 0.0072941666546713513491 0.049198921814211545034 0.26082445737139536845 0.99050614931443881073 3.2673357875015924812 6.5893108357889644822 15.721848734022008998 12.104286299179907616
nan nan nan nan nan nan nan nan nan nan nan nan nan nan nan nan nan nan nan nan nan nan nan nan nan nan nan nan nan nan nan nan nan nan nan nan nan nan nan nan nan 0.004862347428456407876 0.020798566812427130013 0.089191344055579185879 0.38944540761096824166 1.4766263039835925142 1.777970746095133503 3.3557720199925440419 5.8897295657116623957 13.205123184888467591
nan nan nan nan nan nan nan nan nan nan nan nan nan nan nan nan nan nan nan nan nan nan nan nan nan nan nan nan nan nan nan nan nan nan nan nan nan nan nan nan nan nan 0.092508281049356821946 0.31452211212719427547 0.90769323596786000152 1.5502640313040094711 6.962426249579462656 7.684372139934182222 9.0555601088150599054 8.1987553425914487804
nan nan nan nan nan nan nan nan nan nan nan nan nan nan nan nan nan nan nan nan nan nan nan nan nan nan nan nan nan nan nan nan nan nan nan nan nan nan nan nan nan nan 0.28219900822555099573 1.1024926076012362408 2.6806073479193401887 4.8396903366596291107 5.5802001679103607756 5.7124377592100783474 2.6154331811085329562 2.8277039997046906628
nan nan nan nan nan nan nan nan nan nan nan nan nan nan nan nan nan nan nan nan nan nan nan nan nan nan nan nan nan nan nan nan nan nan nan nan nan nan nan nan nan 0.30302763808378435639 0.52600822012629167013 2.2343068728653197041 7.8214559428088312742 8.4795387983053718273 6.4666386446347843275 2.2949909051602985777 2.1568108527856884038 1.1594999168859940752
nan nan nan nan nan nan nan nan nan nan nan nan nan nan nan nan nan nan nan nan nan nan nan nan nan nan nan nan nan nan nan nan nan nan nan nan nan nan nan nan 0.67192875470911095359 1.0077700402976279559 1.0647451536398884198 3.1044445151029176344 9.4552562106615472004 19.786226051178893215 9.2202620780567627889 3.2536862361207656846 1.8194664512158587044 1.4995516729642661691
nan nan nan nan nan nan nan nan nan nan nan nan nan nan nan nan nan nan nan nan nan nan nan nan nan nan nan nan nan nan nan nan nan nan nan nan nan nan nan nan 1.9804748265911922278 2.6738208494457191833 1.8491911571994614771 3.1950098514882401268 9.1010170733371182905 9.5229058483709199123 10.334128136406187437 3.4905580809580638579 1.6746609847199478427 2.871178491057778448
nan nan nan nan nan nan nan nan nan nan nan nan nan nan nan nan nan nan nan nan nan nan nan nan nan nan nan nan nan nan nan nan nan nan nan nan nan nan nan nan 4.3021139874776510581 4.1852727514806531417 2.8191743980472048214 2.7089602896610416316 3.4698002841191959433 3.3597016533224159929 3.4160300704936363836 2.3921779462145074113 1.5496216686472170654 1.5453025200124921312
nan nan nan nan nan nan nan nan nan nan nan nan nan nan nan nan nan nan nan nan nan nan nan nan nan nan nan nan nan nan nan nan nan nan nan nan nan nan nan 2.9318060028161343489 4.9461123621909885983 6.3334352062438297182 5.4808338290985343377 3.4788029138387757122 1.6493607169309496552 0.88899651923313316448 0.77434136917802587341 0.65261135438902839745 0.54498461736806103062 0.59272772093263093041
nan nan nan nan nan nan nan nan nan nan nan nan nan nan nan nan nan nan nan nan nan nan nan nan nan nan nan nan nan nan nan nan nan nan nan nan nan nan nan 2.3879619257545163791 7.058281492468863938 9.666194303097583429 10.411051099242968121 5.6017704437167736842 1.8195244117029756303 0.43235379257751266335 0.16714033806912956259 0.12522640099723511553 0.10756227758085526447 0.14495163879584946343
nan nan nan nan nan nan nan nan nan nan nan nan nan nan nan nan nan nan nan nan nan nan nan nan nan nan nan nan nan nan nan nan nan nan nan nan nan nan nan nan 6.6705956634281511342 13.800116909724772896 10.16006702587294086 6.392922440359020797 1.8833074109800664875 0.62075240030156964011 0.26126636771558020556 0.097153581022474233553 0.054661072879269689828 0.076210215186572838331
nan nan nan nan nan nan nan nan nan nan nan nan nan nan nan nan nan nan nan nan nan nan nan nan nan nan nan nan nan nan nan nan nan nan nan nan nan nan nan 1.7767785648126155351 4.9938719812264587006 7.4344232227188733475 8.6297475743160863004 4.0260784882219562419 2.2396837502572339851 1.6760729350674046234 0.55128289528636043038 0.4263888898556725815 0.19474275501050733461 0.27695797141796774099
nan nan nan nan nan nan nan nan nan nan nan nan nan nan nan nan nan nan nan nan nan nan nan nan nan nan nan nan nan nan nan nan nan nan nan nan nan nan 0.26334300475352967474 0.95646780960261024163 2.0266109260212794574 2.953201186016265023 2.8667933621089289886 2.3578502863609789308 3.6003139333532261368 3.8357827869825671385 2.7942826876447082185 1.482164927029156809 1.0132537503986571714 1.1799499192917266566
nan nan nan nan nan nan nan nan nan nan nan nan nan nan nan nan nan nan nan nan nan nan nan nan nan nan nan nan nan nan nan nan nan nan nan nan nan nan 0.14331162150666626465 0.31779720799964489286 0.51668072881233484406 0.65613732121063650382 0.81530611149588383402 1.6055554236167974835 3.7808931605636275641 5.8954257186995686624 4.5458216922540479743 4.8385642911176018899 4.3206048845719502438 2.5682208496131435638
nan nan nan nan nan nan nan nan nan nan nan nan nan nan nan nan nan nan nan nan nan nan nan nan nan nan nan nan nan nan nan nan nan nan nan nan nan nan 0.28310266446842352606 0.40683505024224791979 0.33376656108659369382 0.21128956515996580312 0.28386856800844850746 0.88385692342023236545 2.6162768272546288451 4.1567628749324594395 5.8695923169871093705 11.19845475990415018 12.350209611165180235 9.3250344775755102944
nan nan nan nan nan nan nan nan nan nan nan nan nan nan nan nan nan nan nan nan nan nan nan nan nan nan nan nan nan nan nan nan nan nan nan nan nan nan 0.95791497258766522549 1.3010917537911319553 0.81401009477294983263 0.30038538271694492643 0.14536131824710854521 0.468468219459534152 0.9830887057254982242 1.8955517063158295876 5.1650750717162994263 12.004100164520510319 23.74622807327693863 12.526801488299149412
