src/SDSim/tmp/apis16
ncols        196
nrows        122
xllcorner    -12.166618000000
yllcorner    34.999860000000
cellsize     0.083333000000
[rows 44 to 65 of 122, columns 0 to 49 of 196]
nan nan nan nan nan nan nan nan nan nan nan nan nan nan nan nan nan nan nan nan nan nan nan nan nan nan nan nan nan nan nan nan nan nan nan nan nan nan nan nan 0.72431506704190651291 1.7874633781202322602 2.4549487714901552238 4.2306207856516193644 4.2732394850357815486 5.5462776247458327461 5.3013767197825290012 3.3591973672036341547 2.2221836452536192219 1.6112945972075602974
nan nan nan nan nan nan nan nan nan nan nan nan nan nan nan nan nan nan nan nan nan nan nan nan nan nan nan nan nan nan nan nan nan nan nan nan nan nan nan nan 0.51686108502536098896 1.2956234609975780803 2.110922446333294733 3.0126935126443603608 3.9689287976967473348 4.6439019339884310966 3.5701190020786439661 4.9788796247362521186 2.3995002884741807314 2.9944431706969978357
nan nan nan nan nan nan nan nan nan nan nan nan nan nan nan nan nan nan nan nan nan nan nan nan nan nan nan nan nan nan nan nan nan nan nan nan nan nan nan nan nan 0.89284405973761049591 1.5761243713197417016 2.3844567932904325858 2.2720357076590667056 3.0268322632419635276 3.0796736529806407745 5.0749664675030707883 5.9270657278026499526 6.9404173458646987172
nan nan nan nan nan nan nan nan nan nan nan nan nan nan nan nan nan nan nan nan nan nan nan nan nan nan nan nan nan nan nan nan nan nan nan nan nan nan nan nan nan 0.57889827804597215888 1.1561443494162164658 1.700612018729656727 2.2618280402259083317 3.0598927971843572493 7.0256541805668240031 8.8174315488726797696 10.208277854881098179 6.2814032370236860814
nan nan nan nan nan nan nan nan nan nan nan nan nan nan nan nan nan nan nan nan nan nan nan nan nan nan nan nan nan nan nan nan nan nan nan nan nan nan nan nan nan 0.36461092565489255923 0.79935377029920229308 1.4485621702938311639 2.4737554267872510216 4.8927600752415161267 6.3677966523297193646 14.634753392386837589 11.277552199012417233 4.983323363587756738
nan nan nan nan nan nan nan nan nan nan nan nan nan nan nan nan nan nan nan nan nan nan nan nan nan nan nan nan nan nan nan nan nan nan nan nan nan nan nan nan nan nan 0.54796244567761354105 1.128606582832076155 2.1907501308099721626 3.9626746550865434848 7.4460389708645973172 8.6480844370265028687 13.174165077423598547 8.591137054932376671
nan nan nan nan nan nan nan nan nan nan nan nan nan nan nan nan nan nan nan nan nan nan nan nan nan nan nan nan nan nan nan nan nan nan nan nan nan nan nan nan nan nan 0.47183183214747670409 0.97851382894383576172 1.5024006494824617697 2.788862785730006788 5.131294540648863034 6.1426841859568410698 11.433199918694489483 10.486575129875269852
nan nan nan nan nan nan nan nan nan nan nan nan nan nan nan nan nan nan nan nan nan nan nan nan nan nan nan nan nan nan nan nan nan nan nan nan nan nan nan nan nan 0.19320918694392780202 0.58875949074917821591 1.1759490840991555505 1.9341107691128318624 2.5025356422075648588 1.5296932757494097199 2.3266252054267599902 4.3595679427117781657 13.195494715389067153
nan nan nan nan nan nan nan nan nan nan nan nan nan nan nan nan nan nan nan nan nan nan nan nan nan nan nan nan nan nan nan nan nan nan nan nan nan nan nan nan nan nan 0.87817450402827657019 1.9498779604090195061 3.0991134288098463045 2.2502732867285817342 5.6112430901624215096 4.2535067252020892781 7.8209362949322143166 11.888132147883357703
nan nan nan nan nan nan nan nan nan nan nan nan nan nan nan nan nan nan nan nan nan nan nan nan nan nan nan nan nan nan nan nan nan nan nan nan nan nan nan nan nan nan 1.6679104366339729815 3.185971064595946256 5.7305462243873410699 6.9226528427496374363 5.0601049167204488199 4.8151302248352081392 2.8615936393587495523 5.8961997932124248223
nan nan nan nan nan nan nan nan nan nan nan nan nan nan nan nan nan nan nan nan nan nan nan nan nan nan nan nan nan nan nan nan nan nan nan nan nan nan nan nan nan 1.2624929670859441622 2.2280038155241408404 5.2146677015307423275 9.8923721431360078782 9.4398626450487501671 6.7169046281068798265 3.3223619971956770414 5.3325299059801523072 4.6994500209426632864
nan nan nan nan nan nan nan nan nan nan nan nan nan nan nan nan nan nan nan nan nan nan nan nan nan nan nan nan nan nan nan nan nan nan nan nan nan nan nan nan 0.92913946748986586677 2.1791699873622629724 3.7758099024240934227 7.0029514348431014525 12.43028656634390039 16.384681700508558322 11.676529165235010055 7.2355186336627754784 7.5896014378050233873 7.1471592120135651882
nan nan nan nan nan nan nan nan nan nan nan nan nan nan nan nan nan nan nan nan nan nan nan nan nan nan nan nan nan nan nan nan nan nan nan nan nan nan nan nan 1.8148540060494073867 3.6458612719879921471 5.9859129187473971712 9.7845549283642405669 14.492967033064267923 14.029220968261073565 16.743752150372202436 11.531891231315551494 8.5146210104929842544 9.6483558051105848818
nan nan nan nan nan nan nan nan nan nan nan nan nan nan nan nan nan nan nan nan nan nan nan nan nan nan nan nan nan nan nan nan nan nan nan nan nan nan nan nan 3.3127497194394965874 5.4691266186204892108 7.5505776050316626424 10.443703511033440634 12.664852741006205505 10.154216083800870152 13.170274530275856151 12.414431809071730939 9.9333153429964280434 8.352375241473877665
nan nan nan nan nan nan nan nan nan nan nan nan nan nan nan nan nan nan nan nan nan nan nan nan nan nan nan nan nan nan nan nan nan nan nan nan nan nan nan 2.4142676606438864262 4.6416708137186617478 7.0697125689340634125 10.498047644749208374 11.306516799695080167 11.43813377946116816 8.9060801902618944581 9.3885264742945579997 8.7091891379816210872 6.9917668092427494031 5.7673499688317031442
nan nan nan nan nan nan nan nan nan nan nan nan nan nan nan nan nan nan nan nan nan nan nan nan nan nan nan nan nan nan nan nan nan nan nan nan nan nan nan 2.1982830430541535627 5.7143037494496002893 8.9904984077310636792 12.068856351628797441 15.639145419782590096 13.632357340854294847 10.464029784022695679 7.622921688209615354 5.6992053740967758557 3.5508119078611866115 3.6481195039526537194
nan nan nan nan nan nan nan nan nan nan nan nan nan nan nan nan nan nan nan nan nan nan nan nan nan nan nan nan nan nan nan nan nan nan nan nan nan nan nan nan 5.3454962965292152077 9.1017186869668034177 12.371894692111014891 16.516032408303679802 13.686100976069210944 11.549711204755814364 6.7580275716600866076 3.3929420352715320419 2.129847290251810854 1.4679166153282467988
nan nan nan nan nan nan nan nan nan nan nan nan nan nan nan nan nan nan nan nan nan nan nan nan nan nan nan nan nan nan nan nan nan nan nan nan nan nan nan 2.1463421616702826888 4.2553061836513190741 7.4021212654461372438 11.788064059620104729 12.227847353050997015 12.584955782058612428 10.618385743075167582 3.4692527402820432236 3.9654554762898146514 3.5854636516888525044 3.8015295180698887023
nan nan nan nan nan nan nan nan nan nan nan nan nan nan nan nan nan nan nan nan nan nan nan nan nan nan nan nan nan nan nan nan nan nan nan nan nan nan 0.64810679474205579176 1.6569692995548344072 3.3157150022363719444 5.2916664471196215302 7.5330842907700699129 8.129754905829255307 11.240011462603415993 10.776605948694196968 8.8538076063234161239 8.939434901908448694 9.5203054966814484317 10.590177492189139841
nan nan nan nan nan nan nan nan nan nan nan nan nan nan nan nan nan nan nan nan nan nan nan nan nan nan nan nan nan nan nan nan nan nan nan nan nan nan 0.51561017643065365501 1.1809273040664409749 1.994632169457939197 3.1625683374430404449 4.6984968818396479762 6.9373904903594638682 9.7802441178752896889 10.328731952379760273 12.826769132919103811 18.645310337628359321 16.742216299880766428 10.450402144003543725
nan nan nan nan nan nan nan nan nan nan nan nan nan nan nan nan nan nan nan nan nan nan nan nan nan nan nan nan nan nan nan nan nan nan nan nan nan nan 0.38869653382440844114 0.80516928194273873487 1.3859487591021002473 1.9000090725225156074 2.9400064493913111718 4.4018288906457296861 7.2341199182197257755 12.307523300404207944 17.068740008783549911 24.180616735902766834 25.799964085812696624 21.238174634705469401
nan nan nan nan nan nan nan nan nan nan nan nan nan nan nan nan nan nan nan nan nan nan nan nan nan nan nan nan nan nan nan nan nan nan nan nan nan nan 0.35688198194658837803 0.70639039219024268856 0.93723147971792875044 1.2763417687986025051 1.691625235294841989 3.3547202843235783831 5.9468214250692170708 10.031878894315239492 17.93371324806648559 24.521543268028423768 30.193803709522711642 28.841513288420909333
