src/SDSim/tmp/apis7
ncols        196
nrows        122
xllcorner    -12.166618000000
yllcorner    34.999860000000
cellsize     0.083333000000
[rows 66 to 87 of 122, columns 100 to 149 of 196]
0.68364353678712319606 1.2927299388904467392 2.0983216319286177587 2.5741836821767432042 2.7457518087843331145 2.3790570352656708053 3.0618521064239367924 2.3323964404523342964 1.5567788833291333894 1.0742070228100550899 1.1668275620330819109 1.121565227238331186 0.82478942075328620653 0.53184418884952977535 0.22874435938774329014 0.1906695058152680089 0.31012601379764997978 0.57492349098470207913 0.68171669778098875625 0.74562802662464966463 0.49831729688665127309 0.27823301978869618978 0.16138051434107567039 0.12770194663447118066 0.11835548205048614101 0.14343046495343311775 0.10204114102565732536 0.089685950645067596954 0.033078283778525632841 0.013750005656105169366 0.0086281723486965073572 0.0093497001592920750412 0.010339122847576858594 0.011288438356894416395 0.02145992318252250633 0.031637275542249196358 0.095487516173801439967 0.19260625501748082633 0.24910147948174632404 0.2156071051120556914 0.14787051443516177618 0.086747724193817238314 0.048415432473205836927 nan nan nan nan nan nan nan
0.32829715705604467502 0.65220598604505608531 1.1260985481689140819 1.4574525775582374276 1.7725959245147100418 2.3442133832046789799 2.5493756798298794486 2.4965864988511894396 2.0026593687291112111 1.6762406568085521652 1.2609687756526419822 1.0835811930314402929 0.7843581379081840943 0.53117173796084604653 0.25037683689089013095 0.16456166268030300581 0.36249063203917319953 0.66630251260704620453 0.94439750738081229553 0.90573718275187231619 0.71716907685808350958 0.46104891443917783711 0.20377857673376301162 0.10601098736011257961 0.094224952952068827261 0.09384521763841685571 0.087374870722265504663 0.064033429284991519315 0.048924604019221495932 0.01528051143033463781 0.0044279835191414970708 0.0024917653178494606793 0.001941825765159629338 0.0015572966529600440044 0.0036069622536897875086 0.031812788310204044573 0.15990216787679928379 0.47654797625833672514 0.6031703893890922874 0.68126223332341273586 0.66743295434774685404 0.46672141126587246562 0.2374354323485271534 nan nan nan nan nan nan nan
0.12865647066933952325 0.22353952503502469429 0.41455455499649290774 0.59946423956202643524 0.89700913270603288563 1.2464557379236658186 1.7724848390830867384 2.3228488755579426162 2.4370662749938771796 2.2800126155638356096 2.1977625457598461978 1.6180743486950079912 1.2713987186224831039 0.65865609060395946539 0.28100077407890378112 0.18178672322590860855 0.35758395501541634376 0.80802530345683865054 1.2634807023111600532 1.2893383452738129691 1.0657831710405538672 0.71163658358313541807 0.30429892254888096792 0.12515217772317205336 0.093372272228272726324 0.10514114075798360048 0.10737308226469587102 0.11748888541846409794 0.080541291772689940776 0.032404188453413314275 0.010407674036109959212 0.0028159076022408044068 0.0012692660300323947709 0.00093882270956119698042 0.0034909556955855327622 0.018341819191886390983 0.18203563189718660609 0.58874416031614196232 1.2311203843986351369 1.8614653328674362065 2.941646813063741206 2.4920909375267390473 nan nan nan nan nan nan nan nan
0.11365498986480163102 0.11979937026111790732 0.19199578955822488302 0.29688201691309690222 0.56819963851492405471 0.88404416686940634484 1.3896463093392776855 2.2625011686599778571 2.2926761327884292996 2.7110569820717955736 2.8495096565118731569 2.8275748417857506922 1.8823657965455184993 0.96968621871527871381 0.31632695780245662087 0.16901403537562922907 0.338926969635752251 0.86849834322632180061 1.4224631733537789202 1.7347536444249507248 1.3910936807906206791 0.8234875855208924067 0.39826541964613898505 0.18501091110951412011 0.14389808356345865081 0.16265957900961020011 0.18040262355024361263 0.19721375358584347648 0.21650405599570896054 0.084003176744989013769 0.030149496326737412755 0.017275199409102472148 0.0088950486719412691361 0.0059479331054034080897 0.0046259962690536077928 0.026850345564478399207 0.18892875811668938257 0.54258791202121492425 1.2349649949093297607 3.4502675581502622038 10.352421335978304384 9.193210786726803363 nan nan nan nan nan nan nan nan
0.24476998615321768349 0.20262907043092071024 0.2704068801675618694 0.57841654112432439039 0.92471058174859799283 1.2141431332087446737 1.8239018210078428162 2.1339290794796914597 2.3976610746849198463 2.7481093413904247313 3.3838474723309004411 2.6663094228080046477 1.9942412444209496325 1.0281588572776676482 0.40798965199578268725 0.16101800964372325886 0.28394667643317589301 0.75163808075634597206 1.3313553424744040132 1.5257729340154428943 1.3773763667704548297 0.91888289195705774581 0.56929015432396201657 0.39319196188153560101 0.34695924783567327898 0.33045354459103848388 0.35208496357899254914 0.34845499640646221406 0.20081317049625993509 0.15488364834533455139 0.10675159821863222653 0.083630351495531232708 0.062472268095876408445 0.022548475845982782206 0.01740617799348519526 0.041095050788109856177 0.08162002513133743975 0.34159111180052786905 1.2619484388655088924 5.6304293312098021573 18.581152671087718176 33.322866722088527069 nan nan nan nan nan nan nan nan
0.60828522360173020722 0.56517250449094169618 0.80025388661542062874 1.545926232212222029 2.2495074391160181371 2.6944903432602846927 2.6706150239199302199 2.2163586000864339276 2.0059693976385091219 2.1802621789899951921 2.7009851301174458982 2.2951824642060834059 1.7288628624337554207 0.9428928963749820813 0.33201249618394002017 0.13822282001149838182 0.22677387032694826252 0.45027845864172783008 0.81831021750686516736 1.0762889427047344082 1.1451153961614077836 1.3961952935514019281 1.102468832762550921 1.0466525595681246408 0.9602348657621755379 0.99170476089242454165 0.73698513543693144889 0.83690333260055149722 0.52357661463513671674 0.3787906738956889896 0.21159833977066722088 0.15201423259789800801 0.12854689273654268389 0.17904094531225420162 0.067416280397917902056 0.052111995726540211171 0.15507100090451836349 0.28792323073488623741 1.4013301255122305733 6.5960113842311960397 23.847080969056534627 47.079620298705769699 42.458782876227530778 nan nan nan nan nan nan nan
0.98495863889962009807 1.3782569640112432019 2.1791998769917024781 2.8536050144607925105 3.7813665307163311091 4.2302519671001803658 3.7662161135600360495 2.7607590559506083316 1.9066405263565593398 1.5282275914994447596 1.8681224886500640281 2.1594788143214933562 1.7323409965618006279 0.7972728940861451008 0.3127990448517957156 0.1128621576871994131 0.12252924218872698892 0.24687943331663103619 0.46285950969258449206 0.87972845135436195108 1.4594860620864498202 2.0674217834893959811 2.3535587041619616677 2.593782720178327672 2.1097469931790842068 1.9938246781059945079 1.9424307584071940358 1.7989288126776574739 1.1851003408017657392 0.63319323748734446244 0.37563970195299101196 0.31096051460127144273 0.34614474584575927185 0.45437657343909537699 0.18354144872384103859 0.31348414137235369736 0.42213511306412737634 0.74749107260262914743 2.0168231938846057361 6.8996094651607560166 20.584115417134213999 46.567517078893885696 38.451447132187681177 nan nan nan nan nan nan nan
1.5919398136558045032 2.4977013555168912085 3.1677172455091802128 4.0940101109119648726 4.5685372952067604402 5.1347289578956587519 4.6983504081795510743 3.4235126205055790294 2.0043042778526123371 1.5828498547014102638 1.662398783394762436 1.8011724112541886988 1.4849684388287782699 0.78287941403024263742 0.31359219783750763577 0.12152551223382357382 0.084124232173556579006 0.15128779684819140816 0.36845793987804326131 0.9043351290643234508 1.7912687276597032415 3.264477145589517626 4.2507747086438847361 3.3561420143729163712 2.7630213522370121737 2.8945266481509732692 3.1586608272030702871 2.1755361841508609189 1.2064423792631342458 0.77568855128078406658 0.5860542765925093045 0.45762611502960537369 0.79507022987712350215 0.85118478106379624748 0.75819676452542261735 0.92964891305031471802 1.1728227847865633215 1.7533615545927763169 3.6631614753498382697 8.478654635764433678 19.535905847981862138 27.642384343184669859 18.676131062891673906 nan nan nan nan nan nan nan
1.7395677882643365564 2.9562175554750775852 4.0692447954759582984 3.8971371047546456978 4.6396723315246237718 5.2392931303871854709 5.2292940848005100563 3.1918337030431844781 1.6831724926033508893 1.183967232695009697 1.2764778703344310529 1.3925111400667451456 1.1565839068915315657 0.768448322493143543 0.35555667970954868418 0.16217470517460780277 0.10253211152050725752 0.17319893188827467645 0.41508115657262173448 0.9508334515257631514 1.973502800202379337 3.4334162311738669615 3.6077281990634628706 3.1779394953031161464 2.3138804063867084437 2.1977287178347713059 2.4470783218482505816 1.959679641736112865 1.123566812029950901 1.0234848228106980805 1.0719048658675687236 1.1800516250157742082 0.80458253433210891181 1.8859954543398655957 1.7127449341551366224 1.6589967236637188641 2.8278717265255051139 3.5422508410411497337 6.6512347750413756131 13.627201817190224276 20.485598223541398255 21.912878255975009267 17.842876273613960336 9.5235197739280454954 3.1089513800158314893 nan nan nan nan nan
1.4039207818461219013 2.512923656664105998 3.2240472971899869492 3.3682553508641066564 2.911296252347285396 4.3993447000613326026 4.1683845237480916524 2.5162176947972261232 1.303025272027316106 0.79907398647116989476 0.75878582076223644037 0.81765525472648037386 0.77844158233219495902 0.71975782755097239551 0.47294325155990751819 0.30493746571565444325 0.19635518548427488561 0.20010266081036751085 0.44467259197207686938 0.91719305553549501653 1.4699368744438099377 1.7290001633482070531 2.3220075305588183667 1.4913514221815673544 1.4371751626889728293 1.6607185589444644069 1.7959027790401005387 1.5102089976171473307 1.1248125512412132654 0.98470683288912264075 1.0953119500862755764 1.2501710018297296223 1.2938272100312644408 2.3018706065321077325 4.2361924862753523868 5.692810642700599999 3.1735562028009134394 2.6737047951320849215 8.31157507892100611 16.345246686317782547 17.643620421090815853 16.521659748724104588 14.246089311328704596 11.256773384035007268 5.298856568476603357 2.3409900484424599476 0.61804631683205901727 0.1669209728561904249 nan nan
0.88072861633422427907 1.7697233530326177409 2.1346127844634463777 2.5343585748405810243 3.2592453420568889833 3.2512418938807701174 2.3284048662940088903 1.4966052995226166722 0.79064080030986361169 0.4219609135698279001 0.34460987190945374659 0.4055633506580937353 0.54900681804364259708 0.75143268209697644533 0.66435940805188442582 0.53164209160437603252 0.32583225579547164807 0.25316782149653360712 0.34826989288207216289 0.64204726509978105042 0.83111553977190910647 0.90626460601763503266 0.82492040025225121802 0.71596927562421985858 0.72815747191028767915 0.93970534594340748846 1.0087886208953511513 0.90806427413351176181 0.68397034991694716233 0.64230588248550757324 0.97863865859819698656 0.87197089435393970724 1.0302757808295190944 1.4783308466897100431 3.6696979921004637681 3.8532712134270936666 1.488339894956316245 2.1312827846287878408 5.0455813791903878496 2.9205733360709542623 17.886491705550774611 13.610112087398160696 6.7821394670017713935 10.311174963301615648 8.6003060781620117581 5.4136501591712251624 2.0063069481490951596 0.35788106008006737024 0.051978902992722876564 nan
0.45631732363311316991 0.77626712016624543899 1.3101739195038213381 2.0160125650549129972 2.6153585059163475535 2.6833344547854873774 1.8523516073711459029 0.86556255020580785686 0.39443407381430423131 0.18675316199946936924 0.14006746695329419516 0.23176095129729240574 0.50322233261844462326 0.72063689734192459824 0.88508661409724087576 0.7285744859306797494 0.49207655083319712386 0.31051694319821004919 0.35783041499765189108 0.43056270430250609405 0.53130293874965583978 0.64871124493254705978 0.65822160800226825472 0.50988844303117197843 0.45977387137263631134 0.43142299791668775599 0.58970298350839212009 0.51423192752664259597 0.41882382930937195331 0.31351797472735148942 0.42389474424985595924 0.71105892221666366915 1.0341826306868395768 1.5443861349639567138 3.4449766165780890681 3.0524609483948390576 3.2553266492256280884 2.2320085502307818182 2.7649395358962118863 6.1469452902834342822 5.4739732924451613982 10.094645973377948778 5.8296132532801063775 26.56814502023041058 18.663345906565030674 8.9516727120469568035 1.7190969708037011632 0.28808606555416044204 nan nan
0.24201264373217953874 0.49097916098627236714 0.85247847778762508852 1.6034798984703524383 2.5090827006300329138 2.4804344148659347447 1.6013425227940316642 0.6531181057978777682 0.22864004480309765843 0.079623190256507908602 0.064022463710093152622 0.16638377668555964783 0.45524346441035618005 0.78912081524503496777 0.81122408488665087578 0.72932456344129148462 0.54120831678824365962 0.55438056572337790495 0.65215978866471191466 0.93893743608296031944 1.0130499482734982575 1.3187531082851435826 1.3087016853101074432 1.3766283182537677465 0.94853843921609160006 0.64171643327054495032 0.45383755711165846281 0.29606604533630875853 0.18774756898341271594 0.17799035199062795964 0.25343204811787151121 0.69614324032620111815 1.4770950631287009802 3.0182949339847811032 3.5954580330913410435 3.1604739467521336671 2.2082609336104894737 4.0168027549083227257 4.8390211988519560293 2.7434321291965275691 6.4171594245874175044 12.624860521088898224 49.169120174513075483 7.8382157658263906796 34.696043987626040916 nan nan nan nan nan
0.21642047143502382567 0.26311070150270871038 0.63821070106198063421 1.1300128086674252614 1.9553264010830206932 2.1075889685476369984 1.383441535073445694 0.54477122805522804061 0.16726026564008608655 0.050641005961671328728 0.036007763845089475752 0.12762629242517783967 0.3726379819591003062 0.62187597143750783513 0.72362010643134022647 0.6308319630567302827 0.81362504853555273066 0.98550869910337490776 1.476020551814916093 1.6140811446646861071 2.4069132106809845162 2.6906742751587309215 3.8545504530568841517 3.7325207923097547535 2.3633470716144029389 2.2061290555288497472 1.4336618136743288776 0.69607394725103821642 0.26141725559774497967 0.23607266480559843669 0.51016800697915720697 0.67857523819210530114 3.2548723232218375045 3.5420263941639440475 4.9539283091813075544 4.9771091433475902477 4.7346317115962968103 3.3270425848247877632 7.9703739921603489194 6.748874873626676596 10.551961644202174639 26.250264374310706472 40.757533755963713418 39.499389680235495348 nan nan nan nan nan nan
0.11589376241538436318 0.16649738831023336294 0.27342453887907897103 0.67938473200426541254 1.2371912451277617961 1.357762148724444895 1.0026504572812806604 0.41349742647444076571 0.12888911910285685836 0.031831197465596205998 0.027817778904285845459 0.09386429643717979221 0.25929629600341524975 0.34057135488287959557 0.59719491181487327491 1.3156881233135035991 0.94869571108441586027 1.8892334897123888027 2.2996712971776895884 3.6537449803938231163 4.3141932160728648782 5.4769976007382501493 5.4593456678270735338 6.6993615193443734057 6.7172483835455842893 5.6658594368587227308 3.9324032322891282476 2.4913532428287172849 0.9635905081113806947 0.67566707311062879082 0.69614922227118014586 1.7278262949348179855 1.1383024776744963269 4.1923366505011223637 7.2980754171865411806 7.8806773371061389355 9.8132470469612407271 16.200822608483299803 17.126409849510181971 15.615585018213295143 12.634084696757092559 nan nan nan nan nan nan nan nan nan
0.12357407401924287715 0.12785933914565225655 0.165874436833400557 0.33231923474478830549 0.69936648387017030792 0.80170648981067116345 0.69031032680174020388 0.33780016211366298284 0.10761251047492996491 0.02925431834272401721 0.025661948999919109715 0.090883735863106732134 0.29898133458089215519 0.62882066933965619082 0.64072377867709906507 1.0259751004467498881 1.938083418638767208 2.2465774263162989755 3.3977747141576188916 3.8982340203645753363 5.2275907629017419609 5.5251268660676666755 5.4717870507624422061 7.6656312819763945399 10.484287852214624337 14.389186251585904586 13.290778637808866591 7.1085275788090536153 5.0313697930121890067 1.8009520498531548238 0.96116335694927634847 1.4484683667854238998 3.3089359262691790953 4.7208465185110979334 5.5669692043099230361 8.4914197443206820282 16.145860506715159488 25.358855268524955306 26.944645898248342775 20.473332279624063545 10.292977216802581708 nan nan nan nan nan nan nan nan nan
0.34362453395292752445 0.27622477853165017248 0.22409126251554925546 0.26216331072080351072 0.32795128256259326038 0.36604984021537334549 0.29913592777629588459 0.14524657023620421437 0.069132358627247647576 0.027951470497940923698 0.02917868411072007534 0.084755274981368367015 0.23726288266493017476 0.66360571630688680589 0.76346947688110156083 1.2028893077514439813 2.6730009115894963756 2.3241483241714981922 3.4865221006097653067 2.8052051286772483607 3.0848607047603007203 3.2837565746079024898 3.4748468319455834141 4.8123670920525078998 12.530905215412159848 24.562591914916772851 26.200394794786276975 21.255186673074646819 11.086443772994504897 3.6360124444430783619 1.437447310107706544 0.90227357892903592429 1.3832250113418540494 3.2415095186797522331 4.1780195462556459773 5.2583383982797560208 15.339322454437434473 21.801237250197168294 27.403681196994178038 21.595490569532852732 nan nan nan nan nan nan nan nan nan nan
1.4177548493850911093 1.1557875957976841974 0.62599180754322669706 0.30076067356941804665 0.16239151602897172744 0.10873907851345822329 0.082554442988392054414 0.059848050584323339574 0.053924740413136738881 0.070353309326926335987 0.059819884731270138445 0.12469489800561257831 0.36124878581251457232 0.56875029207618343907 0.79138240845170215731 1.0676801882850721626 1.8006551125321865747 1.5457384465138257479 2.1530176633018145438 2.2921021130801282339 2.5567358752117885778 2.1331682995371572531 1.8160031104061640228 4.5792111573945106784 9.7395969580581347458 24.721500430568692508 38.285702663994662487 27.002500197073537436 8.5103635817681730913 5.6159657718355298073 1.9348292377564131339 0.84715728819893287849 0.97707682882275437297 1.5729292654470365953 2.2908502678146911435 4.2992034335457818273 8.0389410271456682722 13.106278830000755775 16.010836834139631435 10.369457993200990487 nan nan nan nan nan nan nan nan nan nan
4.5325366702973850508 3.455740311872349757 1.7612846994662330058 0.74094152838736837552 0.24586553816865389099 0.095804402684380729482 0.047612146784807046762 0.072540499612978787125 0.19135693916691781657 0.18277132857374112085 0.17936766098985187923 0.19158069894511198239 0.62553554439923131358 0.42107603074383093134 0.54781709095169350832 1.053562607445554189 1.1351605519234144737 1.0494059585433310744 1.2428283749572945904 1.2942798042085197352 1.3760124960526007865 1.8833169205307618288 0.91637234669421518962 2.0852123053740414527 6.8954603095691506809 15.194801051451831242 22.172953739493760139 23.373316976743193862 9.3917009236980888431 5.5257826079115108797 3.0323807376282543302 1.0048696189204764373 0.87021517580524843094 1.6207275928395321607 2.6215661762351341046 3.8553917212946169357 5.8211949878811450887 6.1677098565241408323 nan nan nan nan nan nan nan nan nan nan nan nan
9.1506168019698179705 7.1233956014220627395 3.6749238033887108301 1.4889667506708550437 0.61769684257211410205 0.2448907976138939846 0.14207558679331869222 0.15457907422319780433 0.42953051026368627152 0.88849143449501921666 0.44554071318174293115 0.7199882557751382528 0.43814136785552731945 0.27562505137385262532 0.45391958011297156572 0.53863429869118284454 0.88061575514813450472 0.846967724661000676 0.81635664592079992818 0.84020850023257154238 1.2173174756925293494 1.0870616063941169749 1.053197127025901958 1.1049027505458726139 2.6096077365297105644 5.3870742889745288906 12.952744339767299664 15.231594113640772647 16.37770133979843834 9.87902592526989487 3.6477581142200894426 1.205726091783022369 1.5749082297107674933 3.8613120777790177485 7.8107395978819766924 9.5385679594707735163 7.8586747094473308195 3.6983387347743308382 nan nan nan nan nan nan nan nan nan nan nan nan
12.239226915876843194 8.8326778471600437825 5.1080562260031898703 2.6994445014266652549 1.6343695953219479211 0.92713937897414844258 0.512400850834229038 0.48925998710017926108 0.85268506107566532926 1.3610459276370434623 1.3174364249911409974 0.60005152639324721431 0.488036312396434524 0.33776856489116313664 0.46171765608723086549 0.65831997646127227153 0.76873076300027221031 0.607341014148719327 0.65016367663152463408 0.64129420030233541539 0.66119832694023661368 0.66739987002920264647 0.39004588421161034972 0.49039181401224979373 0.68237174404404210559 2.2583351251054826214 5.3828812754933590412 11.351620916839156195 13.104643753470719858 7.9655663306170030324 3.748410656650347228 1.3903606540215436294 2.5744883613062397032 8.7223483491038393822 18.529159524158423267 25.18131111425388724 15.004613963229415319 nan nan nan nan nan nan nan nan nan nan nan nan nan
10.459303678656315384 9.0033539881840862762 5.9142759636847124227 4.1543850508553088474 2.5554988356638461688 1.4438072662040060123 1.41570283254136986 1.6516354364316965242 1.9397751524190582906 1.9438063118729131951 1.0688327949640041847 0.91345827362405485061 1.2276527841333153557 1.0388891110367000081 0.82518999781867108378 0.74099623964180927338 0.70115430452650551185 0.52784099024582320503 0.36031737827962390108 0.28097395361706106742 0.2353920519855822735 0.22384965803933074002 0.18461002414933089244 0.15377676630622877374 0.29134035148520132097 0.57329750928112355179 2.1970971239586392088 1.4742184976606291791 4.0380045021053190268 5.3784249204814669199 2.5665848338407091234 1.3474142712580889913 3.3858908498771214113 11.43612337949707225 27.405532153584946542 32.247509248102673496 14.965456745598848087 nan nan nan nan nan nan nan nan nan nan nan nan nan
