src/SDSim/tmp/apis19
ncols        196
nrows        122
xllcorner    -12.166618000000
yllcorner    34.999860000000
cellsize     0.083333000000
[rows 88 to 109 of 122, columns 100 to 149 of 196]
14.576949078815285787 13.084176913380749951 11.209779162511280148 6.1454884420606639139 2.804254035740134654 4.4916539210393588988 7.0468000892763038578 11.202300455663014134 14.367285199038253296 7.5122537515606753189 3.6775726670009705188 3.457713110381958721 4.437141895522351831 3.5865645566981778636 2.9099458765245094227 1.9262540544310773338 0.93722012308398372493 0.5301561848942476507 0.28768704687147317323 0.19764048327849995101 0.26016349814935790796 0.3946715670854498148 0.76374771588329459782 2.0959292026848048707 2.9714877427574286628 4.7939611377078827914 6.2829112592589755337 9.6037436003116045669 18.266544856977155575 23.145108877458167029 25.158833734348629463 36.012644561445853242 58.467529694707714327 92.662439937976145643 94.690443896929821221 86.877549604872427835 nan nan nan nan nan nan nan nan nan nan nan nan nan nan
8.8276823246342583928 8.4716362560062137277 7.7863901032809437197 3.1025310533578163152 1.5144179146072720421 2.187567072422896608 4.5709623520569451216 6.4824774887147080804 12.126400047011420824 16.837233338035886732 8.6753699183683430363 7.7386810942215351616 7.6052409626891055439 7.3603204657720890935 5.8013875405634518501 2.7402614661700073206 1.3835154654782388928 0.69415318704451822729 0.30431481607258792366 0.18916528498127588298 0.25516044988703934226 0.32871594575747020706 1.0185061005331692563 2.6963942511717577943 4.9110379193719708724 6.4290009686357523222 6.7959947479795754788 11.306990178732842622 14.047269965329068242 16.513528445869980033 21.133092928021756762 30.507147170251656121 50.816206386742521772 79.404894165585645283 92.563455378619977409 nan nan nan nan nan nan nan nan nan nan nan nan nan nan nan
2.9045929745448377801 3.2946818421852768211 4.2967325382495813457 2.3151288947166901444 1.4257836505710537178 2.0285378930641968509 2.8299028390727292148 6.282617618002332982 12.408070400193000893 14.813937943223939087 12.677342347572132297 11.691259503135176701 15.525936259111656312 15.592244636413390424 7.5963620595856742312 3.2132687251198648326 1.0299344142797735024 0.52517284884183879079 0.28238527923273293307 0.25543903475499735167 0.5414403818430988391 1.026938026002397697 1.6518430573173490394 3.997326723995023201 6.9013211597996102498 10.851943895292890829 10.14807066209062647 8.2437848948269341065 6.2949187392606598124 10.698730758057173773 12.889526935761519866 22.749787063414874666 37.71130566452774957 66.319331213119227186 57.807178466059532695 44.794878698375903525 10.650061728825049201 nan nan nan nan nan nan nan nan nan nan nan nan nan
1.6896519656413835353 1.7594305217693249066 1.8627783475360566445 1.4549842137161896893 1.2177896897787539032 1.7343564405718447929 3.340043136269597035 5.6688865557779015703 7.7280439459331393692 16.292579276290585 19.378555114498869472 14.317208736035865968 16.524531291225841301 13.720375783733626207 7.7250861342509686835 3.6241808361013747586 1.4605036864820410969 0.64917162309812681542 0.47381130604877441659 0.55788836523117979471 1.0305776936644754915 2.3510015644744108876 4.9406547824542430547 8.8107244795895862666 18.081447038681616846 18.162592403631272475 14.193820377570098401 6.3069369047497261249 6.6883092478530423719 6.0598174988474209357 5.190922274251338564 nan 17.503101637157634229 nan 34.490169424009692989 nan nan nan nan nan nan nan nan nan nan nan nan nan nan nan
1.419611941247556075 1.4334403146796683703 1.5499218683330653334 1.3031686290358186486 1.2041820549501072168 1.2726140713601477028 2.0526834972713037253 4.4752285475705617657 8.0364715469777454615 8.6491441232157981744 7.2443632186658781791 6.7040559543908386786 11.240977428934833426 8.6934305887248992661 4.673852297177280235 2.4043648242529713777 1.493602815515240767 1.0785006567063861738 1.1847017513995758975 2.2236822821736237366 3.9692931214058879696 9.0394876878007561771 14.792596779484767922 25.490793330328965993 30.084460865711072586 29.697241484124035082 20.217355036014616587 8.9187691396528965271 3.6953630497651257514 nan nan nan nan nan nan nan nan nan nan nan nan nan nan nan nan nan nan nan nan nan
1.899871046735763791 2.9283045177026245653 1.789646478520323436 1.5416955825878482234 1.1444802504023208201 0.97294714948115867958 1.6042485078684642907 3.2051297342112436972 5.0264326567702450888 3.7598035005608116954 2.8237471167163930019 2.1080000029192045297 3.5218163414203158545 4.5916248195250357611 3.5504217511409006391 2.5867503265041449367 2.6443025550635521626 2.108539270420904721 2.788969502782044696 5.2779119584180600455 9.876423539519590733 17.269649101336181474 26.028149608570455342 33.340417469816294727 37.798738770606000514 32.748203496347350949 16.691555028331567456 nan nan nan nan nan nan nan nan nan nan nan nan nan nan nan nan nan nan nan nan nan nan nan
2.751772285671545859 4.4905091958342815417 4.0998458203374905651 1.8413431346189075288 0.97036572285387667769 0.87623409254241790833 1.1082048481120954087 1.8369533093679750735 2.241998901412123324 1.8538113574574082154 0.91227172194057337684 0.67550332901432441624 1.2228788577721663167 1.8527214053254732473 1.8118321253664384507 1.586380957671979397 1.9765324417049019434 1.8456131418444710057 2.2235072917932132697 4.5696299658604679905 10.254938199182950243 18.022379442158214857 27.988084647616428668 30.810079246395016384 28.526067380764249748 20.272476851829431155 nan nan nan nan nan nan nan nan nan nan nan nan nan nan nan nan nan nan nan nan nan nan nan nan
6.1404614270173354384 5.844075872257220361 5.5417419903332785225 3.3434588144130539256 1.5276607872484246897 0.87365601737146525441 0.59847131071100223565 0.77503532520491313917 0.8977441234380766355 0.92270641461485225499 0.97290847033416127942 1.1130003733068063454 1.1789651193981911526 1.5156805642633637277 1.6335107888032938117 1.5331006598206906588 1.7746275193182705632 1.5983492233238416613 2.3595199066902643459 3.1722567003197799096 5.824661332558098259 14.288141234757038234 19.805355708190727881 21.168564529535494501 14.541391272887274511 nan nan nan nan nan nan nan nan nan nan nan nan nan nan nan nan nan nan nan nan nan nan nan nan nan
5.7084261497178534484 6.587649194871198155 5.734269833777924319 3.9386855597410450613 2.0134497327033367142 0.79703840935403180712 0.33159336796688965165 0.20010439279138986235 0.37668445206409811865 0.58371484419099495256 0.88166147301304609307 2.2400100638472455472 4.8304908751452568794 7.3814533424878829848 8.2109386480977164524 8.9313398673426185326 14.548689619941910678 10.660849999302680402 6.1790323288206527863 5.0660823071634064618 5.327841622672331745 8.6525734516033381283 13.250804484864076471 9.6349740696636736459 nan nan nan nan nan nan nan nan nan nan nan nan nan nan nan nan nan nan nan nan nan nan nan nan nan nan
3.9446873549463816744 5.3352550346645761792 3.9002851265505733558 2.6748911176288112657 1.1575764114426683182 0.38945879724923726517 0.27693150754108086797 0.1968605081346113117 0.38847129449346934349 0.70390859347398515578 0.94595676589438404402 1.3658079547852184366 4.7994623288844238118 10.600595178931964568 28.968693455457739105 46.349297907486345593 43.870606982884773117 31.612657496565166326 13.937386215770272813 6.2498593647999518552 4.4495551686750074438 4.9972753428828617928 4.2692698487520903683 4.0065609600719840344 nan nan nan nan nan nan nan nan nan nan nan nan nan nan nan nan nan nan nan nan nan nan nan nan nan nan
1.8065969158386576687 2.1146642971770095443 3.4265474049854596217 4.0000543822212382139 2.1125717419465552815 1.2619802793787360251 0.84048175854945839092 1.3026452190134953923 3.0898815162890094221 8.8444012660009576621 6.2655717398910235616 6.3657372085361068059 14.90847914643350336 23.911776869557503034 57.301975141528565416 93.053167166408215394 54.741395908589197461 30.904206810417267803 14.011218115736820522 5.7150460563340432785 2.7946519346062972389 2.3020483354875529436 1.9499355557960931229 nan nan nan nan nan nan nan nan nan nan nan nan nan nan nan nan nan nan nan nan nan nan nan nan nan nan nan
1.2078400107277889042 1.9353032482778504964 2.7735799714114564019 5.2033146006709261044 3.2759592173217964017 0.8897793289000416328 0.98736312298907391583 2.479633753548394548 6.2841169803522802795 16.908246871609932782 31.654743202795540213 24.592061330833274724 50.402967959490645455 83.1569894797590905 88.197433452388438013 65.161048083384883967 30.689491534256575278 nan 5.6125871153356206023 3.7593411803163254703 1.926263157397589687 1.016192048958703964 nan nan nan nan nan nan nan nan nan nan nan nan nan nan nan nan nan nan nan nan nan nan nan nan nan nan nan nan
1.9034498514497457666 2.156340335302151523 2.7792217054655550257 2.2450892648422229314 2.4576344020344382812 1.7334671766031171103 1.3985146325574224768 2.6711001443728834559 6.9874099468134733826 14.637526084597649145 20.309530518781873099 32.717587526311376678 48.478442946341466779 54.298712369411624934 nan nan nan nan nan 1.6043923298370799113 0.94426345887534957058 nan nan nan nan nan nan nan nan nan nan nan nan nan nan nan nan nan nan nan nan nan nan nan nan nan nan nan nan nan
nan nan nan nan nan nan nan nan nan nan nan nan nan nan nan nan nan nan nan nan nan nan nan nan nan nan nan nan nan nan nan nan nan nan nan nan nan nan nan nan nan nan nan nan nan nan nan nan nan nan
nan nan nan nan nan nan nan nan nan nan nan nan nan nan nan nan nan nan nan nan nan nan nan nan nan nan nan nan nan nan nan nan nan nan nan nan nan nan nan nan nan nan nan nan nan nan nan nan nan nan
nan nan nan nan nan nan nan nan nan nan nan nan nan nan nan nan nan nan nan nan nan nan nan nan nan nan nan nan nan nan nan nan nan nan nan nan nan nan nan nan nan nan nan nan nan nan nan nan nan nan
nan nan nan nan nan nan nan nan nan nan nan nan nan nan nan nan nan nan nan nan nan nan nan nan nan nan nan nan nan nan nan nan nan nan nan nan nan nan nan nan nan nan nan nan nan nan nan nan nan nan
nan nan nan nan nan nan nan nan nan nan nan nan nan nan nan nan nan nan nan nan nan nan nan nan nan nan nan nan nan nan nan nan nan nan nan nan nan nan nan nan nan nan nan nan nan nan nan nan nan nan
nan nan nan nan nan nan nan nan nan nan nan nan nan nan nan nan nan nan nan nan nan nan nan nan nan nan nan nan nan nan nan nan nan nan nan nan nan nan nan nan nan nan nan nan nan nan nan nan nan nan
nan nan nan nan nan nan nan nan nan nan nan nan nan nan nan nan nan nan nan nan nan nan nan nan nan nan nan nan nan nan nan nan nan nan nan nan nan nan nan nan nan nan nan nan nan nan nan nan nan nan
nan nan nan nan nan nan nan nan nan nan nan nan nan nan nan nan nan nan nan nan nan nan nan nan nan nan nan nan nan nan nan nan nan nan nan nan nan nan nan nan nan nan nan nan nan nan nan nan nan nan
nan nan nan nan nan nan nan nan nan nan nan nan nan nan nan nan nan nan nan nan nan nan nan nan nan nan nan nan nan nan nan nan nan nan nan nan nan nan nan nan nan nan nan nan nan nan nan nan nan nan
