src/SDSim/tmp/apis2
ncols        196
nrows        122
xllcorner    -12.166618000000
yllcorner    34.999860000000
cellsize     0.083333000000
[rows 69 to 91 of 122, columns 106 to 158 of 196]
0.87942319162098092633 3.8044519059348620438 9.24469660087008549 4.5217225448546152222 5.4516249923863897564 13.238222565956968779 4.4486195453141021972 0.99008478541445577026 0.061414327776640451062 0 0.086561267035330791142 1.2110840011278583006 4.782420766914211363 12.365450341327747452 4.7435581278237473057 1.1439479897188706836 0.08907625374698162346 0.0068877666522583150949 0.076782449043505993092 0.38275736086505907085 0.45015769139703903923 0.46975111006888603526 0.13246123184403002515 0.009568430103360718586 0 0 0 0 0 0.0010922385275839087849 0.027676417862918824969 0.22659387500876185251 0.25896062738348135657 0.29994983957156728938 1.5795281641216107893 1.5363281334310174842 nan nan nan nan nan nan nan nan nan nan nan nan nan nan nan nan nan
1.1474160346040491731 3.4774619743386301352 3.806955673838016363 4.0633674565515063293 5.5307062053998512496 4.8338655598955595494 4.1081308880931262095 0.76715903638659865837 0.072372991251034246574 0 0.073688985889603444979 0.8838426669554881876 4.4321469709950953586 4.9718758795081372526 4.2845516628969573247 0.88630459074643175299 0.1241388974592918526 0.050869930123670407951 0.14032588711511628787 0.47206836341069119412 1.3238187711699429538 0.5630320486180223627 0.1156237759977016416 0.01008624510408952929 0 0 0 0 0 0.00075190925962991320402 0.010100909817581663758 0.028640314861218565262 0.040483231057845486811 0.19017600334716056043 2.9385985099343967519 18.777338033988435484 nan nan nan nan nan nan nan nan nan nan nan nan nan nan nan nan nan
3.4392598831606631116 1.2082928790765314897 1.0133365795686684052 1.4220352976435222114 2.0185337095885920178 2.1583855461161292055 1.4953019571827277368 0.72189360510559574813 0.055644152628231295654 0 0.041401145178071356578 0.42726157314176332891 0.89100939192879702322 1.268309627662010719 1.1066237326731511725 1.0900754033006971877 0.80283554695212067109 0.61095600940503302922 0.45496481602301441782 0.6645289858958930429 0.57596281273022298386 0.65066332589833242306 0.15636390428353483251 0.065276553978648371723 0.04275385870560488577 0.034509784595896403347 0.016678341216508282829 0.0081548017792514339297 0 0.00012602845401145712566 0.00076592249157967555537 0.0014351031569511661125 0.0018480223290279628075 0.18290669744935084129 4.0318924251739867159 22.008366791914681926 51.230650068469394398 nan nan nan nan nan nan nan nan nan nan nan nan nan nan nan nan
4.7950069612411461151 1.7074647560216611453 0.63142427727786665237 0.7864632400195996631 3.6870109819352148151 4.534939059282940832 3.9146615641382394024 0.67575853102295835306 0.063385024297625380818 0 0.012910105561296883817 0.043642122865581445268 0.091783852373110833001 0.17633549672307630152 0.74919942163344621644 3.5277815599328508078 4.0315540763324513307 4.1639822256518934651 1.2842330429588426632 1.1948650217826677356 1.5573084515065263034 1.2061491402752539948 0.81379586833168593429 0.48012856479098098283 0.50170849768879766106 0.34611214224979897081 0.20693383141605301012 0.061981356547771031262 0.02375097170005842015 0.03065400569404829606 0.018697425238333002795 0.013049900144113387584 0.01857436914454935889 0.18979022473560067108 2.6846580162110731393 20.90372437008893769 20.046482088014688117 nan nan nan nan nan nan nan nan nan nan nan nan nan nan nan nan
8.8484830252437927101 5.6334122461147400074 0.9876611941916783044 1.1270190271059716824 4.1013396410460174479 10.662734772006151829 3.9969401180012233965 0.89952642187784670469 0.06338540996528432836 0 0 0.012452870936535343632 0.15058120933775712147 0.4052073342256764521 1.4224703952664528028 5.133645925792286846 15.28410442043011308 4.8474849504421895219 1.969014330074168706 5.3599091407207968274 6.3501618404361117598 4.7363175207057279792 1.1906919222002754211 2.0338101027455328662 1.9653775057317612873 1.529615084855236784 0.70207874001084902282 0.4572541499038854651 0.49965625614012404432 0.40086019398870936792 0.24801266113790640389 0.044906813510809912016 0.31720388658815268368 0.7379622231846557634 2.5569172153249364321 4.2910871637347263174 3.5963553314809875161 nan nan nan nan nan nan nan nan nan nan nan nan nan nan nan nan
19.068200955249508866 5.6591910219376799773 1.1784994515754241284 0.75880871035843988626 3.4198265051480984944 3.955707458617510941 3.3085807325621243713 0.69937906119763992852 0.084573538570037382067 0.023953454306735739998 0.01177780419157657861 0.030533411033025786852 0.3070473776715663683 1.720854494574632243 2.9060142700956776984 6.5342321519862576196 5.3365249825066483069 4.4200210602314431441 1.8764101281686091927 4.7319344724351442011 13.403836176515117273 4.7145213438356163849 1.4891227420045640706 2.6163195178216707149 6.8032486699874761271 3.1063713139573128075 0.8494858694643259156 2.9314314446910105794 2.5786844361079750421 2.3238134008926025764 0.75786585059329503178 0.17467650356547265167 0.77541963276058845089 5.2149977241951432916 6.5753400466464455576 8.6436467043175717606 4.8509039891618703777 3.3087399704709312687 0.46714541430890266227 nan nan nan nan nan nan nan nan nan nan nan nan nan nan
6.5868413356886170718 4.7383166602113089283 0.82184267784736564355 0.40336814494807515796 0.67168146096726644156 0.93476663853545716165 0.79424744235797262171 0.66300263864567654526 0.43560288213754971842 0.2803367933582063265 0.13823487105158366317 0.041292971779038942226 0.43803889697294240424 1.9590876963435486235 5.7325791470776250591 2.5571366598444766893 1.6568083921876721742 0.72439583539625307385 1.0807015329107207968 4.1170606095389459256 4.7307052957428767925 4.0006535572280412794 1.2185515078884521234 2.3941522899560809812 2.8747985307466508154 2.9067999067239442823 1.1322982062735897912 3.3667208269317479008 12.983555227176355018 5.6627258928079218236 1.2822399772167432097 0.81157319371815328513 2.2176318823978848904 6.827206977110408026 20.468220159520381429 8.0808600739660558787 14.072707014978334428 3.9017444215681442721 0.67134804224196698019 0.043419604106363106355 0 0 nan nan nan nan nan nan nan nan nan nan nan
1.6060787925570050305 0.88072565151490211921 0.4100934254881997143 0.060764318814451406814 0.057651587500799378327 0.09165892957927847251 0.36207654668879241111 1.7188254073565154556 1.7317029789200115708 1.4787340451925385931 0.28489588916372921013 0.050309544378764427253 0.28104865131027967351 1.5352628034004265345 1.7802210776212166188 1.5632754182518686648 0.35487181445702958849 0.10829675231314993267 0.40869586228868975963 0.80753398411823551495 1.1059389134586319337 0.80520516094793670447 0.5974277763619989523 0.49551966775730998949 0.86755548286772787847 0.57749250397854190453 0.65514267629753397681 2.1585734478090596866 4.1240233922821616375 3.8728712088241699085 0.80539391330138676572 3.1401344046988577396 5.8447745944863509493 3.4389125567589666765 8.6207280779855430808 8.2345427957419516929 2.4546233145144635834 2.9418722072400496081 0.62933904257373030067 0.16744098223100228884 0.054505697317875911878 0 0 nan nan nan nan nan nan nan nan nan nan
0.8961064428600120646 0.20205552892665271103 0.040079509212267917795 0.010561218296218926813 0 0.031373939026928379659 0.47307318563861255889 1.8395221699301118612 5.05458756222101524 1.8481478129288968493 0.46310238361794742179 0.085375352081922803449 0.17960275781330589662 0.28570433430639274874 0.39088768057914907716 0.33409074687414969107 0.203944800796737713 0.049437279408101102163 0.043519721701104796541 0.064075038260606245744 0.091055019161609990208 0.083205290322280522908 0.060644987553652177081 0.053564447131121913082 0.06089113396970675246 0.089198559331592444654 0.24927157986373033038 0.46984469778500187465 0.97009312918930834524 0.73327976992058119254 1.5332442902694474185 3.68116290491400866 11.203508632052930238 6.9882452799929444254 4.2014469989912912595 2.9922440568743633449 1.48771270348694018 5.0788827104552831671 3.289807720490067755 1.966184548810993471 0.054505697317875911878 0 nan nan nan nan nan nan nan nan nan nan nan
1.7713265787224496961 0.23820640977054446941 0.015299487214201478238 0 0 0.028172591740154899476 0.35724418908006405626 1.896362143224202601 1.9257933958302713151 1.7353678610574947427 0.69909526921231823771 0.6824383623729262105 0.55274291580627055165 0.65975395081113041851 0.64598749157305923596 0.97546743183674289313 0.71318582132021524078 0.48341459889461452226 0.068753708944250549462 0.027157083625036857605 0.014363624573818820768 0.0046719778650332610681 0 0 0.012538323290396866799 0.25795962052323506697 0.54692030957199377905 0.97057266424915267233 0.7241541649661498159 0.44365739982358709526 0.75423345489529858288 5.1811034997084721709 6.0780711002436857981 3.3076389526979155242 1.8469101662589437751 3.4757864332408754393 23.467254230155873529 5.0843378147712972037 21.038356872340123971 nan nan nan nan nan nan nan nan nan nan nan nan nan nan
1.8059235150314292273 0.30678981394565763008 0.01736132312848724657 0 0 0.015498121704389113129 0.2095322283494593929 0.40126027874157982334 0.52836866606091315024 0.68700460048377598454 2.4717615865394710895 2.8775454903211614699 3.1742642463953982812 1.235550907393804021 4.0590974504421879487 4.5614526186253909756 5.5570546792329222896 1.513838062737729917 0.65229284184835090166 0.49246466013867373768 0.24484398696161691067 0.016147936901480051952 0 0 0.037586734825119177961 0.32264043208600617918 3.9674358887024308018 3.7499132270962989288 4.1671081371395652937 0.96632060898676430671 0.97558261348103925137 1.0707607683079678473 2.0753709381370848419 1.2831683648194258662 0.94573039850886320146 4.8313295919428673741 22.797383965628910119 46.173668559118340227 nan nan nan nan nan nan nan nan nan nan nan nan nan nan nan
1.4383009896970155861 0.21305892451522995268 0.01480310933927163862 0 0 0.0057398552549702778341 0.027673536285283378833 0.048132852716556352723 0.13386873021435780062 1.095560546684441805 2.5277049931872581645 9.6874740829219607718 4.0657501889531948436 2.5292262718919769071 5.7995787869408248483 18.335314812900641357 6.6331415527888681893 4.8588885962598702406 4.0678573576862318006 3.4415905821433478984 0.5820184873575440232 0.10319584582545644758 0.027825317883962710774 0.012076179440741045476 0.042502270672886748037 0.78729844983567076611 1.6355241028873506171 12.515884857745882996 5.4418672118848858688 1.5983474147478760052 3.7105004557628920026 5.2122777502003820871 5.150062024499764135 2.0621337413918339188 1.2807278929874703621 nan nan nan nan nan nan nan nan nan nan nan nan nan nan nan nan nan nan
0.30097410140652941513 0.13026625286023812977 0.0087964957259723842997 0 0 0 0.029762665136344602923 0.31038584821125914104 0.4732262989710821488 1.1726792862331254508 4.0449490525496232252 4.1191006909603435915 4.8732858023409306725 2.5835597937055942985 6.8301347418409381618 7.1690058010820498779 6.4654814956877286747 4.9138593608107381527 15.179580716893944725 6.12278732597053299 2.8182660791211264772 1.1815802923459020057 0.69624975609032213608 0.060218242747200681486 0.046285033146993205533 0.49665436053549083528 3.9352115229229589488 4.5801932775493519046 4.3160402014624930089 1.5644146699771555031 5.1410787642031969824 22.267916155369739784 10.97552802094539004 7.1467970570169754296 5.0184712662241155456 nan nan nan nan nan nan nan nan nan nan nan nan nan nan nan nan nan nan
0.023906571784048948753 0.010519450760858925845 0.0034297092975715507031 0 0 0 0.041111203590218067805 0.53675905381537836192 1.981945030868788038 2.911055195922740868 4.8331624718916321726 2.4455483853713637643 2.51813843763879186 4.8587747623970249933 5.4591064031649176869 5.3835768846319291825 2.0288301864369850946 3.0523418239803152829 5.5268441595193014138 14.845873397719097753 12.542326316738662939 11.141700643373615875 2.1892775608260031106 0.38462518615274166045 0.042895302272111794639 0.2764700098896178404 0.52418050936565196984 1.0284110278424198892 0.78628235817364944271 0.87880538740116853624 5.8374967288849903824 7.2765175538188087145 12.064689697566519655 20.797995456651545254 nan nan nan nan nan nan nan nan nan nan nan nan nan nan nan nan nan nan nan
0 0 0 0 0 0 0.05345816524519721169 0.62445393726622921982 2.3327455801770478061 5.3910671867428954229 5.0179292172841192254 1.8817333378390741494 3.3294813700528407274 6.1063931154427129044 13.233284392245938221 4.7134062210165845741 1.2576335616201217427 0.692829107834573521 2.3397405291905624125 12.339844072200827796 51.787314459131415845 17.371027720104287084 5.0240057351111984119 0.78089207218881329098 0.060064259044140699828 0.023355292441876000786 0.044784056715917869296 0.057206637761938787523 0.073030448284080937138 0.49252759217488983889 1.8696109128988325221 6.6770381629587234329 7.1304453038890063254 5.4172658538647935345 nan nan nan nan nan nan nan nan nan nan nan nan nan nan nan nan nan nan nan
0 0 0.012010143760290399248 0.020373474822341156032 0.034471451899774220584 0.033907323153634261192 0.10290096759559348716 0.39978686606487295885 1.734692530631835039 3.9102599644481395025 3.7803200264618452842 2.3270081833855744691 2.6318765667064245584 6.4444732815354903721 4.7044472598706716937 4.8239542145520193372 0.64163501632932751217 0.15415263160602429848 1.2168557620461211144 9.1000565615846973344 15.185434249333116696 31.648376249121032089 5.5450261832873435353 1.22096390207896488 0.23291951895536078254 0.011475418704394214214 0.010851000411154795508 0.029696773658135285079 0.065290868126361423229 0.22023605657349376585 1.2646970876391525618 1.5898482458774427784 nan nan nan nan nan nan nan nan nan nan nan nan nan nan nan nan nan nan nan nan nan
0.0035367777179001959505 0 0.031773759027394599119 0.40984208880268258035 0.37979704050753421152 0.69922736313212818793 0.37019692862095582297 0.2724596975708580282 0.70942940436824819539 1.5408333701551442108 4.138842761126104719 1.9769224422788522766 1.9998776787954353207 2.0626149085237521774 2.7473946515122946721 1.1462316674583392651 0.57014922857487659869 0.065319724669800530159 0.47303576248857009956 1.4317859393586962469 6.9715429633431318379 8.9740271935578874718 9.6307780473196231696 3.5498845653640853648 0.38640790209699943381 0.022813498353334939195 0.097390988101259540199 0.49558780738928243093 1.0196896595363968974 1.4062748358163335016 1.0846497967178057031 0.56474240055787494619 nan nan nan nan nan nan nan nan nan nan nan nan nan nan nan nan nan nan nan nan nan
0.010569396872225227807 0 0.057974413838628668927 0.67738976615438806217 2.9727397781038806812 1.7839294146974173927 1.4450688018071626839 0.29273965453027400718 0.31610667003101694528 1.5042122984571486555 1.827061981260937662 1.4278954308438531751 0.66515465834955711522 0.59309706633417036414 0.4643171356833347696 0.31814149074833614206 0.05484919400104350945 0.025543306262366644033 0.03601669298154552834 0.3611247820323739699 1.0968876473441613317 4.0242011485429172168 12.224664660876655375 3.1534347971419531831 0.51149946023825076935 0.029747082167884415782 0.19263902953979633592 2.127262388932852577 7.8456168251718700901 9.3612013055079366097 6.2585438022789050549 nan nan nan nan nan nan nan nan nan nan nan nan nan nan nan nan nan nan nan nan nan nan
0.092270471488274247163 0.085244448185708449062 0.13306632985971506011 0.86655667253621637691 2.1947460751894469766 5.0079359280456214876 2.4840341984226386174 0.66407122752326408488 0.24195631675123616122 0.3664454584909945245 0.5128016295353439169 0.35687794374181869284 0.17784006195257121008 0.053238000693873216429 0.034836983283793948596 0.020826051219742843651 0.0082249567792125142379 0 0.0063265170103956542072 0.025952132672147590342 0.26240041366565519665 0.7906520829180421206 1.9758665215276274285 2.5694364095304207396 0.33507408828407825307 0.028440863335774786702 0.28001236921520811229 2.7057607891603168149 15.332265231967456387 30.622081687679397533 6.6047588926720610658 nan nan nan nan nan nan nan nan nan nan nan nan nan nan nan nan nan nan nan nan nan nan
0.97074408629536335091 1.5264763341627096693 1.1842313813803573286 0.96404178848382149347 2.0175426316139586369 2.9331396623645802357 3.5941051561719277174 1.1125046934581874769 0.77566806726708248387 0.5363012390217984926 0.25403340879896352256 0.054191166594868639406 0.014655679930283060236 0.0045325146973556398877 0 0 0 0 0 0.006132644505455756706 0.060735388070942995797 0.17241687879370704017 0.35857691204850411504 0.3004566397165398528 0.16005796836774735525 0.018356325633133985936 0.21075703671153245278 2.2441666833590492303 7.827982294691341103 7.9260096603210747901 nan nan nan nan nan nan nan nan nan nan nan nan nan nan nan nan nan nan nan nan nan nan nan
5.2636469415073161571 5.4639763247166097671 6.9888487859845245254 2.7981440987354591066 1.9690054576023769961 1.8187163085867565915 2.0263425369358998296 4.3041130872466197843 4.8460991027722135627 3.3450341831039316354 0.74421933050642996577 0.052764290560374862982 0 0 0 0 0 0 0 0.0015713365505959290928 0.0052131181659497722453 0.014446393916941028396 0.018895257146747539839 0.017674183589601832195 0.0092216007788016238211 0.0075551638714715782172 0.1039464258996347229 0.6264668322328408312 1.8386669518235647658 nan nan nan nan nan nan nan nan nan nan nan nan nan nan nan nan nan nan nan nan nan nan nan nan
4.7005459027787619419 20.623737539418364406 8.4107839630658745023 9.9652682013121243187 8.5147673159560319789 7.4849207323780460044 3.2576852718745081816 12.258104490185091962 18.558315330635345219 7.1122994834993775726 0.95391243388891200361 0.067865802014100987116 0 0 0.0011885147138564415136 0.0037625696887561409926 0.0069703645283312829634 0.010923141481194734159 0.012205235753873507065 0.011656412553169147317 0.0082503870102450284352 0.0055449222532953403031 0.0024423740733620124058 0.001300026352196914127 0 0.0014722679461910328363 0.012558128321481468181 0.10805846068566174467 0.66342426966801160138 4.5499569639449912728 3.3459338260173314694 nan nan nan nan nan nan nan nan nan nan nan nan nan nan nan nan nan nan nan nan nan nan
5.3343641580248215561 6.124410703605067674 6.2238945786732120524 11.884766408765973011 41.475935561682241826 9.4020835412497554273 3.8802807533056613565 11.120465726268218276 24.459024382453680602 8.3382855886771132248 1.3050940470157434969 0.07372665313480548932 0 0 0.0032621068935875493014 0.060805412467206873539 0.14277139022981527594 0.23264925061400432149 0.25910549328578807993 0.20083517977122922193 0.14740418397388932448 0.078664150446158334629 0.053794459589613839723 0.0034999908611196045745 0 nan 0 nan 0.60644176973379571027 nan nan nan nan nan nan nan nan nan nan nan nan nan nan nan nan nan nan nan nan nan nan nan nan
