src/SDSim/tmp/apis15
ncols        196
nrows        122
xllcorner    -12.166618000000
yllcorner    34.999860000000
cellsize     0.083333000000
[rows 66 to 87 of 122, columns 0 to 49 of 196]
nan nan nan nan nan nan nan nan nan nan nan nan nan nan nan nan nan nan nan nan nan nan nan nan nan nan nan nan nan nan nan nan nan nan nan nan nan nan 0.48322372141197822426 0.78163483333201977388 1.0214246198066390114 0.89992576368884558136 1.1132176006820102554 1.7632727216626558064 4.1072267093475005595 8.6189933358321404455 12.838437294354786644 21.581672804207364891 25.069584853285984849 25.31483273000965184
nan nan nan nan nan nan nan nan nan nan nan nan nan nan nan nan nan nan nan nan nan nan nan nan nan nan nan nan nan nan nan nan nan nan nan nan nan 0.29891620629848247859 0.5625064862760728035 0.83345251042796519858 0.87049938469806187324 0.7338471912163879729 0.68146643173936893856 1.1749665607335886275 2.3448126306737822055 4.8543620059112990717 9.8788375453499792656 13.029271163962079072 16.607404701687709547 21.215132871853523255
nan nan nan nan nan nan nan nan nan nan nan nan nan nan nan nan nan nan nan nan nan nan nan nan nan nan nan nan nan nan nan nan nan nan nan nan 0.15354732718496449939 0.28882772679646961933 0.58914544974662974575 0.78621225150586959707 0.94498537670093407659 0.65504882393884733549 0.56804933944274227375 0.68027298417544879161 1.4167007622384679699 2.7178374319646985136 4.7628315790892248316 7.6664376410503614068 12.23014044523239896 15.459262550021630744
nan nan nan nan nan nan nan nan nan nan nan nan nan nan nan nan nan nan nan nan nan nan nan nan nan nan nan nan nan nan nan nan nan nan nan 0.094494116234798752885 0.17294607337262626889 0.29134764839815974202 0.55019407278880028134 0.72053157813608559312 0.61112690081538412201 0.58864407494527004605 0.44693827980397388133 0.39163441372387697292 0.65063323345545576171 1.4623432716186377522 2.8084133830682831423 5.2574948156844261149 9.4728397077224890666 15.258211913920334268
nan nan nan nan nan nan nan nan nan nan nan nan nan nan nan nan nan nan nan nan nan nan nan nan nan nan nan nan nan nan nan nan nan nan 0.050231824224192568595 0.10963735883677740157 0.2069775526295154211 0.30553024102663400852 0.44795502993939395608 0.63612620962690669124 0.45309609904160075278 0.40559855139917827538 0.30440108865867576693 0.22580216087881974096 0.32295011241957966019 0.66442146006807012437 1.4448420165383646374 3.5744547062041158725 7.1728837383844297193 12.65679392521140656
nan nan nan nan nan nan nan nan nan nan nan nan nan nan nan nan nan nan nan nan nan nan nan nan nan nan nan nan nan nan nan nan nan nan 0.05570628438301119395 0.1120878289319189175 0.14675433085541808587 0.2698029422035622682 0.42150973021747911718 0.47844139246114797404 0.42208170270064554463 0.27683533946182026231 0.19373669178475844133 0.16711822231277329021 0.24997120713783063661 0.53906856141807935057 1.3155382131985493555 2.8070302374923112865 5.6023294533742982182 9.6911807740389281918
nan nan nan nan nan nan nan nan nan nan nan nan nan nan nan nan nan nan nan nan nan nan nan nan nan nan nan nan nan nan nan nan nan nan 0.054506721458251410073 0.097042890396031256106 0.16982911058994032416 0.22500973102391677583 0.38004753729568518938 0.36352664181001204113 0.30254541396928052999 0.18803304503256387803 0.15617100155977728382 0.19912706506322072619 0.41668010611919881203 0.86839722176373568274 1.7447394213560094567 3.0275482955854573497 4.9607049833036329645 8.6759338618509520558
nan nan nan nan nan nan nan nan nan nan nan nan nan nan nan nan nan nan nan nan nan nan nan nan nan nan nan nan nan nan nan nan nan 0.021019407462362568739 0.047647502397011133601 0.09262241657280360918 0.14006379319253961513 0.20226841236716361361 0.29818076935898751856 0.24558927684618855891 0.17235487599474388909 0.14251778791804850521 0.17460497220323162315 0.34301493094694879282 0.78430212104497953884 1.6636896970912198324 3.2059666986949233447 5.6449054273733247911 6.8239112078534702732 10.428252215680423376
nan nan nan nan nan nan nan nan nan nan nan nan nan nan nan nan nan nan nan nan nan nan nan nan nan nan nan nan nan nan nan nan nan 0.022794602860408050976 0.046035057820249976335 0.072052021639317925805 0.11314517660049740189 0.18251511530203576306 0.20065117109040070398 0.21612498551006900649 0.14943506737559142383 0.15899836062292133088 0.25484175023907335023 0.56959674364996581986 1.2732209090438544319 3.1170002683246016417 5.3122581062741618396 8.9183390349256708163 11.912842552796456985 13.554408834887055946
nan nan nan nan nan nan nan nan nan nan nan nan nan nan nan nan nan nan nan nan nan nan nan nan nan nan nan nan nan nan nan nan nan 0.014368675155125836679 0.035419230929661475737 0.067375942469157623638 0.09379966407369202952 0.14701415848409271625 0.19540520500481867172 0.19587698982660753377 0.17717303068194811821 0.20129204916161247407 0.3641673077435942929 0.75597671459857174181 1.8048587350923348538 4.045506160002935836 8.3926141624846586353 13.402308334209742213 20.424816950721371711 21.281152942311219789
nan nan nan nan nan nan nan nan nan nan nan nan nan nan nan nan nan nan nan nan nan nan nan nan nan nan nan nan nan nan nan nan 0.0027951427164455669612 0.0098774602023959726105 0.021798926195646644438 0.074348259983955194974 0.098733078579617855608 nan 0.23887053870205854356 0.32051394577057612523 0.29836940151168095392 0.4089481654133779176 0.58044987805994541219 1.0719255068821083032 2.250305584433330619 5.1419937054481064109 10.657716104803716561 20.172812458002194802 24.952798487957814189 24.874099348004989452
nan nan nan nan nan nan nan nan nan nan nan nan nan nan nan nan nan nan nan nan nan nan nan nan nan nan nan nan nan nan nan nan nan nan 0.012381101103602330099 nan 0.20538902786546578416 nan 0.46446396883304208458 0.59258413841055102012 0.60335998948705560352 0.67416875021464817141 1.0710931044258282796 1.6791246663944126016 2.9532082137425086366 6.0707481700560901317 11.671979228150615171 20.983033494951563114 22.335333519981496408 22.964967012649950107
nan nan nan nan nan nan nan nan nan nan nan nan nan nan nan nan nan nan nan nan nan nan nan nan nan nan nan nan nan nan nan nan nan nan nan nan 0.3712303108462769452 0.7189893601424688363 0.77048139945168303555 0.80786166633154210537 0.89900467862052324541 1.2216184086775232487 2.1785841069410234461 2.8460291420925880601 3.911202330650104475 6.6670817709780205718 12.544241645134960095 19.320022766727547037 24.083753031494932628 25.70571390001191503
nan nan nan nan nan nan nan nan nan nan nan nan nan nan nan nan nan nan nan nan nan nan nan nan nan nan nan nan nan nan nan nan nan nan nan nan 0.5410057706736032257 0.88030607781394365485 1.1612495394441695318 1.0882155364453396373 nan 2.2433720469908400297 3.4847283475785912898 4.6383166043286987446 5.2318672267042360957 8.0326467258631755186 13.981416309244041329 25.603839796138704088 32.827904498435373171 33.820049529343684469
nan nan nan nan nan nan nan nan nan nan nan nan nan nan nan nan nan nan nan nan nan nan nan nan nan nan nan nan nan nan nan nan nan nan nan nan 0.38051911977436808643 0.60296976887718289895 nan 1.079855621347034722 2.1828462557327439342 3.6116612069909268534 5.8619254016738677748 5.9716443322634056301 7.5501028984996763072 9.4858989637518522642 14.935557256378874769 28.171101065184544154 35.97212053762805084 35.168453264151700921
nan nan nan nan nan nan nan nan nan nan nan nan nan nan nan nan nan nan nan nan nan nan nan nan nan nan nan nan nan nan nan nan nan nan nan nan nan nan nan nan 2.9289855058653859743 5.9399433588989838384 7.350657075463983503 9.1727709352580575342 9.8022398513930095731 11.448263648679278148 15.37095504174607008 25.948136371756227447 34.299594013245538804 33.192016020405809229
nan nan nan nan nan nan nan nan nan nan nan nan nan nan nan nan nan nan nan nan nan nan nan nan nan nan nan nan nan nan nan nan nan nan nan nan nan nan nan nan 3.3167779537795034628 6.5539488174839020118 8.1324412397316230283 9.852246393351267173 11.994022097100334179 13.66270965119886327 15.551562421976154127 17.204216082846439662 23.781223287399740229 24.825194778504933169
nan nan nan nan nan nan nan nan nan nan nan nan nan nan nan nan nan nan nan nan nan nan nan nan nan nan nan nan nan nan nan nan nan nan nan nan nan nan nan nan 3.7616480851492317683 8.0424387132516805821 9.2867836302748063559 10.643914572602540147 11.572818503295431825 12.676216115196268674 13.071066591937045231 12.855765144100516295 15.772853862629647281 15.418494966600293949
nan nan nan nan nan nan nan nan nan nan nan nan nan nan nan nan nan nan nan nan nan nan nan nan nan nan nan nan nan nan nan nan nan nan nan nan nan nan nan nan 4.4237707619498518596 8.6188235680679277095 11.933051208321650449 10.783727642115369605 12.043537106780235035 12.245634678999467226 10.325609206937688356 9.7080058687965138375 9.7299624775934852039 9.2298814412953742448
nan nan nan nan nan nan nan nan nan nan nan nan nan nan nan nan nan nan nan nan nan nan nan nan nan nan nan nan nan nan nan nan nan nan nan nan nan nan nan nan 5.6611683058197623808 9.1714742286966384199 10.080269583800568256 9.7377517121426748758 9.5692653445000797063 9.6086612241308824167 8.9809190931820417347 7.222154632454946821 6.9908449364594629216 5.8137430654349406822
nan nan nan nan nan nan nan nan nan nan nan nan nan nan nan nan nan nan nan nan nan nan nan nan nan nan nan nan nan nan nan nan nan nan nan nan nan nan nan 3.0570012753828423868 6.2037584177621445392 8.2144342577290618834 8.5811047253918086852 8.3716558020417917163 7.7359098774692709455 7.3898835068609365351 7.1906622470962560101 6.6088957371416716668 5.5201340711274973216 4.1344816906817376534
nan nan nan nan nan nan nan nan nan nan nan nan nan nan nan nan nan nan nan nan nan nan nan nan nan nan nan nan nan nan nan nan nan nan nan nan nan nan nan nan 5.2328801876699770901 6.8773528320518133583 7.0467443478206659435 6.5011195539588246817 6.8868420907973870726 6.6435009299136194016 5.8160565764241187736 5.9995540943049903149 4.8214642180269393634 4.1361542275916169942
