src/SDSim/tmp/apis10
ncols        196
nrows        122
xllcorner    -12.166618000000
yllcorner    34.999860000000
cellsize     0.083333000000
[rows 22 to 43 of 122, columns 0 to 49 of 196]
nan nan nan nan nan nan nan nan nan nan nan nan nan nan nan nan nan nan nan nan nan nan nan nan nan nan nan nan nan nan nan nan nan nan nan nan nan nan nan 0.98112459334035240222 nan nan 0.23293316094080071532 0.16140499575198616333 0.082553504544776154517 0.090290262338904025974 0.28849122736849008852 0.56444610338211942402 0.67775990084892356879 0.54653733383798785983
nan nan nan nan nan nan nan nan nan nan nan nan nan nan nan nan nan nan nan nan nan nan nan nan nan nan nan nan nan nan nan nan nan nan nan nan nan nan 1.446075405524706925 1.7685000993491979404 1.5230203423567498788 0.85571166978083557098 0.51951275798501728165 0.30585239591651136593 0.15970607636496891857 0.14380447472250429408 0.21297153435535048915 0.35769961929249266541 0.44168223807148959681 0.43234687986658720815
nan nan nan nan nan nan nan nan nan nan nan nan nan nan nan nan nan nan nan nan nan nan nan nan nan nan nan nan nan nan nan nan nan nan nan nan 0.48623062447181902845 1.0580553131094925234 1.5893940569478826053 1.9236896653561261772 1.6150407885506548045 1.2067301478756879973 0.80909504741461990562 0.39961815289629487591 0.24109592302038182488 0.16328737868385084786 0.19008210229344366105 0.27226247037242834459 0.38220985298406262576 0.50671356893255914411
nan nan nan nan nan nan nan nan nan nan nan nan nan nan nan nan nan nan nan nan nan nan nan nan nan nan nan nan nan nan nan nan nan nan nan 0.20667707640363180976 0.6413845672671198983 1.07553090523291206 1.3700466662834021037 1.3999501637882683092 1.3699081113808988519 1.0047584717550763767 0.81500833521053206443 0.63999646743586591224 0.4033015062936559092 0.25652725812606425038 0.25409462676569238848 0.38287036476521152384 0.54470318157154429262 0.70988482193142488086
nan nan nan nan nan nan nan nan nan nan nan nan nan nan nan nan nan nan nan nan nan nan nan nan nan nan nan nan nan nan nan nan nan nan nan nan nan 1.0070117056084435525 1.2067820396104038672 1.1388890288754511815 0.97683112734541777122 0.98173427072564434237 0.91050698952183450885 0.85298264230019593679 0.67512948660913785215 0.53041808815945201694 0.50963530855847860579 0.65441650141895113535 0.97936196375314221729 0.9785078106607337789
nan nan nan nan nan nan nan nan nan nan nan nan nan nan nan nan nan nan nan nan nan nan nan nan nan nan nan nan nan nan nan nan nan nan nan nan nan 0.8175083587474493152 1.2697025037469049646 1.0848658301217211086 0.97644994774617110966 0.86492854959889076127 0.88480553853523846719 0.91373324062320826489 0.89906364427910934189 0.92751322554992687852 0.76838444115263282441 0.81141899261408945154 1.0252092175766061022 1.2356070035597024326
nan nan nan nan nan nan nan nan nan nan nan nan nan nan nan nan nan nan nan nan nan nan nan nan nan nan nan nan nan nan nan nan nan nan nan nan nan 0.70203249840731241083 1.1696486593758070871 1.1344155971358902413 0.89608285057725567402 0.58947446992290075674 0.74133450912918685827 0.88131972397640323535 0.98867889889141924442 1.0415785651104703113 0.92874743634462697539 0.75518645619405322389 0.70024806604465783533 0.68778918310914982648
nan nan nan nan nan nan nan nan nan nan nan nan nan nan nan nan nan nan nan nan nan nan nan nan nan nan nan nan nan nan nan nan nan nan nan nan nan nan 0.700699412855758208 0.75992537173874052936 0.54231626284965472884 0.45223556411304105529 0.49124738706864401472 0.78569128055819315026 0.92545996744716485516 0.70620160826395395048 0.85963511148979909748 0.66624725225525616157 0.43045903373411437132 0.32871796676691006356
nan nan nan nan nan nan nan nan nan nan nan nan nan nan nan nan nan nan nan nan nan nan nan nan nan nan nan nan nan nan nan nan nan nan nan nan nan nan nan nan 0.31996150755878227656 0.33164684270389060972 0.48200906419205835629 0.66419701603746650331 0.67068236707461259538 0.62684834470073624857 0.30038362401030732629 0.42522345492045149351 0.33142541594851754327 0.23919759273338844774
nan nan nan nan nan nan nan nan nan nan nan nan nan nan nan nan nan nan nan nan nan nan nan nan nan nan nan nan nan nan nan nan nan nan nan nan nan nan nan nan 0.20196547714104226556 0.3610028413995587937 0.56996164758209033607 0.91693818779316427214 0.89037231688866369517 0.49535021236115400756 0.31750932911305829176 0.33382299902931439339 0.31262342685008348564 0.27946093613628214536
nan nan nan nan nan nan nan nan nan nan nan nan nan nan nan nan nan nan nan nan nan nan nan nan nan nan nan nan nan nan nan nan nan nan nan nan nan nan nan 0.054947276072383414991 0.24409577029143453286 0.49856342040521495207 1.0080256529755957651 1.3640368313581872073 1.4509839927986207808 0.70348155725296179774 0.4106863611328960828 0.41898420727930740792 0.37640597654299251529 0.54594093563419698878
nan nan nan nan nan nan nan nan nan nan nan nan nan nan nan nan nan nan nan nan nan nan nan nan nan nan nan nan nan nan nan nan nan nan nan nan nan nan nan nan nan 0.75312742623860162716 1.4412462495719964295 2.0405616128798333975 2.2364664240341909363 0.92391979333682150433 0.63160076805897191754 0.5056557682468163506 0.86038072204826898659 0.63266986796461022191
nan nan nan nan nan nan nan nan nan nan nan nan nan nan nan nan nan nan nan nan nan nan nan nan nan nan nan nan nan nan nan nan nan nan nan nan nan nan nan 0.16425037657472213448 0.41894714888304174227 nan 2.014110607059217628 3.2831487557636451768 2.5007310536491065278 1.8816619215152154965 0.75404764257306922115 1.11955022380570135 1.1179197696518272664 0.66153319953522260466
nan nan nan nan nan nan nan nan nan nan nan nan nan nan nan nan nan nan nan nan nan nan nan nan nan nan nan nan nan nan nan nan nan nan nan nan nan nan nan nan 0.74506939478983857938 1.709632663185634005 3.1757259489812370568 4.9675284161502748503 4.3435020999173321599 2.9912615007424561142 2.0700846013686340363 1.9161825078210410478 0.90583255846749999307 0.50902467843821652682
nan nan nan nan nan nan nan nan nan nan nan nan nan nan nan nan nan nan nan nan nan nan nan nan nan nan nan nan nan nan nan nan nan nan nan nan nan nan nan nan 1.0607586694435120478 2.4512954600178904485 4.524003800335774983 6.3890841291245106248 7.019493334977832788 3.7007511700258532983 4.6650716017095055221 1.6658851588301444302 0.50384829975510170286 0.17472668565402382779
nan nan nan nan nan nan nan nan nan nan nan nan nan nan nan nan nan nan nan nan nan nan nan nan nan nan nan nan nan nan nan nan nan nan nan nan nan nan nan 0.59134918948302461761 1.6691002663415088758 3.2643308152538619282 5.5320886506197046728 7.4712479411616419256 6.0562430631570931538 5.9190816679947078072 1.606386724940267241 0.66094793371115412306 0.21079832014671120999 0.096884408912366742905
nan nan nan nan nan nan nan nan nan nan nan nan nan nan nan nan nan nan nan nan nan nan nan nan nan nan nan nan nan nan nan nan nan nan nan nan nan nan nan 0.74684424095926127407 1.8529345776831498416 3.8063982378665839335 4.7184276322106217805 4.6062954014797838909 4.3982289625590240689 2.6747940866751269695 0.96340707366142386281 0.53466634100781529337 0.30970331550720747726 0.22958265955204074094
nan nan nan nan nan nan nan nan nan nan nan nan nan nan nan nan nan nan nan nan nan nan nan nan nan nan nan nan nan nan nan nan nan nan nan nan nan nan nan nan 2.2446873462556262702 4.0185977431684607453 4.5546065019380170824 4.6859754566077480575 8.4148198641669864628 5.5993543101133287365 2.5178702916463886474 1.4967709191931648505 0.55026419462921416503 0.21668591010129475971
nan nan nan nan nan nan nan nan nan nan nan nan nan nan nan nan nan nan nan nan nan nan nan nan nan nan nan nan nan nan nan nan nan nan nan nan nan nan nan 0.78971943848779357911 1.9230688727564808627 3.3076516121816230687 6.7957760220808562934 8.417305276511164891 7.9763130674427875633 7.5741368707356091505 3.147930664066274975 0.86910283557591427872 0.40826088150484773909 0.23480644169520997755
nan nan nan nan nan nan nan nan nan nan nan nan nan nan nan nan nan nan nan nan nan nan nan nan nan nan nan nan nan nan nan nan nan nan nan nan nan nan nan 0.69152942975523612468 1.6523888708760399169 3.4053867194678320018 5.2498155207999230853 5.3616473005086886516 7.0745119106021387978 5.382354648087047444 3.8174981244842252082 1.5516196205760908189 0.74915927862483389088 1.0820290148353515214
nan nan nan nan nan nan nan nan nan nan nan nan nan nan nan nan nan nan nan nan nan nan nan nan nan nan nan nan nan nan nan nan nan nan nan nan nan nan nan nan 1.2892826143512861048 2.9578726470995286846 4.5226502773050825112 6.5713094460390006901 7.2499071193781361444 6.5629513706787427907 4.5766724617351206561 3.1297720400135848884 1.7979863122958668065 0.3740230273035472508
nan nan nan nan nan nan nan nan nan nan nan nan nan nan nan nan nan nan nan nan nan nan nan nan nan nan nan nan nan nan nan nan nan nan nan nan nan nan nan nan 0.77034713015978661943 1.8069137244335924386 3.995578647953709428 5.4246254034877932071 6.5772098423842253467 4.2897901107197080606 4.0062042153731356464 4.1839985517243585278 1.5035762254623632472 0.83028782231275088943
