src/SDSim/tmp/apis4
ncols        196
nrows        122
xllcorner    -12.166618000000
yllcorner    34.999860000000
cellsize     0.083333000000
[rows 23 to 45 of 122, columns 0 to 49 of 196]
nan nan nan nan nan nan nan nan nan nan nan nan nan nan nan nan nan nan nan nan nan nan nan nan nan nan nan nan nan nan nan nan nan nan nan nan nan nan 5.972951039573112908 7.2598622100427911974 6.3302481001337564948 1.9686118886156136476 0.56863920113382671051 0.16000813510807540552 0.045843671362645097012 0.057134445812962626754 0.11571361138187423456 0.22040137212633215125 0.28211947147441351902 0.29775984594785709358
nan nan nan nan nan nan nan nan nan nan nan nan nan nan nan nan nan nan nan nan nan nan nan nan nan nan nan nan nan nan nan nan nan nan nan nan 0.62120636032288734096 2.3207060790413032159 3.8020988053005027041 4.9800037365375491305 3.7814246212577828921 2.4134907721497467215 0.97986298518979653149 0.35557000856200415839 0.16681940259117639114 0.044189433634923516725 0.034780372348873586641 0.12662112712849013518 0.44577886324091708925 0.84269393804566938844
nan nan nan nan nan nan nan nan nan nan nan nan nan nan nan nan nan nan nan nan nan nan nan nan nan nan nan nan nan nan nan nan nan nan nan 0.20446764112105600408 0.7848602568261199286 1.3928142918978183573 1.8610514244156362018 1.6784291966293762854 1.5966153357416790204 1.4435996389242911064 1.3286395988245329747 1.0335501452121274024 0.3532933299185538889 0.083824258332513751357 0.045787454346883506295 0.22944381510145100966 0.85990626767158540034 2.2391739460329773692
nan nan nan nan nan nan nan nan nan nan nan nan nan nan nan nan nan nan nan nan nan nan nan nan nan nan nan nan nan nan nan nan nan nan nan nan nan 1.4091459224356672753 1.5561018263610952861 1.1315413295329246335 0.8743390325709511357 1.3407462012803099682 2.2176591538420571403 1.4238776934751604664 0.6344526294353372009 0.25562725683513848329 0.18412172753279687498 0.39205467287281459132 1.5721480337329070132 3.0376589281738124448
nan nan nan nan nan nan nan nan nan nan nan nan nan nan nan nan nan nan nan nan nan nan nan nan nan nan nan nan nan nan nan nan nan nan nan nan nan 2.1499721824901190104 2.8749522085613601341 1.8028995346910270392 0.99663170436694004106 1.1569994764251174679 1.3879830500888583611 1.4335583098117656853 1.0169651746550070204 0.98747711934397075506 0.67302350271973943041 0.61927858492102128007 1.3456213905177363266 3.387989878045769121
nan nan nan nan nan nan nan nan nan nan nan nan nan nan nan nan nan nan nan nan nan nan nan nan nan nan nan nan nan nan nan nan nan nan nan nan nan 2.4148268755842940969 3.7334852159909082125 2.4136952370856703531 1.0602058005335714963 0.46598049911972000414 0.64824750008626774722 1.0048497848162825097 1.8720275900972056515 2.1515346439196867401 1.7396604916197224711 0.74270529119353545511 0.74836800498300659612 1.0591165609037118678
nan nan nan nan nan nan nan nan nan nan nan nan nan nan nan nan nan nan nan nan nan nan nan nan nan nan nan nan nan nan nan nan nan nan nan nan nan nan 2.2320804728159693298 1.7863862014416145296 0.62420325664660314402 0.22096515000043831511 0.23604069222582152454 0.8704276013584880678 1.9915063751774713108 2.4679290846928618741 1.961269041573052041 0.77829721791789896468 0.26636789924320641854 0.23095099623795656285
nan nan nan nan nan nan nan nan nan nan nan nan nan nan nan nan nan nan nan nan nan nan nan nan nan nan nan nan nan nan nan nan nan nan nan nan nan nan nan nan 0.31804347088686207856 0.10869022556039539817 0.16684351029492924812 0.58452687560264726674 1.2810634172961803401 1.4739727571077281265 0.67493802938147939852 0.4620844644501259646 0.16127710224609961842 0.15613555329132094984
nan nan nan nan nan nan nan nan nan nan nan nan nan nan nan nan nan nan nan nan nan nan nan nan nan nan nan nan nan nan nan nan nan nan nan nan nan nan nan nan 0.066123029012056661058 0.12736110800842170843 0.25756909014176954109 0.611517775530149299 0.8397356630797692123 0.61508640585921536825 0.39738498509608910503 0.25950112499373001462 0.15690723916824819706 0.28730395753572940398
nan nan nan nan nan nan nan nan nan nan nan nan nan nan nan nan nan nan nan nan nan nan nan nan nan nan nan nan nan nan nan nan nan nan nan nan nan nan nan 0.0086257600106453228422 0.098288575460350413593 0.37754030633533042227 0.88248873334196220597 1.5467948484144531385 1.7702986504257649525 1.0765547861780200289 0.57977905022935827262 0.3919679921585665916 0.18154805475632534995 0.54767243658580178067
nan nan nan nan nan nan nan nan nan nan nan nan nan nan nan nan nan nan nan nan nan nan nan nan nan nan nan nan nan nan nan nan nan nan nan nan nan nan nan nan nan 0.68926096469697029079 2.2190890396713638388 3.3711306037927530888 4.8628243707227198911 2.0906550072845608845 1.4825764031901245144 0.53001374040386550757 0.34856034539034602693 0.4663067986898446482
nan nan nan nan nan nan nan nan nan nan nan nan nan nan nan nan nan nan nan nan nan nan nan nan nan nan nan nan nan nan nan nan nan nan nan nan nan nan nan 0.024235894908664727676 0.1608764119477878729 nan 2.7329641306791554456 6.4827458870932934687 4.8508165387783162004 4.9694000057139779969 1.4676953329602142606 1.1338841830518917586 0.43290832795118922016 0.2976011266259213639
nan nan nan nan nan nan nan nan nan nan nan nan nan nan nan nan nan nan nan nan nan nan nan nan nan nan nan nan nan nan nan nan nan nan nan nan nan nan nan nan 0.25485778749338394711 1.3566372438104736808 3.7927821455530672523 6.3039181375802382234 6.6939271703110154732 4.4527539643907187994 3.0567339253874541427 1.6808513735472669914 0.53356063441402012959 0.14227786011048856873
nan nan nan nan nan nan nan nan nan nan nan nan nan nan nan nan nan nan nan nan nan nan nan nan nan nan nan nan nan nan nan nan nan nan nan nan nan nan nan nan 0.45312650209115096223 1.9538733626205428973 5.8288117823139211637 8.3998948560685509079 8.8203539849876442247 4.1116288606481417034 4.6952937073323637307 1.9443615280816368696 0.40006254696634396817 0.065618293248580025767
nan nan nan nan nan nan nan nan nan nan nan nan nan nan nan nan nan nan nan nan nan nan nan nan nan nan nan nan nan nan nan nan nan nan nan nan nan nan nan 0.1826942627498401861 1.0030747802458035434 3.1902200208264748227 7.8653483405226110037 14.530945324343109704 7.7813650376924767826 5.5839560138405790468 1.9814633012292954817 0.78399908897726111601 0.21991526938352617959 0.05118539879388075281
nan nan nan nan nan nan nan nan nan nan nan nan nan nan nan nan nan nan nan nan nan nan nan nan nan nan nan nan nan nan nan nan nan nan nan nan nan nan nan 0.29893495289648952529 1.4557412233869178042 5.3573928263526555682 8.4823624252832576786 7.7765669426201391445 5.6514769261221475816 2.4775628952308350605 0.82131210530174547646 0.59724579011885137181 0.30627748805344223726 0.15672114397981765088
nan nan nan nan nan nan nan nan nan nan nan nan nan nan nan nan nan nan nan nan nan nan nan nan nan nan nan nan nan nan nan nan nan nan nan nan nan nan nan nan 1.9493532649938698498 6.0484063088348793968 10.203316237993179882 7.8254907212646500625 9.6033028456696207797 4.0857148086616916771 1.8377749050307083944 1.6572722322316926213 0.73362237183072009916 0.24716765732190681959
nan nan nan nan nan nan nan nan nan nan nan nan nan nan nan nan nan nan nan nan nan nan nan nan nan nan nan nan nan nan nan nan nan nan nan nan nan nan nan 0.30221237133933176455 1.4640706804224550286 4.7435112180476917132 11.584612858324339513 16.651201160262459666 8.8333176684406709001 5.5627652699306127104 3.6789366917509194188 1.6554038925867844423 0.98237398953155963266 0.36650775045476818859
nan nan nan nan nan nan nan nan nan nan nan nan nan nan nan nan nan nan nan nan nan nan nan nan nan nan nan nan nan nan nan nan nan nan nan nan nan nan nan 0.19317968850899949751 0.93480974943981276493 3.3249412183190059089 8.1768604477718032086 7.9192327996972933235 8.7048301380907986413 4.4265459560161097841 4.9415530516692420804 4.4176374832817515426 1.9312599857469645581 1.6274239799218401803
nan nan nan nan nan nan nan nan nan nan nan nan nan nan nan nan nan nan nan nan nan nan nan nan nan nan nan nan nan nan nan nan nan nan nan nan nan nan nan nan 0.48528779653108133907 2.2371126383494543965 5.2401923426887773161 10.382598635043811086 6.9322988749757943339 4.7605253380214227477 5.4064006387913607909 5.2201728053440126232 3.5102740569466850395 0.50710608719355609875
nan nan nan nan nan nan nan nan nan nan nan nan nan nan nan nan nan nan nan nan nan nan nan nan nan nan nan nan nan nan nan nan nan nan nan nan nan nan nan nan 0.23954115788023361278 1.0817908032747070024 4.240224553912232075 5.5927249809866443897 6.0327429060368213953 2.8359725007826908083 2.5821950666383979289 3.1509350380917542367 1.3536093176697534535 0.64723262496849143233
nan nan nan nan nan nan nan nan nan nan nan nan nan nan nan nan nan nan nan nan nan nan nan nan nan nan nan nan nan nan nan nan nan nan nan nan nan nan nan nan 0.1152421593995190674 0.70331757946554551708 1.7206708630705329632 4.4963953772287901245 4.3042815426527534228 4.4132257802043559636 1.9587001885639678811 0.89461878988298648707 0.57367754149438832112 0.26991685909512502795
nan nan nan nan nan nan nan nan nan nan nan nan nan nan nan nan nan nan nan nan nan nan nan nan nan nan nan nan nan nan nan nan nan nan nan nan nan nan nan nan 0.056660676164845637237 0.29050130309989996569 1.2922880013941051569 3.5313819338743770437 7.1623528599419543639 4.5286452454395176304 2.0780379739615342238 2.1674734996429396716 0.95756450786498858996 0.70106950793862587989
