src/SDSim/tmp/apis12
ncols        196
nrows        122
xllcorner    -12.166618000000
yllcorner    34.999860000000
cellsize     0.083333000000
[rows 44 to 65 of 122, columns 0 to 49 of 196]
nan nan nan nan nan nan nan nan nan nan nan nan nan nan nan nan nan nan nan nan nan nan nan nan nan nan nan nan nan nan nan nan nan nan nan nan nan nan nan nan 0.6105558240381175894 1.6239239069370119406 2.4220441082815762357 4.3117300383025112254 4.2822316098223343062 5.2977560532656342573 4.7487376621454622239 2.9058206431269795189 1.8466488765214530421 1.1931521842468002514
nan nan nan nan nan nan nan nan nan nan nan nan nan nan nan nan nan nan nan nan nan nan nan nan nan nan nan nan nan nan nan nan nan nan nan nan nan nan nan nan 0.41072265733204305072 1.1039749702295904576 1.9932529849634115227 3.0256413217564586127 4.0098000206108128651 4.4833359510271968418 3.2651616324596259844 4.3259004531861711129 1.9847257683972050479 2.2306499411049434123
nan nan nan nan nan nan nan nan nan nan nan nan nan nan nan nan nan nan nan nan nan nan nan nan nan nan nan nan nan nan nan nan nan nan nan nan nan nan nan nan nan 0.72580371777875862804 1.4098241630001779878 2.3057688052905400689 2.2200709957747233325 2.9272488570002885844 2.9176185835078625175 4.7082167500581597608 5.2058342773767609657 5.5105245850124306983
nan nan nan nan nan nan nan nan nan nan nan nan nan nan nan nan nan nan nan nan nan nan nan nan nan nan nan nan nan nan nan nan nan nan nan nan nan nan nan nan nan 0.43544804391958336076 0.93211662634329606192 1.4484721233677069208 1.9988068105468517199 2.807435248978962683 6.6540841641382098004 8.3904822426557181814 9.3058498255608608218 5.4015867676572471012
nan nan nan nan nan nan nan nan nan nan nan nan nan nan nan nan nan nan nan nan nan nan nan nan nan nan nan nan nan nan nan nan nan nan nan nan nan nan nan nan nan 0.24219067632719268324 0.54521921253104443927 1.0391747861504077033 1.9365281492430637122 4.2069478049586583879 5.8783202076026190852 13.79601782320817982 10.646761892300970587 4.6449636009411578996
nan nan nan nan nan nan nan nan nan nan nan nan nan nan nan nan nan nan nan nan nan nan nan nan nan nan nan nan nan nan nan nan nan nan nan nan nan nan nan nan nan nan 0.30919077491938173896 0.70004769202424865782 1.589679120346430885 3.2742780254579226806 6.7187163255075494916 8.3101126095812318795 12.948881406903636204 8.4603981002092041308
nan nan nan nan nan nan nan nan nan nan nan nan nan nan nan nan nan nan nan nan nan nan nan nan nan nan nan nan nan nan nan nan nan nan nan nan nan nan nan nan nan nan 0.2339531383214695226 0.57245700866091242531 1.0781345744891415173 2.2986525503724113406 4.6900978683398086844 6.0660511402610506337 11.679285654606522016 10.545595427956543588
nan nan nan nan nan nan nan nan nan nan nan nan nan nan nan nan nan nan nan nan nan nan nan nan nan nan nan nan nan nan nan nan nan nan nan nan nan nan nan nan nan 0.096143452342114063547 0.32114308880651376565 0.7450457055706979359 1.4331349782484763544 2.2233486152609240882 1.5006133012371734026 2.3803482387576235801 4.397970256838791947 12.961652414081772378
nan nan nan nan nan nan nan nan nan nan nan nan nan nan nan nan nan nan nan nan nan nan nan nan nan nan nan nan nan nan nan nan nan nan nan nan nan nan nan nan nan nan 0.56336348319710216614 1.3986345350495257289 2.5175010400593818005 2.0833319227264843754 5.7432031510956704778 4.459620793959508056 7.7520758879158506716 10.881235999168151096
nan nan nan nan nan nan nan nan nan nan nan nan nan nan nan nan nan nan nan nan nan nan nan nan nan nan nan nan nan nan nan nan nan nan nan nan nan nan nan nan nan nan 1.1904919935177651347 2.5302877443106850386 4.9536707497425869207 6.5080328596180754275 5.0524043875188997532 4.8003290589005338518 2.6297161189126745384 4.9268840771710209481
nan nan nan nan nan nan nan nan nan nan nan nan nan nan nan nan nan nan nan nan nan nan nan nan nan nan nan nan nan nan nan nan nan nan nan nan nan nan nan nan nan 0.91825662344164826756 1.6699097156092197469 4.2900575588964562357 8.9398058667931667998 8.8802454936250576623 6.3814230651742738232 2.9395745691330552596 4.1790460247799305904 3.275078550295243307
nan nan nan nan nan nan nan nan nan nan nan nan nan nan nan nan nan nan nan nan nan nan nan nan nan nan nan nan nan nan nan nan nan nan nan nan nan nan nan nan 0.77270604474086812541 1.6970197270827924729 2.8447078897606372649 5.6869249429424524322 10.958279351257763423 15.205605849838768506 10.375014927702741474 5.7771422209547882431 5.1647027844265211982 4.4955764381326082102
nan nan nan nan nan nan nan nan nan nan nan nan nan nan nan nan nan nan nan nan nan nan nan nan nan nan nan nan nan nan nan nan nan nan nan nan nan nan nan nan 1.6425158662204144555 3.0424571154685686736 4.5150415876362215428 7.4399534600333749879 11.889648213202589133 11.749906357897188514 13.606692481809661288 8.2504452075851286708 5.3031483144182711698 5.7602472764159973195
nan nan nan nan nan nan nan nan nan nan nan nan nan nan nan nan nan nan nan nan nan nan nan nan nan nan nan nan nan nan nan nan nan nan nan nan nan nan nan nan 3.2395763602394507252 4.8221484256083968489 5.8502961218250515429 7.4939423699111316068 8.9535296775793788981 7.2608530680918450528 8.9431355847752858068 7.7424982595161946364 5.568244828307270744 4.6123736379661544049
nan nan nan nan nan nan nan nan nan nan nan nan nan nan nan nan nan nan nan nan nan nan nan nan nan nan nan nan nan nan nan nan nan nan nan nan nan nan nan 2.5433972387551606609 4.7148006642834356938 6.6185389992297540829 8.5869017595813215138 7.9836873562121910552 7.0644566513360009807 5.0470685348589245933 4.9523514477211421081 4.3816065182684305057 3.3839564322156285847 2.8490086149590143627
nan nan nan nan nan nan nan nan nan nan nan nan nan nan nan nan nan nan nan nan nan nan nan nan nan nan nan nan nan nan nan nan nan nan nan nan nan nan nan 2.3340723376729322069 5.9642237967245685937 8.7846494351066439776 10.439727015868053073 11.284101760113449231 7.9964612107962516063 4.9780349608645888537 3.1693145407419063275 2.2620007214732891221 1.4497918921020414018 1.5847871299950109236
nan nan nan nan nan nan nan nan nan nan nan nan nan nan nan nan nan nan nan nan nan nan nan nan nan nan nan nan nan nan nan nan nan nan nan nan nan nan nan nan 5.5496091916955689882 9.0391402649061127761 10.802312251341879445 12.127631251370241117 8.1314906771878234792 5.5646177262259799434 2.8557743305136180645 1.3342762828593202062 0.87302230789809098788 0.69634811805632146342
nan nan nan nan nan nan nan nan nan nan nan nan nan nan nan nan nan nan nan nan nan nan nan nan nan nan nan nan nan nan nan nan nan nan nan nan nan nan nan 2.1123265890700366754 4.2209953059874720793 6.9793890577904162953 10.009085277412216541 8.8534552049380614847 7.802879331660824036 5.9842667932848776502 1.8772795362913998751 2.0516523791795742149 1.8324806908795099325 2.0476156134075966797
nan nan nan nan nan nan nan nan nan nan nan nan nan nan nan nan nan nan nan nan nan nan nan nan nan nan nan nan nan nan nan nan nan nan nan nan nan nan 0.58181586987384914522 1.5071518150687734927 2.9830554823106969486 4.4936991905603518305 5.8084941597652912648 5.69318785934000271 7.3864185328805209707 7.015768381314905433 5.6453699589983008522 5.4796546159991921243 5.5955602605434089369 6.2568466671316107508
nan nan nan nan nan nan nan nan nan nan nan nan nan nan nan nan nan nan nan nan nan nan nan nan nan nan nan nan nan nan nan nan nan nan nan nan nan nan 0.44337299163270443847 0.98144136589431041351 1.5665964059190915503 2.2969124440264514497 3.1749213081711284978 4.5692916972478681004 6.5962952354520707487 7.1085757102944180374 8.7934717742177532784 12.654735589704584342 11.312094119510874179 6.984171938999165441
nan nan nan nan nan nan nan nan nan nan nan nan nan nan nan nan nan nan nan nan nan nan nan nan nan nan nan nan nan nan nan nan nan nan nan nan nan nan 0.38621358024879332005 0.72612757625355361935 1.0534750289641436893 1.2333913876445652402 1.7596974412151757949 2.708585417970919007 4.6947317515694253487 8.2779587158821801296 11.976103442219208972 17.840889125851962405 19.206786647330815754 15.228970554051128872
nan nan nan nan nan nan nan nan nan nan nan nan nan nan nan nan nan nan nan nan nan nan nan nan nan nan nan nan nan nan nan nan nan nan nan nan nan nan 0.47538323067165888514 0.84156911388922028827 0.88999596119822510509 0.90664911476426324199 0.96200538911431954237 1.8500547960629210031 3.4627705445355876357 6.3134552758994253452 12.418360495108291985 18.365070052513615906 23.353008762209746862 20.639952726958593843
