src/SDSim/tmp/apis16
ncols        196
nrows        122
xllcorner    -12.166618000000
yllcorner    34.999860000000
cellsize     0.083333000000
[rows 88 to 109 of 122, columns 50 to 99 of 196]
5.8029546177359678794 5.871170033077453887 5.416104709647444615 4.8803558204610091309 4.8878719415823947969 4.4178612104963184137 4.987427847067419151 5.3501874671936944239 5.5302358497973278517 5.2850554967288383423 4.7665872404018170272 3.5042586824072747831 2.2829161781034392753 1.6947778376807409728 2.1294847811547255034 3.8779221700653319083 5.332631747984989623 6.3513937685659733745 7.8777526801488342301 9.9221844280457371923 10.405566688556941557 9.2365904162813059486 8.5185960333058226013 6.8840198104511571842 4.9588310258741428171 3.2241614222804066969 2.0267464207724317227 1.8052327522549682648 1.6461761743075036257 1.8459277564559055662 2.0769811754367140111 2.1119168833681927211 1.8679687038592485138 1.5609192542250776015 1.4948015871213562455 1.6697703738457707612 1.9698918702981098594 2.2651729777282900713 2.2806827936056790485 2.3896877488189494088 2.4736501497132938887 2.5659256734608399952 2.7751574393613327452 3.2771737714256938823 4.5261001295136553679 7.0233790565667071348 9.9608536920813026683 12.429683231275857835 12.389428116200797092 12.149631216739120276
7.9994454442829558971 8.5028642349107013132 8.4221436008017072083 6.8223178151732017938 6.0964862990621968564 6.2428819941254500847 6.3855233236037722833 7.7477064006364617654 9.4531934845290184199 9.7425500964886460054 9.2476371187281038999 7.1826148855815725724 4.4198588960177085383 2.8270509734123225876 2.1958619201429150358 2.6372492989754885429 3.8506282337661463799 4.3848474652938360663 6.6793208960322330014 7.2247299929714650091 8.2125835932194206634 8.9428930779868593959 8.5119538702046373402 6.6658748677142467542 3.6664396875902180994 2.1858977136281052545 1.5834623612171818685 1.0971287034737178256 0.89575267075523301585 1.0965906681172010728 0.95627067203901405801 0.93925000978357064962 0.94405708194705995062 1.0111314463814484732 1.6324888561539043774 2.4121601359982682844 3.2873264829644943674 3.8433915085854466476 4.1918428559295142222 3.7669837664728800242 3.5607788799559991766 3.1953579076268101566 3.090877678612868884 3.2422379578436357761 4.5413583981528349298 6.8985298556219341037 9.8656730991577212819 11.220797126040816138 8.2774777283872342792 7.8966698547240774531
10.870289193700726216 12.468469127897018112 11.394594408842504407 9.760468601367723096 8.8941101773454143142 9.4192425391934619938 11.940762071387018395 14.822261252078680727 17.159763079139590758 17.050847898512795808 17.100163101302065627 11.663772964868595494 7.1554660784784012151 4.2008532666961828639 2.4930151674184344301 2.4704834388272871593 3.0881314304917943936 4.3663207259892082845 5.5859481377444684114 6.3670157162637401882 7.2199888627961792409 6.9345874347320490827 6.8211856601081759521 4.7147131312496437516 3.2140854094554183185 1.8040118899703725397 0.85501851482446156183 0.55365889372111587452 0.44519007797084975131 0.41480623718561254742 0.44060589236289815496 0.46746811950778482947 0.595530479196799023 0.99397708308771770547 1.6688210831573992987 3.0225981679125446533 4.4793217280568864425 5.6725268645710542614 5.7315150433637978011 6.5805504561921157602 5.0513721238872717478 5.007853676075486149 3.9981005656648065383 3.9961956484528990963 3.8699548866451252138 5.508002779015036765 7.400761479984492297 8.6751464036682239822 8.2496779132331603535 3.9635177173192008837
12.119282035656846475 14.767011756400437505 14.521809237628408695 13.840423887384570634 13.53535382152119837 15.853718910461044089 18.146198210177750809 23.068325209449444202 26.07676713999161322 25.77729534247651344 21.539210652704422699 16.4977976913261557 9.9343403935227030388 5.0495898185895429222 2.9920909022805162181 3.086026022130091917 3.6955463659706579982 5.2404862282337774104 6.6258598272399487072 6.4717249472254225751 5.7324153732011557949 5.5249258841135890918 4.3780613766231972761 3.2371847666260160636 2.0068565857324012214 1.2206553019022818862 0.66770499822658002653 0.39437777884374292103 0.29511880125093492566 0.24400592006873947359 0.24339743620899886856 0.32121271301125375874 0.53748137360214276459 1.0354399151782929245 1.9628067906934603126 3.1353488991418525522 4.8367365651293576789 7.2241421393407128093 7.6632641017523894789 7.9280342986726530796 6.8702563895281958395 5.4218680447506555353 5.6751127490773871642 3.7839854872697413768 3.0966325613147009932 3.8693496885739193658 5.391960326220178068 6.2113877759248374844 5.1301761175701496853 2.5690505984024305519
10.98845094308961734 13.400328180373795917 16.398948900348877089 16.81598280750259633 17.019021741378431045 19.407044506551937246 25.946178937445246504 31.365907375541205226 32.855856994758788403 31.62089747643721438 25.783174072636789731 16.765729886526511194 11.668581435877486641 5.9605074072728481127 3.5302980196843596339 4.3140796123380882321 6.4762977071278049479 7.89039757616609716 9.3919851857105420834 8.1750383881297583599 6.3184046713719919097 5.3359785639651100553 3.9123380428056790947 2.6412483434257976178 1.7722275776927916002 1.1192599590074909788 0.80240251509434268318 0.55527644400473674668 0.40720605652800589969 0.28862300908386306908 0.27250599716286350027 0.35736713869605674088 0.64732229178548206239 1.1645235555307016373 2.1646783973191530137 3.6568888758221120838 5.4387988153104318556 6.8762994513678359354 7.9362457487067255002 8.0406032292607889644 8.5605561620275185675 8.2472529701995114237 6.9382244777760009313 2.2900961180749668245 2.0419035807195022869 2.5960521331171926285 3.2174345550555512041 3.6179289273897765611 2.2881515165588814931 1.9853461693352252304
7.0817183685609714772 11.306897164192291072 15.005883201512483893 17.673977425146972564 18.758302756061752348 23.264474581263979047 25.945102557226263684 34.957248477988514423 37.622936691189217129 30.224943761887768545 27.774588303586625671 19.916921348510907563 9.8616888446888051334 5.7240529387584899723 3.9500148033053719132 4.5551409305105146075 7.2726818507934885005 9.3194658283633486917 12.571471527101754972 10.196674993500870698 8.9069786026681825319 6.9618419556738455611 5.3729643400780160434 3.3436717217219102949 2.1229447725434535954 1.61249317302828854 1.2833343907281782315 0.94711476199648891861 0.67486546724580032119 0.53620250944821246097 0.52071097298512025731 0.5870285891877645712 0.80376899943892843314 1.2569626317050279773 1.9997247697602136274 3.2502144411643865141 5.3672395453077079708 6.7871502203805356146 7.8102771464700113668 8.9636768596476912307 9.6800973229329265735 8.7764658162504787242 5.9104840026587215362 4.2546475201996445392 2.0773189867591339564 1.8364347532824516485 1.6509617196463648447 1.6237410395223066395 1.4431193370502100048 1.4526109341499835459
4.7088005135807557977 8.0490763110697631788 11.597975387066341568 16.197567342778107502 17.422133079485096374 20.845464230265587702 23.135968816989841201 27.867074578698417753 35.031839191525122601 27.321043570276611234 22.345846797037655307 15.562289086166394725 8.5824577905603103289 4.4863412052949884767 3.3564243676344935885 5.0757445717771867422 7.8413166470124053831 11.729937512085141904 12.083492203241181784 12.296644019910077716 9.5272114568572821014 9.0356452183249036381 5.9429220378936893354 4.0049597239764436196 2.9369676998626070841 2.3979579098855507979 1.9992103017416407162 1.6065509400299093912 1.2343774983481108354 1.0612860134668020695 0.95618341190744116087 0.90661522404092731442 1.0840089295344101927 1.4101289035777728742 1.8511335643083937086 2.9667434694911194448 4.0148787144636282065 5.3127310967956180576 7.0328797705082903846 8.5475735408534809778 9.2028111990411733956 8.6479339194088904463 7.3605022263658614889 5.2261891026319009512 3.9403029052319529235 3.1545460979400448132 1.5560983620790043158 1.7639732867839823527 1.5628570578106646405 1.6059130161931562952
3.0570610508052893373 5.8034247256931656977 7.9984877168529839864 12.376448181623942446 16.576852601835707191 16.66814925516020196 14.905011420069158135 15.329853388919833179 16.384531351642625197 15.547634331708851008 12.57261568448184974 8.6481245662634016469 5.4733882732960559281 3.1113710881519449636 2.9181615599081198731 4.6958476144658822804 7.725803115626996842 10.739603257611298304 13.327205377128112929 12.104224119373098389 11.836620770912910316 8.4559498751170494302 5.8591116615449765348 4.4625194665451930476 4.0597695013683541276 3.7133089240843446532 3.2696937170355893088 2.5792718244661521076 1.9800143353133667912 1.5930120778766012624 1.3900768611628417926 1.5992917819712446637 1.5732296472659135222 1.7043093592661642255 2.0068018608884359288 2.244820884259099536 3.3392925080172832786 4.1264049107467473121 7.0413859319713871798 9.7094764921929161972 11.343603335573055446 11.134910705301949818 7.9174867723916557694 6.5296892393005174782 6.0259947656050174558 4.5570869670899147863 2.9919056557455645518 2.709875493091593146 2.7392412637004324161 3.4374825594487061764
2.2561588194495922899 4.5537735712763227625 7.274295122431989391 9.7284762356721099508 9.6740413434956789018 8.1035826408144338018 nan nan nan nan nan nan nan 1.5796103970625157142 1.9714760753032407603 3.1473159857734893663 5.3321146863103141555 7.5197710010391656255 10.802667096753822307 12.400406812753693941 11.051762304658824476 9.9285452195693082444 7.1875067092873692332 5.9661751922198824616 5.3970746021008304538 4.9159463974013029031 4.2736093583878229651 3.00454125434708752 2.3516723993206496424 2.020034400834508137 2.3919760324960783748 2.0491291530375113084 1.8449398290554999136 1.9951567347698766497 1.9868188102603685508 1.9704194570879638437 2.8394127522410022024 4.7672112882644128717 7.6121337184484403338 11.322811094728647774 14.315882250252261798 14.891020629243779894 9.0200638837948350357 6.493553542828544245 7.5030197981534358931 6.4418861172138495164 5.0473212518931687143 3.2509881555572937017 3.1203977787794157095 3.7218939844481226942
1.2403605134451609615 2.2336744403329769071 4.0828394805268182211 4.3861041614328009075 nan nan nan nan nan nan nan nan nan nan nan 1.6212008258631542823 2.8303170240941653013 4.9058153388289964525 6.6345059399001176104 8.3896102120545599234 9.5565351370082716187 8.2161645515802170792 7.9919219979105493579 8.4747964891852021196 8.3855605700732276375 7.2717267454636429491 5.2798201920465457349 4.0698638425568507415 3.419152867357016401 3.5468978726746183128 3.3905899048368381976 2.8199019437878347638 2.2334440064059313258 2.0649060677222212945 1.5572331775252090669 1.5561259321864946426 2.4318078717187701088 4.7659447575407973829 8.4465655375636075064 12.160559896814548964 16.102101287914425853 17.52880750695905121 16.646822838685121582 12.110469225822306782 10.060124539071690464 6.0135318713820602454 3.9437541908279638569 3.7554203400866508211 2.0875841804704742266 2.1873138132571723347
nan nan nan nan nan nan nan nan nan nan nan nan nan nan nan nan nan nan 4.0832002425100970555 6.4359430130526753544 6.7818088954098314503 nan 8.1463156083127010731 11.511439159965727086 11.279664669194890081 9.6632238775694112576 7.7488955863973014715 5.7496747464060877775 4.798030464300533815 4.3538049336735955563 4.1933839008906002022 3.032711901473113425 2.1231812210577793998 1.5396316338969637805 0.89602673445664460239 1.0609007268536267965 1.8436287151824330977 3.6651036300966359782 6.1147716355752557149 10.602607023289285948 13.39697912603777219 16.829571415245787591 15.931857251258396246 17.451718044761765469 19.928414285535268391 17.376234745117240976 12.392172659098690701 2.8722253559897947817 1.810216036658989891 1.5928455338034013256
nan nan nan nan nan nan nan nan nan nan nan nan nan nan nan nan nan nan nan 4.3002538164722947656 5.1845293751769583324 5.9913528755658278513 7.3637573958134208141 9.6366631808274334503 11.655887329436286137 10.098129906909047548 7.5118667977601880636 5.5943069906113676026 4.6309415930425910091 4.320101308675335261 3.8315030269795893325 2.5984987268116226389 1.6128764108991218151 0.74853610209403276254 0.54412425577699519152 0.50455224261308906364 1.1297354120949352208 2.2406717238994668939 4.5788038886304480712 6.5579232161576710425 9.9069518468481820861 11.024374355525504043 13.548924631915365779 13.345545332854133136 23.852218998761831159 20.067157456806800297 13.660376076325780659 8.6768265121346459523 2.2833046319055050333 1.1683795084793366925
nan nan nan nan nan nan nan nan nan nan nan nan nan nan nan nan nan nan nan 2.9813239116037637544 5.2172784485843477498 6.354882809280923972 7.0629475749585246547 7.3556662553543556982 8.9551100357226101067 6.6770065392970208151 4.9246704192703019132 4.1411315373630745995 3.4685310516029037586 3.17749545819540824 2.5024505975130697522 0.65575104197688072194 0.67726590073177739271 0.47436543197318620235 0.31259788481060118981 0.20481244508299401019 0.52283307139226076199 1.3740972936823960815 1.9576988779016450959 3.4958944410860222085 4.0487782632534763394 4.8944598942290049592 6.3481298148911760038 10.911776744048250265 13.506625791626435173 11.948985174767267736 7.2298654815505098981 4.5188577164052778912 2.6278283881165256375 1.128249127029498089
nan nan nan nan nan nan nan nan nan nan nan nan nan nan nan nan nan nan nan 1.722789993075076076 3.5716827217486333268 4.513559965874604174 5.4604914880678867561 5.3962062704684834458 5.0808646043652734292 4.6638239540469879074 3.4487288671141560492 2.8639190104236873502 3.1256763344269766769 2.8201096413328379242 1.8036834086231057217 0.53350239469162463735 0.32558870134525713658 0.23536951233046424226 0.079267196410311602239 0.073409499134552219646 0.29759280693245249161 0.49841792256873168609 0.86817875200755623144 1.2828092261493861947 1.7658918198887241235 1.7217101560123897475 nan nan nan nan nan nan nan nan
nan nan nan nan nan nan nan nan nan nan nan nan nan nan nan nan nan nan nan nan nan 2.9187699524917198879 4.0651557990315332347 3.9626393686577192632 3.4478761437734033457 2.881711168924479427 2.9608680891229419707 2.433124104663602516 2.4829383599777457015 2.4787460793293165651 1.5873786851638482798 0.91979798144744884247 0.4255673325355907588 0.20961998901548925534 0.085639013750922171608 0.06491625292196995245 0.13026695494136897313 0.23867362006620695958 0.41190294839396052184 0.54685934300709138078 0.76484273508353828319 0.38132989674820116921 nan nan nan nan nan nan nan nan
nan nan nan nan nan nan nan nan nan nan nan nan nan nan nan nan nan nan nan nan 0.86707254145948808866 1.79109230247095641 2.3797181137666560957 2.6562908004240370907 2.3356265830578086806 2.116314918000777201 2.0409899872578116664 2.1806430072644968909 2.1054050066617238102 1.8460100454274641635 1.2972632097055964984 0.81535754944532035093 0.43533414352573518435 0.19005569257311438758 0.083465383202365642235 0.040426504631758300445 0.041722491679804227238 0.073395273129016141977 0.12474984267617399147 0.15126694252054045942 nan nan nan nan nan nan nan nan nan nan
nan nan nan nan nan nan nan nan nan nan nan nan nan nan nan nan nan nan nan nan nan 1.1310957664443375137 1.2884056657043241323 1.336831491708498465 1.503257578746233003 1.486722979425743052 1.7227661664841116274 1.7395330113944997841 1.5890083942724089194 1.6101227636115349462 1.0669093490198540142 0.52278424319694094535 0.30486447895976837019 0.13765820241105664046 0.048244639392462526639 nan nan nan nan nan nan nan nan nan nan nan nan nan nan nan
nan nan nan nan nan nan nan nan nan nan nan nan nan nan nan nan nan nan nan nan nan nan 0.66561823054305158109 0.98393420262003894461 1.1343361449892195303 1.2316684110774063221 1.1385608864976168864 1.3895868737646945856 1.36368636236855445 1.4152587660559987626 1.0317870328377289901 0.53357472509798320459 0.21396287645623923712 0.085970455439354137583 nan nan nan nan nan nan nan nan nan nan nan nan nan nan nan nan
nan nan nan nan nan nan nan nan nan nan nan nan nan nan nan nan nan nan nan nan nan nan nan 0.52670057777106038532 0.74727547435101082662 0.89201994816975160862 1.1948477194594895323 1.3369832420643621429 1.2766293291123858022 1.1433931718492411633 0.83351645556285824945 0.43677982445001822809 0.1629282603837804988 nan nan nan nan nan nan nan nan nan nan nan nan nan nan nan nan nan
nan nan nan nan nan nan nan nan nan nan nan nan nan nan nan nan nan nan nan nan nan nan nan nan 0.45112151751135509681 0.63497093837193208099 0.79375194124893155845 1.0920495373731433641 1.1804383934023281455 0.69298490947925794892 0.48659202424763542405 0.23970348000865748794 nan nan nan nan nan nan nan nan nan nan nan nan nan nan nan nan nan nan
nan nan nan nan nan nan nan nan nan nan nan nan nan nan nan nan nan nan nan nan nan nan nan nan nan nan 0.4220708726625396201 0.59645592177535744494 0.54643929395299739582 0.53434269768142861334 0.24910403474401376922 nan nan nan nan nan nan nan nan nan nan nan nan nan nan nan nan nan nan nan
nan nan nan nan nan nan nan nan nan nan nan nan nan nan nan nan nan nan nan nan nan nan nan nan nan nan nan nan nan 0.18096532152840211216 nan nan nan nan nan nan nan nan nan nan nan nan nan nan nan nan nan nan nan nan
