src/SDSim/tmp/apis17
ncols        196
nrows        122
xllcorner    -12.166618000000
yllcorner    34.999860000000
cellsize     0.083333000000
[rows 22 to 43 of 122, columns 0 to 49 of 196]
nan nan nan nan nan nan nan nan nan nan nan nan nan nan nan nan nan nan nan nan nan nan nan nan nan nan nan nan nan nan nan nan nan nan nan nan nan nan nan 0.23364136293286327795 nan nan 0.11375752693285315353 0.10884436278881128024 0.076968654594480337416 0.076980374211881641422 0.1513010325597889949 0.27114906502374791497 0.32470590775452123911 0.27709227568798122654
nan nan nan nan nan nan nan nan nan nan nan nan nan nan nan nan nan nan nan nan nan nan nan nan nan nan nan nan nan nan nan nan nan nan nan nan nan nan 0.38945667364272312794 0.46503355947114194402 0.41904925900546230455 0.30780298674976025453 0.25378879548341637395 0.20362113643554757836 0.14881624900308837445 0.13772699264816162801 0.16418481168132337267 0.23604849844849729035 0.26695523280556676671 0.23996154546362569171
nan nan nan nan nan nan nan nan nan nan nan nan nan nan nan nan nan nan nan nan nan nan nan nan nan nan nan nan nan nan nan nan nan nan nan nan 0.23720192730840136686 0.40266280422644612491 0.52673247370044651294 0.60886859588346498029 0.54501443368195801042 0.47319792437140301145 0.40550760028701493543 0.26050239504895550402 0.20953146628185345679 0.17921880435069467707 0.194800996115501307 0.21102465417896404398 0.22094873197162462342 0.23370287205318712731
nan nan nan nan nan nan nan nan nan nan nan nan nan nan nan nan nan nan nan nan nan nan nan nan nan nan nan nan nan nan nan nan nan nan nan 0.11206222198482007624 0.31562613311459725152 0.48467398405453238075 0.58238929511446202447 0.59211674843390282863 0.61159039338679843656 0.48931545085967148578 0.44678070363467736748 0.41039106115525642027 0.3242502175611501336 0.25965023555394384225 0.25643669474480618176 0.2805564702237457464 0.27666824854388782917 0.27012173657130672533
nan nan nan nan nan nan nan nan nan nan nan nan nan nan nan nan nan nan nan nan nan nan nan nan nan nan nan nan nan nan nan nan nan nan nan nan nan 0.47589599414506761343 0.57775893350584495156 0.58493675257347899077 0.54452661106654076661 0.57681757185546966848 0.54611014371682919943 0.55023721798597546861 0.49880813833052206618 0.45590193042060661588 0.44677377656862488076 0.45622035342677524916 0.47980734164868016345 0.35964476603269823762
nan nan nan nan nan nan nan nan nan nan nan nan nan nan nan nan nan nan nan nan nan nan nan nan nan nan nan nan nan nan nan nan nan nan nan nan nan 0.33845041749852083912 0.55633689180685474973 0.54610241271416148923 0.58150631967519783583 0.56745908927303967406 0.58576440046599476119 0.59823617395102979266 0.60111354763590618688 0.65011844068325108648 0.5602092382134461479 0.54013300982838807762 0.53052018824036095701 0.48310625552811520267
nan nan nan nan nan nan nan nan nan nan nan nan nan nan nan nan nan nan nan nan nan nan nan nan nan nan nan nan nan nan nan nan nan nan nan nan nan 0.25766987748500719269 0.45545198629489641595 0.51265496699636026179 0.51978565488919836746 0.42113612615242124182 0.55221058846294968081 0.59445342542844692435 0.59875734797383717289 0.60505330753179920045 0.56880493494339523508 0.48084256961303978306 0.39650372629854130357 0.31718883212875947919
nan nan nan nan nan nan nan nan nan nan nan nan nan nan nan nan nan nan nan nan nan nan nan nan nan nan nan nan nan nan nan nan nan nan nan nan nan nan 0.2576897205146421177 0.3354063517149082907 0.32706938641658406253 0.36597630820518151085 0.41797666179918979701 0.56193857039122763197 0.54225448042665602699 0.37741133474401244996 0.47802280416941178576 0.42418672064224566265 0.28506736256517589689 0.19499845376168278843
nan nan nan nan nan nan nan nan nan nan nan nan nan nan nan nan nan nan nan nan nan nan nan nan nan nan nan nan nan nan nan nan nan nan nan nan nan nan nan nan 0.23352510269592605119 0.31709551240299754804 0.45506719453440225287 0.51379302258428383166 0.42641623321466343155 0.34964968191307754797 0.17531727911585312518 0.28988313193886849906 0.25649080640426524802 0.17127705745557658679
nan nan nan nan nan nan nan nan nan nan nan nan nan nan nan nan nan nan nan nan nan nan nan nan nan nan nan nan nan nan nan nan nan nan nan nan nan nan nan nan 0.22009093502671070453 0.35977226198085326958 0.50113652868579428024 0.69686269439488990329 0.58799082668327529166 0.29937084121007551119 0.20146011588677845139 0.26230073584898933037 0.27270886954794454349 0.20849482551570708289
nan nan nan nan nan nan nan nan nan nan nan nan nan nan nan nan nan nan nan nan nan nan nan nan nan nan nan nan nan nan nan nan nan nan nan nan nan nan nan 0.070689103562996555286 0.25748249608673229316 0.43280586409558430283 0.76127313787699335546 0.89661654047115024735 0.88216517690144569119 0.40761737672364828367 0.264172117305750076 0.3570900968958889421 0.37233929036067109353 0.45747923362434528283
nan nan nan nan nan nan nan nan nan nan nan nan nan nan nan nan nan nan nan nan nan nan nan nan nan nan nan nan nan nan nan nan nan nan nan nan nan nan nan nan nan 0.61440212878263977814 0.9708392918276429473 1.2540944197764820611 1.2674344847934826408 0.52455408977948947413 0.40658375924635281606 0.45597719320529822573 0.96213616082777342342 0.6271621500035248209
nan nan nan nan nan nan nan nan nan nan nan nan nan nan nan nan nan nan nan nan nan nan nan nan nan nan nan nan nan nan nan nan nan nan nan nan nan nan nan 0.2097783163732727385 0.44875856626002003091 nan 1.3912178650290893955 2.0657519870625482561 1.5201778391168603299 1.1418410919123211933 0.53310309120546983674 1.0126908386149067187 1.2852019174710389571 0.78361493221645006635
nan nan nan nan nan nan nan nan nan nan nan nan nan nan nan nan nan nan nan nan nan nan nan nan nan nan nan nan nan nan nan nan nan nan nan nan nan nan nan nan 0.78087709312495134917 1.4240592870466934894 2.2515580791940101868 3.3443987752456578733 2.8666943576921442016 2.0883491859826022186 1.5943510581344324528 1.7323434529940393567 0.97075048963953403103 0.65080842816456807576
nan nan nan nan nan nan nan nan nan nan nan nan nan nan nan nan nan nan nan nan nan nan nan nan nan nan nan nan nan nan nan nan nan nan nan nan nan nan nan nan 0.99844017500565263035 1.9584250299535423956 3.168208040564786554 4.3358777986762575551 4.9290609734779984308 2.7905723974317648839 3.8852691152370439909 1.4767619109630187868 0.50683976547073539276 0.20878056459646379683
nan nan nan nan nan nan nan nan nan nan nan nan nan nan nan nan nan nan nan nan nan nan nan nan nan nan nan nan nan nan nan nan nan nan nan nan nan nan nan 0.59893301840096624389 1.46627650539010701 2.4203996690686011561 3.7007455467415026895 4.9143976445278854115 4.3343394754804025482 4.7307742459131043589 1.36358395269767807 0.58913998941214651417 0.19784973086920670804 0.096070455459427939182
nan nan nan nan nan nan nan nan nan nan nan nan nan nan nan nan nan nan nan nan nan nan nan nan nan nan nan nan nan nan nan nan nan nan nan nan nan nan nan 0.7142950295720997822 1.5018895609550537706 2.622943080700153029 2.9951492816256233276 3.0627537256705665847 3.270746456847836825 2.2066130649334594338 0.86064817549158290078 0.49304091254911786013 0.27475945789992289869 0.19113057765717081371
nan nan nan nan nan nan nan nan nan nan nan nan nan nan nan nan nan nan nan nan nan nan nan nan nan nan nan nan nan nan nan nan nan nan nan nan nan nan nan nan 1.7835228039667896383 2.6652656856657355178 2.8225556821476160962 3.1380918446819157097 6.4937620021725406261 4.9336185683880104946 2.3751154587547178565 1.3654450539770148776 0.45598868286453442256 0.15757646850370621294
nan nan nan nan nan nan nan nan nan nan nan nan nan nan nan nan nan nan nan nan nan nan nan nan nan nan nan nan nan nan nan nan nan nan nan nan nan nan nan 0.78994831857543523768 1.6089835505109655323 2.2853010742193884397 4.3249516380971169127 5.6897171694669115283 6.3488968877534439628 6.8359947965045142482 2.9208120239388111195 0.76074944410633338343 0.30768878642878388918 0.15514296036854330341
nan nan nan nan nan nan nan nan nan nan nan nan nan nan nan nan nan nan nan nan nan nan nan nan nan nan nan nan nan nan nan nan nan nan nan nan nan nan nan 0.75514354804317318504 1.5468048934151965579 2.6270472552436174851 3.6917616666637980138 3.9722095500897762754 5.8851926513675136832 4.9752648339971798919 3.5520733448813319733 1.3207228271740885095 0.5617278653447146386 0.7266115119767997399
nan nan nan nan nan nan nan nan nan nan nan nan nan nan nan nan nan nan nan nan nan nan nan nan nan nan nan nan nan nan nan nan nan nan nan nan nan nan nan nan 1.3538707213914675798 2.6681953092040062714 3.7067643943301566978 5.4334403434129177057 6.6365431487480366357 6.5226650765420872702 4.5443598864166778739 2.895324863943892435 1.5596569518640719387 0.33609557315326243909
nan nan nan nan nan nan nan nan nan nan nan nan nan nan nan nan nan nan nan nan nan nan nan nan nan nan nan nan nan nan nan nan nan nan nan nan nan nan nan nan 0.92190115907423753061 1.8935115843513321554 3.7008034890501098069 4.9876860106847331622 6.432672456187310317 4.5754030553223259403 4.512939021792347738 4.7281373334152423382 1.70510534015718207 1.0955276673904730256
