src/SDSim/tmp/apis16
ncols        196
nrows        122
xllcorner    -12.166618000000
yllcorner    34.999860000000
cellsize     0.083333000000
[rows 22 to 43 of 122, columns 0 to 49 of 196]
nan nan nan nan nan nan nan nan nan nan nan nan nan nan nan nan nan nan nan nan nan nan nan nan nan nan nan nan nan nan nan nan nan nan nan nan nan nan nan 0.28068739272925602446 nan nan 0.12687865132211698094 0.11770245351823525881 0.080666304816304781888 0.080858068686006104309 0.16674707284351031333 0.30361670864032896944 0.36551467376376672869 0.31171936892194429536
nan nan nan nan nan nan nan nan nan nan nan nan nan nan nan nan nan nan nan nan nan nan nan nan nan nan nan nan nan nan nan nan nan nan nan nan nan nan 0.46208326737653315774 0.55337387062871601362 0.49572210708847574967 0.35394565113072234963 0.28289723871779254294 0.21989640908218560655 0.15535307678348048155 0.14292728347071770312 0.17420199367793606782 0.25565085517968971773 0.29298421315163897249 0.26628547016049647356
nan nan nan nan nan nan nan nan nan nan nan nan nan nan nan nan nan nan nan nan nan nan nan nan nan nan nan nan nan nan nan nan nan nan nan nan 0.26630771284116694364 0.46187124231901072191 0.61292133809518245524 0.71162376686604000842 0.63213737898244448665 0.53907415977162753684 0.4494834718604129864 0.28005932761605456527 0.21842573815249122227 0.18352680353209460673 0.20146813985692449411 0.22406291454969523569 0.24120361484437735644 0.26115087610377563099
nan nan nan nan nan nan nan nan nan nan nan nan nan nan nan nan nan nan nan nan nan nan nan nan nan nan nan nan nan nan nan nan nan nan nan 0.12471760625681907464 0.35397665478755130364 0.54813239077280717648 0.66245468894345449495 0.67371053233521671633 0.69046441009509862408 0.54456934481641983137 0.48782306430184885215 0.43855399815545387243 0.338739814223879665 0.26706449262935511024 0.26513516598775915822 0.29810616194558942071 0.30402349788520088847 0.30579461334341134782
nan nan nan nan nan nan nan nan nan nan nan nan nan nan nan nan nan nan nan nan nan nan nan nan nan nan nan nan nan nan nan nan nan nan nan nan nan 0.53440906864257009534 0.64813201298721923038 0.6519445203287916879 0.60034419943145289622 0.62793618672349937881 0.58738840870733766142 0.58518259267535632784 0.52415698940802368799 0.47449345327193898081 0.46650003634238029759 0.48717572099609712799 0.52930245547396403971 0.40856058885500967648
nan nan nan nan nan nan nan nan nan nan nan nan nan nan nan nan nan nan nan nan nan nan nan nan nan nan nan nan nan nan nan nan nan nan nan nan nan 0.38181670028287079122 0.6244246586378702224 0.60502706272882711414 0.63339648235354573114 0.60868599112120813643 0.62314910729197503514 0.63456208766679889077 0.63639913323086694241 0.68629235742594729697 0.59218081104592257269 0.5788870345310346277 0.5832733864367075638 0.54616300517464133613
nan nan nan nan nan nan nan nan nan nan nan nan nan nan nan nan nan nan nan nan nan nan nan nan nan nan nan nan nan nan nan nan nan nan nan nan nan 0.29269198444489785693 0.51408958148044037184 0.57002257276819667808 0.56419038352203654263 0.44744940586446063646 0.58151549194402862852 0.62889698227995061153 0.63777634715065034676 0.64696766208196077041 0.60795484995639126335 0.51631512219458297608 0.43250120723244966925 0.35370456695937979585
nan nan nan nan nan nan nan nan nan nan nan nan nan nan nan nan nan nan nan nan nan nan nan nan nan nan nan nan nan nan nan nan nan nan nan nan nan nan 0.29195630273805828203 0.37228095662966098622 0.35210762841824383429 0.38390835319652510949 0.43546509631244018079 0.59121581349005358774 0.57855544312515094774 0.40570923844201040032 0.51404372655247343449 0.45425519565537747502 0.30642674238648992535 0.21253502476565974688
nan nan nan nan nan nan nan nan nan nan nan nan nan nan nan nan nan nan nan nan nan nan nan nan nan nan nan nan nan nan nan nan nan nan nan nan nan nan nan nan 0.24577681692661224044 0.32726718678481786506 0.47026813563441238752 0.53822935230258517336 0.45308572834048604916 0.37541265629881825916 0.18771840865401509535 0.30756201971558394526 0.27074005030219100432 0.18249090168496209796
nan nan nan nan nan nan nan nan nan nan nan nan nan nan nan nan nan nan nan nan nan nan nan nan nan nan nan nan nan nan nan nan nan nan nan nan nan nan nan nan 0.22353166394201945399 0.36888462804191163302 0.52003857901710137668 0.73270901836115065464 0.62554115663078402321 0.32042652736478327569 0.21394969165571811609 0.2734899468298603864 0.28216946106501700209 0.2183499026844794022
nan nan nan nan nan nan nan nan nan nan nan nan nan nan nan nan nan nan nan nan nan nan nan nan nan nan nan nan nan nan nan nan nan nan nan nan nan nan nan 0.070764704399736783058 0.26162130888397661099 0.44727810527667383189 0.79760740702361443422 0.95188878505360630111 0.94367782793144938669 0.43673474690458718994 0.2788751804921404398 0.3664521619076505643 0.37779916232423993439 0.46985688647917156491
nan nan nan nan nan nan nan nan nan nan nan nan nan nan nan nan nan nan nan nan nan nan nan nan nan nan nan nan nan nan nan nan nan nan nan nan nan nan nan nan nan 0.63741203069152163607 1.0250829089128485894 1.3355865073493271566 1.3576977009373949468 0.56059198905177032302 0.42670679466938704616 0.46347721241435957396 0.96274127950916676966 0.63312150844514414327
nan nan nan nan nan nan nan nan nan nan nan nan nan nan nan nan nan nan nan nan nan nan nan nan nan nan nan nan nan nan nan nan nan nan nan nan nan nan nan 0.21032828357755739557 0.45554994232730378068 nan 1.4663101843413304248 2.1932759998141166946 1.6167638637332391038 1.2100996614838483989 0.55496695800358730732 1.029038579980023016 1.2822003388710059291 0.77988017172160017942
nan nan nan nan nan nan nan nan nan nan nan nan nan nan nan nan nan nan nan nan nan nan nan nan nan nan nan nan nan nan nan nan nan nan nan nan nan nan nan nan 0.79518113448067906379 1.47718644580771441 2.3691430589712627608 3.5341149842063845909 3.0290584172175747391 2.1895229747096309758 1.6508825478114577123 1.7658989104516908952 0.97355764040964809514 0.64435069737045791438
nan nan nan nan nan nan nan nan nan nan nan nan nan nan nan nan nan nan nan nan nan nan nan nan nan nan nan nan nan nan nan nan nan nan nan nan nan nan nan nan 1.026741346525450016 2.0392026265229716842 3.3342317222847026592 4.5749030690589975734 5.1810913752469192062 2.9104144805189271494 4.0078605768589845582 1.5094924841827805917 0.51134027802434556254 0.20782832427522887619
nan nan nan nan nan nan nan nan nan nan nan nan nan nan nan nan nan nan nan nan nan nan nan nan nan nan nan nan nan nan nan nan nan nan nan nan nan nan nan 0.61305057807233931388 1.5156199533515284372 2.5341658977012060383 3.9049868890640655472 5.1861458728367493265 4.5432254037357004961 4.912142105460510777 1.4055913310019740869 0.60289480214331725438 0.20088848862932348616 0.097084236112475130742
nan nan nan nan nan nan nan nan nan nan nan nan nan nan nan nan nan nan nan nan nan nan nan nan nan nan nan nan nan nan nan nan nan nan nan nan nan nan nan 0.73382821960615685075 1.5608875822488339491 2.7588075338799979974 3.1683255686709133059 3.2237868457284140078 3.4098635768113583211 2.2809126928236733711 0.88261896158696606651 0.50201343304939527457 0.27964265456401471432 0.19591754620439319479
nan nan nan nan nan nan nan nan nan nan nan nan nan nan nan nan nan nan nan nan nan nan nan nan nan nan nan nan nan nan nan nan nan nan nan nan nan nan nan nan 1.8543516130318986601 2.8088900140359998048 2.9856770742441121058 3.2941954275407536734 6.7359236352105629209 5.062941152115501886 2.4186176828935526117 1.3861306354165630061 0.46515011064667655116 0.16311560075016304228
nan nan nan nan nan nan nan nan nan nan nan nan nan nan nan nan nan nan nan nan nan nan nan nan nan nan nan nan nan nan nan nan nan nan nan nan nan nan nan 0.8065002749485465916 1.6634803602657632915 2.3962766256383094543 4.5606289090965006494 5.9539399592431037078 6.5557252236212031349 6.9843824049598097758 2.9661567085380378117 0.77156430052360414074 0.31473381541066647316 0.1611707435802881283
nan nan nan nan nan nan nan nan nan nan nan nan nan nan nan nan nan nan nan nan nan nan nan nan nan nan nan nan nan nan nan nan nan nan nan nan nan nan nan 0.7651663280473729456 1.5826575676958340999 2.7243555447602010311 3.8476319053021112992 4.1149775320681616364 6.0318933553607747555 5.0510011719759262405 3.5871894765221012946 1.3327885961485053112 0.57072044753196926603 0.75058361856516864208
nan nan nan nan nan nan nan nan nan nan nan nan nan nan nan nan nan nan nan nan nan nan nan nan nan nan nan nan nan nan nan nan nan nan nan nan nan nan nan nan 1.369389044364435648 2.7227336358335660904 3.8025918012245796263 5.555674834841013876 6.7303739445358230498 6.5614126204590847991 4.5457503432423163048 2.8933446452186699638 1.5602218559381979546 0.33462330447206717343
nan nan nan nan nan nan nan nan nan nan nan nan nan nan nan nan nan nan nan nan nan nan nan nan nan nan nan nan nan nan nan nan nan nan nan nan nan nan nan nan 0.91817017255792221508 1.901571926510414734 3.7446554648687464528 5.0460858726476400804 6.4682154183165021522 4.5622462360954383342 4.4652346452723232773 4.6551364245522606211 1.668532822572552643 1.0514074754334199469
