src/SDSim/tmp/suitability.asc
ncols        196
nrows        122
xllcorner    -12.166618000000
yllcorner    34.999860000000
cellsize     0.083333000000
[rows 88 to 109 of 122, columns 100 to 149 of 196]
0.76478100800344583909 0.75380238657047637929 0.77880747893454627118 0.69041876502103605162 0.5453727208091964096 0.73384754586567035872 0.79773045160359268291 0.84205548542377495203 0.86645652787185101218 0.6736413597219046423 0.51857609701281837111 0.59252201033134899166 0.68988784618974241525 0.63413934777529545883 0.64193316454967763729 0.62529181665472011176 0.56612720856718212747 0.57277923653445828034 0.56169292263881420713 0.57277923653445828034 0.67014507239285170392 0.65905875849720774173 0.65905875849720774173 0.83833742683111178717 0.79741127235553055375 0.78856374123495520667 0.79596394407418435968 0.80571739794339369833 0.94380710898109076989 0.94400557143466867771 0.91940606653301470974 0.94771213143217092334 0.94400557143466867771 0.9421970566643231848 0.92782557536519327801 0.91539140381006423031 nan nan nan nan nan nan nan nan nan nan nan nan nan nan
0.71764883507660504058 0.71764883507660504058 0.77016675368212195174 0.57987003082154919831 0.48217577238103842552 0.57659238039168192458 0.67395821625007534816 0.6301773987249915665 0.74549464166516199448 0.84778624586683548614 0.66729990937881800139 0.66729990937881800139 0.64853952304941842044 0.66199689467713040969 0.68209402941536034781 0.6155383627855107731 0.6155383627855107731 0.63269201949394937579 0.56169292263881420713 0.51836077045038186917 0.57277923653445828034 0.50207204456221810052 0.68064670113401415374 0.85497877472606953475 0.90749669333158644591 0.91410305183132711804 0.84718495795168735629 0.97606645355501508998 0.97850288144702146642 0.97850288144702146642 0.97942628164380762801 0.94492897163145472827 0.9335563358082537011 0.9335563358082537011 0.94354380907089474562 nan nan nan nan nan nan nan nan nan nan nan nan nan nan nan
0.51819258625175279587 0.57086161994862150149 0.72839889408969593632 0.61942655590104800378 0.57446700909316572581 0.62805202742647536773 0.57627552386351121871 0.67395821625007534816 0.74549464166516199448 0.73197907491541036595 0.67120493182989804382 0.66729990937881800139 0.77731413761730072665 0.81181144762965340433 0.68209402941536034781 0.59303431914482995779 0.46235546934918142492 0.49643895153483463822 0.49643895153483463822 0.52986671938771345847 0.67014507239285170392 0.68064670113401415374 0.62219039075278692597 0.73806101613073382683 0.81456492906396926745 0.94380710898109076989 0.94771213143217092334 0.90749669333158644591 0.79596394407418435968 0.96805364582060660084 0.96773678929243578395 0.93850409427940317819 0.97942628164380762801 0.96592827452209040207 0.95490879620330015864 0.90835755361958303578 0.90201264886806076237 nan nan nan nan nan nan nan nan nan nan nan nan nan
0.5390354166975206418 0.57086161994862150149 0.61308165114952550834 0.57926348715293396463 0.57446700909316572581 0.62805202742647536773 0.67456475991869058184 0.67395821625007534816 0.6266100782786259149 0.79526832726131857498 0.83873228825823153976 0.72861924682661782793 0.78261715231898831835 0.75390851968620287149 0.68988784618974241525 0.65129300448373406152 0.58328086527562061914 0.54095303328335753168 0.54095303328335753168 0.52986671938771345847 0.52534096828799925483 0.61110407685714285275 0.68064670113401415374 0.74781446999994316549 0.93850409427940317819 0.93189773577966239504 0.92465035004002493757 0.73806101613073382683 0.94771213143217092334 0.96805364582060660084 0.90835755361958303578 nan 0.96592827452209040207 nan 0.96592827452209040207 nan nan nan nan nan nan nan nan nan nan nan nan nan nan nan
0.5390354166975206418 0.56584153756773836186 0.61308165114952550834 0.61942655590104800378 0.62444663828193114341 0.57659238039168192458 0.57659238039168192458 0.67395821625007534816 0.73137253124679513228 0.6736413597219046423 0.60443138353277736652 0.56730216557998902616 0.75921153438789046319 0.6964942046894831984 0.60188185026540541589 0.54095303328335753168 0.55145466202451987048 0.57277923653445828034 0.64244547336315871444 0.75666200112051851256 0.74781446999994316549 0.85549108353955050088 0.86433861466012584795 0.94905139248810099772 0.95565775098784178088 0.96773678929243578395 0.96773678929243578395 0.87213243143450791539 0.91698302514501051075 nan nan nan nan nan nan nan nan nan nan nan nan nan nan nan nan nan nan nan nan nan
0.60552366561288473168 0.72084090855305504864 0.57086161994862150149 0.61942655590104800378 0.62444663828193114341 0.57446700909316572581 0.61108969040403482431 0.67395821625007534816 0.73137253124679513228 0.6107728338758638964 0.56045339597285370736 0.44305627115808599026 0.57784946378868673467 0.65908682125811623997 0.65908682125811623997 0.65908682125811623997 0.77106217639464147418 0.75666200112051851256 0.86433861466012584795 0.95565775098784178088 0.95565775098784178088 0.95565775098784178088 0.95409969598602373253 0.95653612387802999795 0.96866018948922172349 0.98489044600087427561 0.91910839644352670952 nan nan nan nan nan nan nan nan nan nan nan nan nan nan nan nan nan nan nan nan nan nan nan
0.60552366561288473168 0.72084090855305504864 0.72084090855305504864 0.56584153756773836186 0.5103070070632460542 0.57987003082154919831 0.61169623407264994697 0.66822745580701492507 0.67395821625007534816 0.6107728338758638964 0.44000144385116402024 0.35353551553229706217 0.47785126351578000037 0.56552989591459046359 0.57005564701430455621 0.56120811589372920913 0.69924768612379883947 0.69924768612379883947 0.75666200112051851256 0.87873878993424869854 0.95565775098784178088 0.96096076568952926156 0.98245401810886778815 0.94428268599482634293 0.92712902928638774025 0.92652248561777239555 nan nan nan nan nan nan nan nan nan nan nan nan nan nan nan nan nan nan nan nan nan nan nan nan
0.79617642878721872624 0.72084090855305504864 0.72839889408969593632 0.66320737342613178544 0.57926348715293396463 0.57926348715293396463 0.54218430943970896685 0.61169623407264994697 0.61169623407264994697 0.6107728338758638964 0.59366385944119526297 0.52184416268748634593 0.40915148949158047786 0.40915148949158047786 0.40915148949158047786 0.35826682246977231694 0.40996237958394798895 0.40996237958394798895 0.64676725338401985788 0.75213625002080430892 0.80970375239134306788 0.96486578814060952602 0.95409969598602373253 0.94367614232621099823 0.87397011540069158286 nan nan nan nan nan nan nan nan nan nan nan nan nan nan nan nan nan nan nan nan nan nan nan nan nan
0.74640274319106214573 0.74640274319106214573 0.72839889408969593632 0.71220018330063061818 0.66822745580701492507 0.59641714386137256732 0.50640198461216590076 0.39638286097564440214 0.54218430943970896685 0.59366385944119526297 0.59366385944119526297 0.70570224184225094355 0.78027021354740921932 0.72285589855068943521 0.61628202553952826648 0.56552989591459046359 0.77106217639464147418 0.76653642529492727054 0.75993006679518648738 0.9031398323823247587 0.90391709598429814676 0.95653612387802999795 0.98581384619766032618 0.87397011540069158286 nan nan nan nan nan nan nan nan nan nan nan nan nan nan nan nan nan nan nan nan nan nan nan nan nan nan
0.70671879813468829745 0.75598100082571451086 0.64930448313796851334 0.60535892996097417917 0.47294862954506222685 0.34939480616835355553 0.40495510539484819157 0.28669402656813774977 0.26399489718990776232 0.31805340966233786038 0.31849317198495241676 0.29522424825917126245 0.51405034591310416747 0.57332371268897253103 0.78027021354740921932 0.89038325497902293115 0.91234786953509261487 0.96486578814060952602 0.90391709598429814676 0.90391709598429814676 0.94957394488630952889 0.96034003704089521136 0.80970375239134306788 0.95201037277831579431 nan nan nan nan nan nan nan nan nan nan nan nan nan nan nan nan nan nan nan nan nan nan nan nan nan nan
0.58643595729192787847 0.58566630103742889357 0.69807807288226386699 0.79617642878721872624 0.69135977868696218973 0.74877409368368186282 0.75511899843520424724 0.74877409368368186282 0.70633015496391204913 0.85645070722328930923 0.58913810834148105933 0.44049288599759611751 0.56253400337288028688 0.55592764487313950372 0.77183943999661475122 0.95232722930648672222 0.88258921391828359937 0.91140261277226786163 0.95232722930648672222 0.8804638426197674006 0.8804638426197674006 0.9370250199279804848 0.87685845347522306525 nan nan nan nan nan nan nan nan nan nan nan nan nan nan nan nan nan nan nan nan nan nan nan nan nan nan nan
0.52331609518470612041 0.62720638625783220466 0.67516106789789698261 0.88625431595514292393 0.79911903609049150798 0.4877018964667678147 0.59429177256285625752 0.74877409368368186282 0.75511899843520424724 0.88496935106413321392 0.94610213758225714109 0.6782610449994173063 0.78302349796758652367 0.90845003155703929476 0.92839954840255312085 0.93341963078343626048 0.80406275503138446847 nan 0.80406275503138446847 0.86442428192009446164 0.8804638426197674006 0.87685845347522306525 nan nan nan nan nan nan nan nan nan nan nan nan nan nan nan nan nan nan nan nan nan nan nan nan nan nan nan nan
0.88625431595514292393 0.86309911718739862341 0.87482189894746542613 0.76332580818236850373 0.8794650424290058055 0.9036205019419650819 0.9036205019419650819 0.91398026440701729545 0.93197482406480924855 0.9235585220416697716 0.85382050665346664875 0.84929475555375255613 0.83230240874485439395 0.85793548080617687557 nan nan nan nan nan 0.87183837109434003665 0.85793548080617687557 nan nan nan nan nan nan nan nan nan nan nan nan nan nan nan nan nan nan nan nan nan nan nan nan nan nan nan nan nan
nan nan nan nan nan nan nan nan nan nan nan nan nan nan nan nan nan nan nan nan nan nan nan nan nan nan nan nan nan nan nan nan nan nan nan nan nan nan nan nan nan nan nan nan nan nan nan nan nan nan
nan nan nan nan nan nan nan nan nan nan nan nan nan nan nan nan nan nan nan nan nan nan nan nan nan nan nan nan nan nan nan nan nan nan nan nan nan nan nan nan nan nan nan nan nan nan nan nan nan nan
nan nan nan nan nan nan nan nan nan nan nan nan nan nan nan nan nan nan nan nan nan nan nan nan nan nan nan nan nan nan nan nan nan nan nan nan nan nan nan nan nan nan nan nan nan nan nan nan nan nan
nan nan nan nan nan nan nan nan nan nan nan nan nan nan nan nan nan nan nan nan nan nan nan nan nan nan nan nan nan nan nan nan nan nan nan nan nan nan nan nan nan nan nan nan nan nan nan nan nan nan
nan nan nan nan nan nan nan nan nan nan nan nan nan nan nan nan nan nan nan nan nan nan nan nan nan nan nan nan nan nan nan nan nan nan nan nan nan nan nan nan nan nan nan nan nan nan nan nan nan nan
nan nan nan nan nan nan nan nan nan nan nan nan nan nan nan nan nan nan nan nan nan nan nan nan nan nan nan nan nan nan nan nan nan nan nan nan nan nan nan nan nan nan nan nan nan nan nan nan nan nan
nan nan nan nan nan nan nan nan nan nan nan nan nan nan nan nan nan nan nan nan nan nan nan nan nan nan nan nan nan nan nan nan nan nan nan nan nan nan nan nan nan nan nan nan nan nan nan nan nan nan
nan nan nan nan nan nan nan nan nan nan nan nan nan nan nan nan nan nan nan nan nan nan nan nan nan nan nan nan nan nan nan nan nan nan nan nan nan nan nan nan nan nan nan nan nan nan nan nan nan nan
nan nan nan nan nan nan nan nan nan nan nan nan nan nan nan nan nan nan nan nan nan nan nan nan nan nan nan nan nan nan nan nan nan nan nan nan nan nan nan nan nan nan nan nan nan nan nan nan nan nan
