src/SDSim/tmp/suitability.asc
ncols        196
nrows        122
xllcorner    -12.166618000000
yllcorner    34.999860000000
cellsize     0.083333000000
[rows 88 to 109 of 122, columns 50 to 99 of 196]
0.78710858503438430045 0.78710858503438430045 0.77542500972992522978 0.77542500972992522978 0.81546290715722857811 0.78710858503438430045 0.82863974523721839471 0.84047791274481720158 0.85233302503281282991 0.85233302503281282991 0.87482189894746542613 0.86405580679287974366 0.85233302503281282991 0.85233302503281282991 0.86309911718739862341 0.87482189894746542613 0.82860180717504572367 0.76340562788151966611 0.76340562788151966611 0.78482098964996194201 0.76885027795262383954 0.71962481035643599547 0.71609491338170361274 0.71609491338170361274 0.71879207551473645044 0.71879207551473645044 0.66603671094381622364 0.69439103306666039028 0.66603671094381622364 0.69439103306666039028 0.70695390800713775459 0.71879207551473645044 0.70695390800713775459 0.67814230986376844434 0.65996212853493696482 0.65904464538506357663 0.66645873455930926266 0.67814230986376844434 0.67072822068952275831 0.6952703327026785729 0.71879207551473645044 0.73064718780273207877 0.74236996956279899251 0.74236996956279899251 0.74236996956279899251 0.75380238657047637929 0.75380238657047637929 0.76478100800344583909 0.73642668588060167245 0.72544806444763221265
0.7640197355002767976 0.7640197355002767976 0.78710858503438430045 0.77542500972992522978 0.80377933185276939643 0.82863974523721839471 0.78710858503438430045 0.78710858503438430045 0.81546290715722857811 0.81080186482997873565 0.84047791274481720158 0.85233302503281282991 0.85233302503281282991 0.88068734715565699656 0.84619003714330420785 0.81674669488705009535 0.82860180717504572367 0.75168284612145286339 0.81592354648703657727 0.76041994720188599288 0.75699516566462810019 0.75699516566462810019 0.75699516566462810019 0.7404959558297796729 0.66603671094381622364 0.65996212853493696482 0.71879207551473645044 0.70695390800713775459 0.65419854343621752779 0.71879207551473645044 0.64827855323047789415 0.64827855323047789415 0.65505346032966083047 0.63687327900082935095 0.6952703327026785729 0.6952703327026785729 0.6952703327026785729 0.6952703327026785729 0.70695390800713775459 0.6952703327026785729 0.70695390800713775459 0.71879207551473645044 0.73064718780273207877 0.7404959558297796729 0.76885027795262383954 0.78057305971269064226 0.78057305971269064226 0.76365115459752397342 0.65829689184579598393 0.66787514948044846008
0.77015447418670301971 0.78117339220871528926 0.7640197355002767976 0.7640197355002767976 0.77542500972992522978 0.79257866643836372145 0.81546290715722857811 0.81546290715722857811 0.81546290715722857811 0.80426224174282290313 0.85763156945325558222 0.83261656386566706978 0.84047791274481720158 0.88068734715565699656 0.85699406736006267238 0.85124400489940288406 0.8178357150204600412 0.81674669488705009535 0.81674669488705009535 0.79055410733022479786 0.78948203197721178448 0.74515699815702940434 0.75699516566462810019 0.70695390800713775459 0.7168026760341852377 0.70695390800713775459 0.63687327900082935095 0.64827855323047789415 0.64827855323047789415 0.64827855323047789415 0.66568487714419855017 0.6730989663184442362 0.6730989663184442362 0.68386505847303014072 0.66568487714419855017 0.6952703327026785729 0.6952703327026785729 0.70695390800713775459 0.68386505847303014072 0.75699516566462810019 0.70695390800713775459 0.75699516566462810019 0.72864084354178393355 0.76885027795262383954 0.73925011214944791327 0.76365115459752397342 0.75221873758984647562 0.75022873358241737307 0.75022873358241737307 0.56584153756773836186
0.77015447418670301971 0.78117339220871528926 0.77015447418670301971 0.78117339220871528926 0.79257866643836372145 0.82093298856120777707 0.79257866643836372145 0.80426224174282290313 0.80426224174282290313 0.80426224174282290313 0.80426224174282290313 0.83261656386566706978 0.84445473137326576563 0.82730107466482727396 0.82863974523721839471 0.84047791274481720158 0.78096559714487567838 0.79414243522486571703 0.81674669488705009535 0.77871593982262599098 0.73439090600244372187 0.73439090600244372187 0.69618781585255185007 0.67709015137384709337 0.64827855323047789415 0.64827855323047789415 0.63687327900082935095 0.63687327900082935095 0.66568487714419855017 0.66568487714419855017 0.6730989663184442362 0.68386505847303014072 0.68386505847303014072 0.68386505847303014072 0.68386505847303014072 0.66208004829643207767 0.6730989663184442362 0.73347342285257033367 0.72270733069798442916 0.74515699815702940434 0.7168026760341852377 0.66985112476027919293 0.76041994720188599288 0.71962481035643599547 0.73105722736411338225 0.75221873758984647562 0.76365115459752397342 0.75022873358241737307 0.70807057744195267546 0.56584153756773836186
0.76566088270631815771 0.75464196468430599918 0.78117339220871528926 0.78117339220871528926 0.77015447418670301971 0.78117339220871528926 0.80952771433155945591 0.80952771433155945591 0.79257866643836372145 0.79257866643836372145 0.79257866643836372145 0.76437181125299480389 0.83261656386566706978 0.83261656386566706978 0.81546290715722857811 0.85699406736006267238 0.86883223486766136823 0.81081318204325059096 0.82249675734770988367 0.7670323645181668093 0.71529324152373885415 0.70388796729409042197 0.66568487714419855017 0.63687327900082935095 0.63687327900082935095 0.6258543609788170814 0.65466595912218639164 0.66208004829643207767 0.68386505847303014072 0.65466595912218639164 0.66208004829643207767 0.6730989663184442362 0.71130205646833599697 0.70028313844632383844 0.71104923060090963194 0.71130205646833599697 0.71130205646833599697 0.71130205646833599697 0.72206814862292179047 0.7168026760341852377 0.74515699815702940434 0.75699516566462810019 0.78482098964996194201 0.53371966439249840519 0.63435923525747539564 0.74203584879708273103 0.74203584879708273103 0.74203584879708273103 0.59688294036046041224 0.61308165114952550834
0.70256953418968737246 0.75464196468430599918 0.76562872308698892709 0.77664764110900108562 0.75961320389491837624 0.79850879630954729738 0.77015447418670301971 0.80952771433155945591 0.80952771433155945591 0.7529665370233463717 0.80500196323184525227 0.81640723746149368445 0.76437181125299480389 0.80952771433155945591 0.82093298856120777707 0.7923740576231207422 0.80377933185276939643 0.76928202184041660772 0.82249675734770988367 0.75562709028851837711 0.74821300111427280211 0.72270733069798442916 0.71130205646833599697 0.66568487714419855017 0.63687327900082935095 0.65466595912218639164 0.6730989663184442362 0.66208004829643207767 0.64412468883040185919 0.65153877800464754522 0.68974186815453919497 0.70028313844632383844 0.70028313844632383844 0.70028313844632383844 0.68974186815453919497 0.70028313844632383844 0.75537426442109201208 0.75562709028851837711 0.75562709028851837711 0.7670323645181668093 0.77779845667275271381 0.76112770985436761784 0.70790202859636908173 0.73105722736411338225 0.63108550025089182878 0.6812835417679565797 0.6406637578855441939 0.64930448313796851334 0.59688294036046041224 0.6013498014979038464
0.68246359040695647735 0.73411107953383814007 0.72960042619582132772 0.76562872308698892709 0.72688059760983536606 0.75508745279520428362 0.73742186790162000953 0.74844078592363216806 0.80500196323184525227 0.73742186790162000953 0.74844078592363216806 0.74844078592363216806 0.73742186790162000953 0.7529665370233463717 0.76437181125299480389 0.80952771433155945591 0.7923740576231207422 0.80377933185276939643 0.75787674761076806451 0.75787674761076806451 0.70668184091143859682 0.74821300111427280211 0.69286904927207815241 0.66568487714419855017 0.65466595912218639164 0.65466595912218639164 0.65466595912218639164 0.65466595912218639164 0.65466595912218639164 0.68974186815453919497 0.70028313844632383844 0.67975225329585597933 0.68974186815453919497 0.70028313844632383844 0.68974186815453919497 0.73406690197472157511 0.73803886032026000397 0.73803886032026000397 0.75562709028851837711 0.75562709028851837711 0.74944413454990854717 0.74944413454990854717 0.76112770985436761784 0.75168284612145286339 0.76340562788151966611 0.81592354648703657727 0.63108550025089182878 0.73604298072600982117 0.64930448313796851334 0.55949663281621586641
0.65815717661822725759 0.71905915590403679527 0.66753838084251926333 0.71905915590403679527 0.74410069439252146672 0.75508745279520428362 0.7168909827511520394 0.72688059760983536606 0.72688059760983536606 0.72688059760983536606 0.73742186790162000953 0.73742186790162000953 0.74844078592363216806 0.73742186790162000953 0.7529665370233463717 0.80952771433155945591 0.80952771433155945591 0.7923740576231207422 0.7923740576231207422 0.73944374041451021995 0.75046265843652237848 0.69566292288942632727 0.65133788906924405815 0.65133788906924405815 0.68232777898029350894 0.69286904927207815241 0.70028313844632383844 0.68974186815453919497 0.68974186815453919497 0.67975225329585597933 0.6703710490715639736 0.73406690197472157511 0.72407728711603813743 0.72407728711603813743 0.73406690197472157511 0.70571257985187740847 0.76025948953154698362 0.70490071679175081432 0.7708007598233316271 0.78181967784534378563 0.78181967784534378563 0.79322495207499221781 0.73982773383345712404 0.76340562788151966611 0.80420076472696977454 0.77483804488919716391 0.72506435929304047239 0.78581666632216662371 0.78581666632216662371 0.74640274319106214573
0.65815717661822725759 0.72005629944803639653 0.71067509522374427977 0.74509783793652106798 0.69877701377363521384 0.7168909827511520394 nan nan nan nan nan nan nan 0.73742186790162000953 0.73742186790162000953 0.74194761900133421317 0.74194761900133421317 0.72839879114066208299 0.77394105042686300866 0.77394105042686300866 0.73944374041451021995 0.73944374041451021995 0.69566292288942632727 0.68512165259764168379 0.68512165259764168379 0.68512165259764168379 0.69253574177188759187 0.64821070795170521173 0.63822109309302177405 0.62883988886872976831 0.71469608289174613169 0.69572296499319408181 0.69572296499319408181 0.75026987467286376798 0.76025948953154698362 0.7283791087820914445 0.76025948953154698362 0.7708007598233316271 0.7708007598233316271 0.78181967784534378563 0.79322495207499221781 0.8049085273794513995 0.67850354259419831671 0.63281200935754555736 0.76340562788151966611 0.79234565243897403519 0.82860180717504572367 0.77483804488919716391 0.78581666632216662371 0.74640274319106214573
0.65829779256401010912 0.65829779256401010912 0.69877701377363521384 0.69877701377363521384 nan nan nan nan nan nan nan nan nan nan nan 0.74194761900133421317 0.74194761900133421317 0.74194761900133421317 0.71425269200111107804 0.70683860282686528098 0.77394105042686300866 0.72890247012272557647 0.73944374041451021995 0.72890247012272557647 0.73944374041451021995 0.72632694443828793585 0.68254612691320415419 0.67316492268891214845 0.68254612691320415419 0.72407728711603813743 0.73950378251827786347 0.73012257829398585773 0.73012257829398585773 0.78476718468521655669 0.73950378251827786347 0.73224926607969953452 0.75278015123016750465 0.79475679954389988335 0.80529806983568441581 0.79475679954389988335 0.80529806983568441581 0.81631698785769657434 0.81631698785769657434 0.72455135824965322122 0.69022632435426523045 0.56312268549684130203 0.55436734293343270519 0.71263736279491207704 0.66558281026324461749 0.6406637578855441939
nan nan nan nan nan nan nan nan nan nan nan nan nan nan nan nan nan nan 0.7314063487095495697 0.74194761900133421317 0.74194761900133421317 nan 0.74194761900133421317 0.78796752601776276492 0.77797791115907932724 0.76082425445064072456 0.76461988830633864644 0.75144305022634871882 0.75144305022634871882 0.742710285473123899 0.76461988830633864644 0.72500188034006207705 0.7228680618554076398 0.74940292278813802618 0.66709895239661143318 0.72500188034006207705 0.74940292278813802618 0.76461988830633864644 0.74553276549053004718 0.79115474923906925486 0.78095272596061826587 0.81191045625233837502 0.78095272596061826587 0.77964053304664981958 0.82772226208734511754 0.81695616993275943507 0.83940583739180418821 0.51537308298078887692 0.58537063111328968557 0.66558281026324461749
nan nan nan nan nan nan nan nan nan nan nan nan nan nan nan nan nan nan nan 0.72688059760983536606 0.72688059760983536606 0.7168909827511520394 0.72688059760983536606 0.72688059760983536606 0.78662899813935505122 0.77797791115907932724 0.76859670693478721049 0.75986394218156250169 0.75986394218156250169 0.7649807076110395343 0.78177354501477724913 0.74002171856384602044 0.74002171856384602044 0.62278913055942386467 0.66709895239661143318 0.62731488165913817934 0.72500188034006207705 0.73499149519874551473 0.78177354501477724913 0.75986394218156250169 0.80114436409775258152 0.76859670693478721049 0.76993380793860610734 0.67196391950704248419 0.83347064456613517702 0.79850879630954729738 0.79850879630954729738 0.85124400489940288406 0.62442202286656622867 0.58537063111328968557
nan nan nan nan nan nan nan nan nan nan nan nan nan nan nan nan nan nan nan 0.7168909827511520394 0.7168909827511520394 0.72688059760983536606 0.7168909827511520394 0.69184944426266725692 0.76407095583507300685 0.70750977852686003367 0.69877701377363521384 0.73150962005871844607 0.72344954740820544004 0.72344954740820544004 0.72676320271090710801 0.40428644044067690855 0.61279951570074053802 0.65319199707260522381 0.71109492501605575665 0.5279614042144240571 0.66257320129689722954 0.7649807076110395343 0.68786508215220898421 0.74442625946042206841 0.68786508215220898421 0.6804509929779634092 0.69524269222283652248 0.78796752601776276492 0.81168563438953711398 0.78796752601776276492 0.72399225953530388367 0.7529665370233463717 0.79850879630954729738 0.7529665370233463717
nan nan nan nan nan nan nan nan nan nan nan nan nan nan nan nan nan nan nan 0.7168909827511520394 0.70750977852686003367 0.69184944426266725692 0.69184944426266725692 0.67373547528515043137 0.68246824003837525119 0.70750977852686003367 0.69071694112312231884 0.69071694112312231884 0.76045495651132544168 0.76045495651132544168 0.718703130060394213 0.47300777635117940978 0.55546362983638375432 0.60341831147644842126 0.42168250825650988034 0.42168250825650988034 0.72676320271090710801 0.68116677617494558739 0.68116677617494558739 0.68116677617494558739 0.67592524187824920556 0.61521031376379819999 nan nan nan nan nan nan nan nan
nan nan nan nan nan nan nan nan nan nan nan nan nan nan nan nan nan nan nan nan nan 0.62845161790118775347 0.68246824003837525119 0.68246824003837525119 0.67373547528515043137 0.66567540263463764738 0.72803580795221323196 0.6865046477493791377 0.71154618623786380915 0.75307734644069790342 0.71132551998976667473 0.71132551998976667473 0.69386112185791748441 0.70484788026060030131 0.64445923231938040399 0.63639915966886750898 0.75307734644069790342 0.74487717168842382254 0.76851502916183822567 0.7189237963084912364 0.74487717168842382254 0.60917695180555786472 nan nan nan nan nan nan nan nan
nan nan nan nan nan nan nan nan nan nan nan nan nan nan nan nan nan nan nan nan 0.61165878049745003864 0.61971885314796293365 0.61971885314796293365 0.67373547528515043137 0.66567540263463764738 0.65829779256401010912 0.65829779256401010912 0.67980634177211562985 0.67958567552401860645 0.68628398150128200328 0.66881958336943281296 0.69386112185791748441 0.71132551998976667473 0.69386112185791748441 0.71132551998976667473 0.67060766311699127051 0.6652155038138868326 0.6652155038138868326 0.67664102507523138375 0.60917695180555786472 nan nan nan nan nan nan nan nan nan nan
nan nan nan nan nan nan nan nan nan nan nan nan nan nan nan nan nan nan nan nan nan 0.61165878049745003864 0.57228006241297346701 0.57228006241297346701 0.61891907447953364851 0.61891907447953364851 0.65159948658674671229 0.64556612462850648804 0.61721180250566243242 0.67377297981387551662 0.64017396532540216114 0.58137510275777537494 0.63539172489496309471 0.64017396532540216114 0.60641664124626004639 nan nan nan nan nan nan nan nan nan nan nan nan nan nan nan
nan nan nan nan nan nan nan nan nan nan nan nan nan nan nan nan nan nan nan nan nan nan 0.56490245234234603977 0.61891907447953364851 0.61891907447953364851 0.61222076850227025169 0.55217078440684241869 0.60079524724092558952 0.60079524724092558952 0.66838082051077096768 0.66838082051077096768 0.6311823695912416321 0.57716574745405413438 0.57716574745405413438 nan nan nan nan nan nan nan nan nan nan nan nan nan nan nan nan
nan nan nan nan nan nan nan nan nan nan nan nan nan nan nan nan nan nan nan nan nan nan nan 0.55217078440684241869 0.55217078440684241869 0.54677862510373786975 0.60618740654403002743 0.62421986199585544064 0.62421986199585544064 0.65261182167764908435 0.66359858008033190124 0.6311823695912416321 0.5734881856195557237 nan nan nan nan nan nan nan nan nan nan nan nan nan nan nan nan nan
nan nan nan nan nan nan nan nan nan nan nan nan nan nan nan nan nan nan nan nan nan nan nan nan 0.60079524724092558952 0.54677862510373786975 0.54199638467329891434 0.59601300681048652308 0.65261182167764908435 0.56344932938392100485 0.58812608967226676082 0.57029881719921171612 nan nan nan nan nan nan nan nan nan nan nan nan nan nan nan nan nan nan
nan nan nan nan nan nan nan nan nan nan nan nan nan nan nan nan nan nan nan nan nan nan nan nan nan nan 0.54199638467329891434 0.58812608967226676082 0.55977176754942259418 0.64472490453942943311 0.53410946753507915208 nan nan nan nan nan nan nan nan nan nan nan nan nan nan nan nan nan nan nan
nan nan nan nan nan nan nan nan nan nan nan nan nan nan nan nan nan nan nan nan nan nan nan nan nan nan nan nan nan 0.55383649249186739372 nan nan nan nan nan nan nan nan nan nan nan nan nan nan nan nan nan nan nan nan
