src/SDSim/tmp/suitability.asc
ncols        196
nrows        122
xllcorner    -12.166618000000
yllcorner    34.999860000000
cellsize     0.083333000000
[rows 44 to 65 of 122, columns 0 to 49 of 196]
nan nan nan nan nan nan nan nan nan nan nan nan nan nan nan nan nan nan nan nan nan nan nan nan nan nan nan nan nan nan nan nan nan nan nan nan nan nan nan nan 0.57207058180956482651 0.63839309777466179963 0.60754941304070519958 0.69006398812864588876 0.64210930648858099978 0.73250968511848990605 0.73250968511848990605 0.66015396103034917896 0.61038027543419237642 0.60403537068266999199
nan nan nan nan nan nan nan nan nan nan nan nan nan nan nan nan nan nan nan nan nan nan nan nan nan nan nan nan nan nan nan nan nan nan nan nan nan nan nan nan 0.57207058180956482651 0.64473800252618429507 0.64473800252618429507 0.67929789597405998425 0.69006398812864588876 0.73250968511848990605 0.61770826404050493963 0.77115647076367765944 0.52976347044172511502 0.64146907554273935315
nan nan nan nan nan nan nan nan nan nan nan nan nan nan nan nan nan nan nan nan nan nan nan nan nan nan nan nan nan nan nan nan nan nan nan nan nan nan nan nan nan 0.63839309777466179963 0.64473800252618429507 0.69006398812864588876 0.58314837059262913943 0.61136335928898255521 0.52976347044172511502 0.65380905627882668352 0.69880074667553704337 0.81053518884815423107
nan nan nan nan nan nan nan nan nan nan nan nan nan nan nan nan nan nan nan nan nan nan nan nan nan nan nan nan nan nan nan nan nan nan nan nan nan nan nan nan nan 0.64473800252618429507 0.64473800252618429507 0.67295299122253759982 0.63576440173705872638 0.61136335928898255521 0.73250968511848990605 0.72616478036696752163 0.77115647076367765944 0.69124276113889604467
nan nan nan nan nan nan nan nan nan nan nan nan nan nan nan nan nan nan nan nan nan nan nan nan nan nan nan nan nan nan nan nan nan nan nan nan nan nan nan nan nan 0.64473800252618429507 0.65550409468077008857 0.69006398812864588876 0.69006398812864588876 0.73250968511848990605 0.65380905627882668352 0.82905939870712841433 0.74675542831560171031 0.5560104566425039252
nan nan nan nan nan nan nan nan nan nan nan nan nan nan nan nan nan nan nan nan nan nan nan nan nan nan nan nan nan nan nan nan nan nan nan nan nan nan nan nan nan nan 0.64915918992924759312 0.67295299122253759982 0.68371908337712339332 0.68371908337712339332 0.72616478036696752163 0.65380905627882668352 0.77115647076367765944 0.68260203588647172523
nan nan nan nan nan nan nan nan nan nan nan nan nan nan nan nan nan nan nan nan nan nan nan nan nan nan nan nan nan nan nan nan nan nan nan nan nan nan nan nan nan nan 0.63839309777466179963 0.64915918992924759312 0.60120450828918281516 0.63576440173705872638 0.72616478036696752163 0.64625107074218590686 0.76359848522703688278 0.73919744277896082263
nan nan nan nan nan nan nan nan nan nan nan nan nan nan nan nan nan nan nan nan nan nan nan nan nan nan nan nan nan nan nan nan nan nan nan nan nan nan nan nan nan 0.57207058180956482651 0.63839309777466179963 0.63839309777466179963 0.68371908337712339332 0.60380537375234166753 0.37146011542605128497 0.37940312762996858398 0.4616087983889510804 0.80297720331151334339
nan nan nan nan nan nan nan nan nan nan nan nan nan nan nan nan nan nan nan nan nan nan nan nan nan nan nan nan nan nan nan nan nan nan nan nan nan nan nan nan nan nan 0.61360174201239892078 0.63839309777466179963 0.68371908337712339332 0.48764559145720848266 0.77330161615583226098 0.64625107074218590686 0.73919744277896082263 0.86088013125496398725
nan nan nan nan nan nan nan nan nan nan nan nan nan nan nan nan nan nan nan nan nan nan nan nan nan nan nan nan nan nan nan nan nan nan nan nan nan nan nan nan nan nan 0.65476486551527834923 0.63839309777466179963 0.73085591916598824369 0.72616478036696752163 0.64625107074218590686 0.63761034548976136538 0.45203054075429877079 0.67302377825181936011
nan nan nan nan nan nan nan nan nan nan nan nan nan nan nan nan nan nan nan nan nan nan nan nan nan nan nan nan nan nan nan nan nan nan nan nan nan nan nan nan nan 0.62997350975301535936 0.59686193757182770536 0.68176677342651326175 0.76574363061919159534 0.70784070267574084045 0.64625107074218590686 0.50398650201800754278 0.73055671752653661422 0.68260203588647172523
nan nan nan nan nan nan nan nan nan nan nan nan nan nan nan nan nan nan nan nan nan nan nan nan nan nan nan nan nan nan nan nan nan nan nan nan nan nan nan nan 0.56451259627292404986 0.6224155242163745827 0.64720687997863757257 0.68932475896315414943 0.77330161615583226098 0.81829330655254262084 0.76359848522703688278 0.68260203588647172523 0.80297720331151334339 0.79433647805908902395
nan nan nan nan nan nan nan nan nan nan nan nan nan nan nan nan nan nan nan nan nan nan nan nan nan nan nan nan nan nan nan nan nan nan nan nan nan nan nan nan 0.6224155242163745827 0.65476486551527834923 0.72329793362934746703 0.76574363061919159534 0.81829330655254262084 0.76359848522703688278 0.86088013125496398725 0.80297720331151334339 0.79433647805908902395 0.88592166974344865871
nan nan nan nan nan nan nan nan nan nan nan nan nan nan nan nan nan nan nan nan nan nan nan nan nan nan nan nan nan nan nan nan nan nan nan nan nan nan nan nan 0.64720687997863757257 0.68176677342651326175 0.72421247041635727903 0.76574363061919159534 0.81829330655254262084 0.71860679483032652293 0.85011403910037830478 0.87515557758886297623 0.88592166974344865871 0.88592166974344865871
nan nan nan nan nan nan nan nan nan nan nan nan nan nan nan nan nan nan nan nan nan nan nan nan nan nan nan nan nan nan nan nan nan nan nan nan nan nan nan 0.63856615472621325313 0.63856615472621325313 0.68176677342651326175 0.76574363061919159534 0.76920416081306763889 0.80858287889754409949 0.76359848522703688278 0.85011403910037830478 0.87515557758886297623 0.8665148523364386568 0.87728094449102433927
nan nan nan nan nan nan nan nan nan nan nan nan nan nan nan nan nan nan nan nan nan nan nan nan nan nan nan nan nan nan nan nan nan nan nan nan nan nan nan 0.58066322678276249825 0.67312604817408905333 0.71557174516393307062 0.76056343556064331946 0.85246007225063669122 0.86110079750306101065 0.87515557758886297623 0.87515557758886297623 0.88592166974344865871 0.79433647805908902395 0.87728094449102433927
nan nan nan nan nan nan nan nan nan nan nan nan nan nan nan nan nan nan nan nan nan nan nan nan nan nan nan nan nan nan nan nan nan nan nan nan nan nan nan nan 0.66354779053943657718 0.71557174516393307062 0.76056343556064331946 0.86110079750306101065 0.85011403910037830478 0.92767349619437977637 0.87515557758886297623 0.78475822042443665882 0.67302377825181936011 0.53607243654279945755
nan nan nan nan nan nan nan nan nan nan nan nan nan nan nan nan nan nan nan nan nan nan nan nan nan nan nan nan nan nan nan nan nan nan nan nan nan nan nan 0.66354779053943657718 0.66354779053943657718 0.70599348752928070549 0.80350309653150775446 0.8020945957634773027 0.8414733138479537633 0.8665148523364386568 0.54340042514911202076 0.69742482069989530924 0.67302377825181936011 0.67302377825181936011
nan nan nan nan nan nan nan nan nan nan nan nan nan nan nan nan nan nan nan nan nan nan nan nan nan nan nan nan nan nan nan nan nan nan nan nan nan nan 0.55108833588532613046 0.59662685076617127944 0.66354779053943657718 0.70599348752928070549 0.76056343556064331946 0.7346134101853742937 0.8414733138479537633 0.8414733138479537633 0.77399212826985086533 0.78475822042443665882 0.80979975891292133028 0.85693659470178618065
nan nan nan nan nan nan nan nan nan nan nan nan nan nan nan nan nan nan nan nan nan nan nan nan nan nan nan nan nan nan nan nan nan nan nan nan nan nan 0.55108833588532613046 0.59662685076617127944 0.65318802807438436364 0.69563372506422849195 0.75098517792599095433 0.79251633812882493757 0.83189505621330139817 0.77399212826985086533 0.77399212826985086533 0.85693659470178618065 0.80979975891292133028 0.66266401578676714657
nan nan nan nan nan nan nan nan nan nan nan nan nan nan nan nan nan nan nan nan nan nan nan nan nan nan nan nan nan nan nan nan nan nan nan nan nan nan 0.55108833588532613046 0.58564822933320193066 0.68465510363125914317 0.69563372506422849195 0.73716488526706247519 0.74062541546093862976 0.78000413354541509037 0.83189505621330139817 0.81540543449895208639 0.84657683223673396711 0.84657683223673396711 0.79943999644786900571
nan nan nan nan nan nan nan nan nan nan nan nan nan nan nan nan nan nan nan nan nan nan nan nan nan nan nan nan nan nan nan nan nan nan nan nan nan nan 0.53965591887764863266 0.57421581232552443286 0.62809392632304594795 0.68465510363125914317 0.69563372506422849195 0.78000413354541509037 0.78000413354541509037 0.78000413354541509037 0.82153529374824929565 0.82153529374824929565 0.84657683223673396711 0.84657683223673396711
