src/SDSim/tmp/suitability.asc
ncols        196
nrows        122
xllcorner    -12.166618000000
yllcorner    34.999860000000
cellsize     0.083333000000
[rows 22 to 43 of 122, columns 0 to 49 of 196]
nan nan nan nan nan nan nan nan nan nan nan nan nan nan nan nan nan nan nan nan nan nan nan nan nan nan nan nan nan nan nan nan nan nan nan nan nan nan nan 0.48155002683952163878 nan nan 0.47179657297031235563 0.49739612410917449781 0.48040306863846060637 0.48764267023996521466 0.4962491659081134654 0.54420384754817818784 0.52727869736978516535 0.50621858627327021019
nan nan nan nan nan nan nan nan nan nan nan nan nan nan nan nan nan nan nan nan nan nan nan nan nan nan nan nan nan nan nan nan nan nan nan nan nan nan 0.49039755796009704136 0.49039755796009704136 0.49015652250766988951 0.49900405362824534761 0.50600261977732274854 0.50600261977732274854 0.51062757161398908412 0.50600261977732274854 0.4962491659081134654 0.53778032611094750415 0.53778032611094750415 0.51672021501443254898
nan nan nan nan nan nan nan nan nan nan nan nan nan nan nan nan nan nan nan nan nan nan nan nan nan nan nan nan nan nan nan nan nan nan nan nan 0.49039755796009704136 0.49039755796009704136 0.49900405362824534761 0.49900405362824534761 0.49900405362824534761 0.51485015089789820664 0.55638131110073218988 0.51062757161398908412 0.53532120000421723471 0.53532120000421723471 0.5475337799801568428 0.52647366888364188764 0.50207262643556582749 0.51672021501443254898
nan nan nan nan nan nan nan nan nan nan nan nan nan nan nan nan nan nan nan nan nan nan nan nan nan nan nan nan nan nan nan nan nan nan nan 0.49039755796009704136 0.49819137473447916431 0.50679787040262747055 0.50679787040262747055 0.51650282735436081616 0.54832903060546156482 0.51947510273456443119 0.54311501677859952419 0.57494122002970027285 0.56417512787511436834 0.53532120000421723471 0.53532120000421723471 0.53532120000421723471 0.51092015755614128558 0.50207262643556582749
nan nan nan nan nan nan nan nan nan nan nan nan nan nan nan nan nan nan nan nan nan nan nan nan nan nan nan nan nan nan nan nan nan nan nan nan nan 0.55493538910520234797 0.52310918585410159931 0.53387527800868739281 0.52925032617202105722 0.57078148637485515149 0.58154757852944094498 0.61164194899339141553 0.60633893429170382383 0.60633893429170382383 0.60633893429170382383 0.5997325757919631517 0.5997325757919631517 0.51871397433052335302
nan nan nan nan nan nan nan nan nan nan nan nan nan nan nan nan nan nan nan nan nan nan nan nan nan nan nan nan nan nan nan nan nan nan nan nan nan 0.51010074793590753917 0.52594684520556045371 0.53455334087370864893 0.57608450107654274319 0.58250802251377342689 0.60087585683880562204 0.60729937827603630573 0.61164194899339141553 0.64883053847887051102 0.61164194899339141553 0.60633893429170382383 0.60633893429170382383 0.5997325757919631517
nan nan nan nan nan nan nan nan nan nan nan nan nan nan nan nan nan nan nan nan nan nan nan nan nan nan nan nan nan nan nan nan nan nan nan nan nan 0.51010074793590753917 0.52594684520556045371 0.53845836332478880237 0.57998952352762289664 0.52985186765664060715 0.61120440072711645918 0.61120440072711645918 0.60729937827603630573 0.61554697144447168 0.61164194899339141553 0.57981574574229066688 0.55011168859252701502 0.52532033283026413617
nan nan nan nan nan nan nan nan nan nan nan nan nan nan nan nan nan nan nan nan nan nan nan nan nan nan nan nan nan nan nan nan nan nan nan nan nan nan 0.53231722300686934446 0.52985186765664060715 0.53228829554864698359 0.54089479121679528983 0.55892941243110805249 0.61798339933647805644 0.60478087928988577548 0.51713230216719896504 0.61554697144447168 0.61164194899339141553 0.53062334753195172787 0.48084966193579509186
nan nan nan nan nan nan nan nan nan nan nan nan nan nan nan nan nan nan nan nan nan nan nan nan nan nan nan nan nan nan nan nan nan nan nan nan nan nan nan nan 0.53228829554864698359 0.53321169574543303415 0.58884947285686006779 0.58334935161641543466 0.53696479787503836878 0.53696479787503836878 0.38225016964967234445 0.55931972574529476017 0.55541470329421460672 0.4882449498822249434
nan nan nan nan nan nan nan nan nan nan nan nan nan nan nan nan nan nan nan nan nan nan nan nan nan nan nan nan nan nan nan nan nan nan nan nan nan nan nan nan 0.53321169574543303415 0.53321169574543303415 0.5622892405199004795 0.61395768514729376353 0.58708059628216335835 0.46979504446304870546 0.44356950709747211548 0.56175615363730124763 0.55931972574529476017 0.4882449498822249434
nan nan nan nan nan nan nan nan nan nan nan nan nan nan nan nan nan nan nan nan nan nan nan nan nan nan nan nan nan nan nan nan nan nan nan nan nan nan nan 0.53321169574543303415 0.57332023211537808116 0.53321169574543303415 0.58916632938503088468 0.58274280794780020099 0.61830025586464887333 0.47071844465983475603 0.46979504446304870546 0.56175615363730124763 0.55931972574529476017 0.62570582244427130902
nan nan nan nan nan nan nan nan nan nan nan nan nan nan nan nan nan nan nan nan nan nan nan nan nan nan nan nan nan nan nan nan nan nan nan nan nan nan nan nan nan 0.57701204750473955585 0.58704095808651457489 0.58061743664928389119 0.61617488456613256353 0.44600593498947854743 0.47071844465983475603 0.5119824680411445561 0.74294367141426265189 0.62814225033627790751
nan nan nan nan nan nan nan nan nan nan nan nan nan nan nan nan nan nan nan nan nan nan nan nan nan nan nan nan nan nan nan nan nan nan nan nan nan nan nan 0.53260515207681780048 0.53260515207681780048 nan 0.55527113654056448055 0.60822692470423322941 0.5351562831046929869 0.53728165440320918567 0.38859161999275892985 0.62906565053306384705 0.74294367141426265189 0.6705879473261219248
nan nan nan nan nan nan nan nan nan nan nan nan nan nan nan nan nan nan nan nan nan nan nan nan nan nan nan nan nan nan nan nan nan nan nan nan nan nan nan nan 0.58838270872175224557 0.57207058180956482651 0.60320684232335008979 0.64639220729665325393 0.61256949542158833921 0.56207301016547206451 0.56207301016547206451 0.67151134752290797536 0.62906565053306384705 0.6705879473261219248
nan nan nan nan nan nan nan nan nan nan nan nan nan nan nan nan nan nan nan nan nan nan nan nan nan nan nan nan nan nan nan nan nan nan nan nan nan nan nan nan 0.53047978077830160171 0.56564706037233414282 0.60822692470423322941 0.64639220729665325393 0.68431797835494312388 0.55994763886695586574 0.77748612618455803513 0.62845910686444861337 0.49550980042209757936 0.43809548542537796179
nan nan nan nan nan nan nan nan nan nan nan nan nan nan nan nan nan nan nan nan nan nan nan nan nan nan nan nan nan nan nan nan nan nan nan nan nan nan nan 0.52933974698398600367 0.57841548656108721094 0.60320684232335008979 0.64473800252618429507 0.68431797835494312388 0.64712938886946413941 0.74113515664391727 0.47011190099121952235 0.40475457379058255025 0.32796207064528892783 0.33704903866429430925
nan nan nan nan nan nan nan nan nan nan nan nan nan nan nan nan nan nan nan nan nan nan nan nan nan nan nan nan nan nan nan nan nan nan nan nan nan nan nan 0.55614586785420372372 0.55166574739602014521 0.60822692470423322941 0.58275805727844232074 0.53155089396014865155 0.53155089396014865155 0.46798652969270326807 0.32735552697667369415 0.38890847652092969122 0.40475457379058255025 0.54685921801719117319
nan nan nan nan nan nan nan nan nan nan nan nan nan nan nan nan nan nan nan nan nan nan nan nan nan nan nan nan nan nan nan nan nan nan nan nan nan nan nan nan 0.60320684232335008979 0.60320684232335008979 0.55093185402734157208 0.51415482614431562425 0.72676367534478714116 0.68957508585930826772 0.59450753231483155492 0.66877943255577654291 0.5447338467186748634 0.43536357045824641832
nan nan nan nan nan nan nan nan nan nan nan nan nan nan nan nan nan nan nan nan nan nan nan nan nan nan nan nan nan nan nan nan nan nan nan nan nan nan nan 0.57207058180956482651 0.57207058180956482651 0.55093185402734157208 0.67929789597405998425 0.67929789597405998425 0.68431797835494312388 0.73752976749937293466 0.5909021431702873306 0.38678310522241349245 0.33431712369716282129 0.32423534520919522484
nan nan nan nan nan nan nan nan nan nan nan nan nan nan nan nan nan nan nan nan nan nan nan nan nan nan nan nan nan nan nan nan nan nan nan nan nan nan nan 0.57199196512385652724 0.57207058180956482651 0.59686193757182770536 0.60754941304070519958 0.55132216734152839077 0.64712938886946413941 0.62272834642138807926 0.62272834642138807926 0.48917249631042175606 0.43175818131370213848 0.7101657338079424564
nan nan nan nan nan nan nan nan nan nan nan nan nan nan nan nan nan nan nan nan nan nan nan nan nan nan nan nan nan nan nan nan nan nan nan nan nan nan nan nan 0.59686193757182770536 0.63839309777466179963 0.64473800252618429507 0.67929789597405998425 0.72174359296390400154 0.73250968511848990605 0.68957508585930826772 0.66015396103034917896 0.61038027543419237642 0.33071173455261843044
nan nan nan nan nan nan nan nan nan nan nan nan nan nan nan nan nan nan nan nan nan nan nan nan nan nan nan nan nan nan nan nan nan nan nan nan nan nan nan nan 0.56564706037233414282 0.57641315252692004734 0.67295299122253759982 0.67929789597405998425 0.72174359296390400154 0.61770826404050493963 0.66015396103034917896 0.77750137551520015489 0.57855407218309162776 0.57855407218309162776
