src/SDSim/Maps10/direction.asc
ncols        196
nrows        122
xllcorner    -12.166618000000
yllcorner    34.999860000000
cellsize     0.083333000000
[rows 0 to 17 of 122, columns 0 to 39 of 196]
257.18390774079153971 208.97101869649139871 238.93804081625449953 230.57920364801435653 306.28347500729796593 130.0290938005197745 116.55522279676853259 31.070257747378235536 309.14244050946433617 249.95275349214114158 320.22146959829507296 234.37858056507047877 118.63237533903894416 321.74957310500167296 281.33257123908958874 200.59764162628371764 306.71360373242811193 57.050221329333254516 237.75663906183200424 200.36745497862867182 124.17051811169538666 136.95442479169369676 306.56306506109422116 221.88021824033066309 20.007631814455859143 258.78568257972858646 264.26366969307406407 277.05664736532787629 351.55419267107617998 110.82518980809719267 47.433567570284509429 314.93959351517446521 312.75182411963612594 226.34795022143623555 317.81703241289750395 196.59184846375791267 145.74417688044303532 352.74291582608219642 193.32620621402128336 281.65383339193658685
310.56964438418066266 292.45314043841500506 37.138162312509386709 289.39808681406822188 173.20907400905338136 197.85715762941737239 29.359931805007519756 244.87982900953434751 130.80198425468341838 67.074577982902710005 178.64357914287879225 146.56875801599957754 321.07122155353113158 52.118487359751853205 89.737041009814333847 34.383577857553724755 106.25363407801154381 305.81990068532888927 193.75726974305396766 50.106392838110046739 259.22981012040111182 154.06923526059986784 77.936774292458665059 320.04168524527807449 187.28443869142387257 109.28473219461733379 245.63871754740142705 339.39373024920598709 19.162351401199590128 176.74998165934229633 55.88729204898059777 161.70302715556877615 109.88145076215114671 216.31952486905686328 96.394416389727751948 297.21187280402932629 7.2097167918443538781 190.5582849360400246 285.00009806614747276 267.45151954803782246
315.76020035779208683 30.012575919399964164 163.60202362244822893 188.05905097626401812 292.86697889576373655 174.47612451528428323 48.390676398425071625 242.53023265344296533 183.76897211217109884 115.92236802353319547 301.81682050706956488 36.849884237246904206 319.15431976949497539 221.87800677456473863 11.367968677172971326 52.987635949153691683 45.779562730462778575 158.34616306492250715 116.42740976105248762 336.7618945954795322 102.86795111405955083 246.34195155210346684 225.28693919971127002 276.39170046513180523 161.36721172600735486 97.53269197598331175 141.66275136596115658 188.37044596885951364 120.63481472954880758 236.26020673218121715 31.395894489344275513 94.656001010078597346 209.9808202729527693 328.82333963346547989 110.03590464022110496 97.628496980895207003 153.24183078679894265 352.41162095158597367 285.28266440929479586 138.7446325945285821
266.00526150535586112 17.810985187592603296 138.22703982226536823 30.405318844928540756 92.002080428095936782 128.69781418341031554 189.56408073935818948 234.59480085213783696 241.89652685023273193 86.33899195300904239 149.07170525379336823 99.608007524077990524 78.884821308718613864 244.49873259044139218 88.007960744486041449 233.26210440639837884 208.23341754278195026 270.13913395963322728 155.60537563093245694 219.27201457638301463 10.990700066816145863 206.34752864014609486 327.90069322805413776 191.97390013296762845 49.126277621122653727 185.45443453300853776 116.99196218348556897 126.67060319819246672 352.31371991886067008 7.2050447450846011321 238.67277858129619972 52.276459466721668434 1.2117184414764139433 307.92037571505807136 115.88389846363747893 1.2962371840948192503 284.15228536684304572 256.72911276497677591 255.56285588212742255 70.371928270271908445
140.32807262812832505 44.936620092212287148 203.89093164450395079 124.12073900014893013 305.39775029287420693 278.56310180628059925 162.34571854318454598 232.30918683779108846 37.665085291103913789 337.72788494754473732 261.03279963299218025 136.15075095056053556 318.82362617697339147 101.25562782515284255 334.55627116572787827 256.77778043112425621 41.803780612865494959 31.691099058615005646 314.8386408176322675 316.84601553496702309 26.340677635773865006 286.81057149129588879 111.36079083535291545 157.97710551164584558 37.559480158372522851 68.933351310796766143 101.42622128024683548 70.282969169828575673 355.19065933371746269 209.58032955781186502 290.7514810574572266 225.67668552501862678 8.2893175065360349407 34.294027054398561916 179.84785044313804292 157.37824953312650678 310.82549710774509322 217.18581151311934718 184.99228863095035535 146.39603545709454124
100.91896553208569287 161.75448415584827444 187.93407092936089953 138.11151544549301207 312.76985925230792418 166.9984157214399545 345.54231886925555273 104.98071488463142487 25.442175671074338084 285.49595672008905467 166.16508063956501928 160.31339052067758644 7.6861767259255300289 339.51619436336068247 224.27958838049650581 9.947214561394860155 105.63224724661847631 308.64292077645177415 44.953449868674596246 32.206097292457421588 302.32707003091638853 312.96427697675159152 281.08690807174957627 353.22858457133872889 189.60028551742738046 198.80497527737111341 202.43118998049911283 253.16670941893454483 24.49525684968354966 204.42518603823486956 201.09856423890579435 148.529152708991802 156.98224671780587869 73.575664338763459682 119.65789902258988775 65.852964444235638553 218.38210950967754798 117.20838937933126545 309.67220626589823951 349.50907380324389351
192.9669582436064843 186.983429327390553 285.30508047103649005 145.06467097924294762 15.547036665868109395 239.17362614822039291 71.696227539544267415 13.608625296877105981 73.574611830591308603 30.463996483148680028 60.421056943082639634 156.33137638431526284 61.101112269943257616 322.5277202119311255 111.75278380122502142 198.34831280903205197 78.588690963006641255 125.45788129319822701 220.81074609533246189 222.98440809538143981 101.47992265196495509 281.94733516210152402 19.82830561929987212 284.87183459903042149 238.8359299548476713 167.3300350467704618 39.25015159654459751 133.9751789722792239 251.20121956841262545 297.7903306765177831 66.775911002272323458 160.8185425079395543 37.330745330289303752 187.27218040587797532 221.18274079752472971 252.84723041335033145 19.179580557485049752 146.09857019304274672 176.16122754294357833 220.30751893725104651
25.447058372693650341 164.95645318058771522 219.69467118437191289 325.34426289559104362 20.938532507798615967 256.13679240729578623 242.27900490794894495 279.01505619450153972 318.2097705083106689 97.152766898143070762 135.65650957927454101 288.43244530614379073 127.15413978459274347 219.06943866891197104 297.07153944417945013 345.41654288452940591 237.28830675474580403 292.62512589901507454 308.93137700499624998 245.89091258485348135 61.040005435403479339 11.969845013494872177 288.06267714830227078 353.52464452134285011 187.50718373059697797 358.39216977640279538 144.84026441473039881 131.75508762349699055 67.220516773606888705 212.89573660883073103 230.65217244095856586 300.53021042265538654 185.28066620192777236 100.25794039871702523 357.72992519276567691 116.1816065156825033 358.25640390787350498 201.3437026788477624 110.40894965662423033 32.37446370587697686
258.5848188995908572 238.7295730696601197 357.59475508114508102 97.294157341435521857 73.788065927284208101 137.56560609766518155 27.335365520746464085 31.124066054681676974 220.41277855207721359 136.36973180113051285 174.26687829017458853 309.89928018481202798 59.009435551592837044 312.11894612695147089 173.15114083535195277 121.06346245146693263 67.264715566380829159 120.6805232409141837 320.85119435490605611 96.537541089461612387 315.34396061176249759 60.990207569297979262 112.13406580283925962 174.07394181035567726 110.03278979095914281 64.332228502732576203 266.76007406360020013 148.64902023862001101 11.730280025863185855 355.22748111836983753 313.2380458675517616 74.05414007893408268 163.42310497908346179 242.45411316733719786 247.92314853591025781 34.39655783888515117 198.68831440907433716 200.41381016745106081 275.57823048242590858 7.0371560603341976048
345.62536329251747702 352.18037272028743701 179.24117859713052781 217.73036317790328553 230.36243003731831891 137.50325630824141854 169.19859367879845991 138.88343735017315339 254.14655780146827624 9.1031866239255574413 284.99231403866747314 277.25778972149157653 21.142566250786646975 169.48648506628708788 351.66851670002859009 59.570107909682413094 167.6888625423204644 219.50404439550464986 82.777125268059393193 212.11169247613139532 106.98384177069794987 125.84215133909910378 119.13355706596377104 269.90106862052454062 98.318005563733791519 314.1148229239931311 190.21400664661055657 274.81391379719150336 261.97296818552143804 353.93823505274957597 66.003664344803254949 294.51537329200704107 117.70391994743636133 1.5689090286568285748 272.79461092740234562 78.731682076360755218 21.920149070868639285 310.10197228147529813 49.321875449005815994 229.75144777853995492
115.07677220960241016 152.11335269279584281 324.08038782397289879 110.98200648182974248 227.69438798153180414 205.38682093239279425 351.04868885260930256 118.11241032801977724 72.075301101299743323 203.20864163475434339 135.28353274261172601 111.47436092525902041 313.24601796530726006 28.332217824953207952 249.15193787031606121 267.96402241866519489 305.0302327131560105 257.29730739431192887 313.49745962500975338 8.3995502473989773762 336.93657680501161167 169.63247239728013938 104.25993658738306635 281.69727189864596539 165.10662387624327607 55.97959357440387862 114.85607165290564069 153.24698475522194485 80.297318462350645518 95.493517922128603459 242.20601040482000599 349.7236804941792343 2.1605153023649883437 329.0748277531487247 309.19466197959866349 121.33787198460994716 214.24506729166282071 181.3798452192211812 221.9324081135868596 115.32071027841367084
134.87622276546250077 258.90238259202902782 140.30883721598533498 51.431127249928948686 186.39031089597034452 98.009837476869009265 79.476900742408474798 185.18425267959523239 46.615255859582042319 100.94845225218006135 216.01011761019339019 143.59086488520171088 326.18282136465154508 26.894755226178741481 325.99802671113434371 56.146544030349403442 94.681344152219310217 105.0581369377532468 264.48534126908384678 41.521518357874597882 280.634339220078175 200.53428054504612987 257.05827886003487492 4.0011718445774082653 340.37210446239345174 97.275364966156402602 317.50880214457367856 221.53549274141178671 5.6129873956248808042 55.68784661640914635 237.97189693404749278 32.632311057719924463 343.70269444348195975 236.38869188695505841 141.35526281762929557 87.070431875770125885 263.78658942595615144 218.97461739677274295 330.16110889004789897 274.9829215696358915
5.1586373486559331525 353.44468857036576992 15.808783219553541599 1.2901485835256112367 173.9334168351971357 81.817976297920736783 107.05848479698614995 183.04979694238895149 141.12963433483344033 157.34502276055786751 5.8294943858024659278 345.10651339808316607 187.18927198692088609 336.05675292797826614 175.30744141593055474 151.43110462037085995 230.90208380063461391 12.198445076827294287 135.00982781857595683 18.63299008397560641 294.07522396059857783 314.5524690918883266 309.22207616403437669 204.35785124960622738 110.75952572387529926 190.7378032267010326 219.93303268623139957 320.25772372354379058 309.00543923419297698 303.58742342456241659 175.08544459699410822 95.335510544639348041 24.576794222244608079 183.98754761117973544 105.69182324569567299 48.833812049404414779 125.20766479509828173 239.44414599762137641 120.09486261899925807 115.93552917457955687
24.766479235669084602 16.614190645616851327 243.76352061322737086 70.08857610729181431 248.29351783333450499 18.89176233158464413 181.86436554370123986 109.9295191205976181 236.57325182310830769 244.40415184688535533 206.92782206162740977 263.66298375381063579 108.74677842043122666 339.012665142764547 326.96933253157970967 70.427059477444444724 168.34867650293185193 15.259406633223916216 8.993939080290244803 251.36593346603319787 214.0343480745685838 105.38913920149401804 324.31686997127394534 226.31682704468022393 226.70079276582887928 293.32453940351581423 254.7805389832043943 207.63208653275546567 323.57359551781735263 43.272939999812827239 92.554865954749033108 3.0788919944189978573 356.19120895738478794 207.35490027066308016 319.58475376074846963 167.20217420500790695 55.49819577389882852 313.31591647292333391 70.146499584704486097 265.63032794150308291
279.8427337101526291 61.13058994258030765 175.45766875345225344 353.81110293443668979 337.94451295135110058 232.8834696216043767 70.066951797856091844 106.12356938612221313 155.08531317860047238 45.767591603349920604 244.47692920239308023 160.5271222163904099 230.94358304450165065 172.10741450636439254 330.61020449369425478 156.38982000337895784 63.186122275440830265 27.732961154875326315 102.68364329029525095 65.042072518586920182 160.09156943643219506 35.438783406785802299 156.98887685682007032 235.81874061277153487 104.70993383333373572 112.02916132617806966 178.04474982843800035 210.02727777797699105 46.804930076845678855 339.92869618231867435 133.91001366137376749 206.33514232586051662 210.15970844974756915 59.009682125031083899 234.72044194147937901 324.91059510406614663 145.42600693145539026 97.591941264638379039 128.42622813225125356 28.818570126204942738
127.97637877084765989 9.5389752964520440059 133.25722027721081986 32.619146899796611194 326.47081223948032402 351.91348732348620842 336.01268733588585746 119.38455757891776443 217.19008469033113329 64.940973794682946618 82.425866084122617394 49.624093088877955893 5.4122959428524497483 199.73584189317574555 143.89208195605979768 36.690888058211584166 69.325598635148807602 53.135728004852964546 10.295761581818794639 159.92708169039408972 186.9717001307129749 19.422808948802799733 189.16148086703725539 142.93576922162887399 199.1581752926879858 200.79846277830316126 341.78851189616494821 236.36513674445833999 106.50904555938551255 285.85681388823411453 164.12693500594116358 279.20650791396519708 6.4497132674606918457 30.720224766840395603 266.48292728417578701 222.16847484691388104 66.923169882060065561 203.10740335868197803 23.824193285908563666 61.939533332886526296
165.06594593941818516 101.77646116464993042 345.67677837602263935 159.88023357327028862 126.16443981220604087 66.902398848790127772 66.453775903516444146 344.50436957937773741 294.26263237204551615 84.389976986245159196 355.4623186125581924 3.7851043178362839825 204.50649072785978433 164.3562480508881265 226.23790034508229496 77.647844244889398624 269.90228917234696837 332.63720919575627022 233.54415124320127006 6.6094304646828021532 226.64556378641015044 115.39575435056156039 175.33835609748118145 315.64622754174985175 333.12341310941798156 29.414645658819626561 88.648120190541305874 231.48334840851421745 80.5054442869384701 349.6240142078432882 98.359408448175614126 346.59321866959652425 278.29499600196214715 276.25384359992443706 80.827588932499608632 195.34201088875087748 262.56796505387256957 321.59360077917898479 321.27297526718098197 216.79024537581844356
220.3971375100844341 248.47487277941982597 96.354228037941467733 114.15131402532411187 21.62427248177174377 222.50766628056561558 74.234128241332300036 83.689410651317402312 326.29627172483083086 143.93071796650013994 310.76930356709630132 292.76133403096150687 139.34932507797560675 31.186893048012933605 303.14287075915797232 26.199122097442192114 265.0979767191752785 8.8542060907304946937 143.53948594001880679 167.7842109426857462 38.027732154193785163 65.398068989157849273 182.86293334155263324 133.48980661590692876 76.216895437779555778 145.50033939873887334 160.32033234977015468 252.96633378682102489 108.76783690447193464 17.100446713494001472 159.4081746487447333 208.23739768608996314 160.82112832667112912 74.833330017067694939 154.13477452774387189 113.60014234401153033 278.356319114270093 245.20678067102372211 137.86841838191944021 110.18191403344664536
