src/SDSim/Maps10/direction.asc
ncols        196
nrows        122
xllcorner    -12.166618000000
yllcorner    34.999860000000
cellsize     0.083333000000
[rows 72 to 89 of 122, columns 120 to 159 of 196]
202.58880723874358409 192.41230040115752331 139.74370994639676269 327.70994177993401308 92.311819414123903016 248.14914630665825257 139.66694257704571669 340.71197751372420726 116.25415044220061134 94.546905881029729812 25.368225319615035573 94.017727511752951841 246.54745971765035506 251.19302899435041354 173.31370339877176434 265.6413402700142683 160.25414687201157449 203.88536101352221408 180.2935682974341205 117.03234181039417194 8.0873837378104411755 283.76806907741547548 245.06744108882301703 235.90998663360983301 98.079477352548650515 285.75068985226437235 348.01989760716730871 53.609650876138729814 193.78799722346047929 248.99665237529404749 40.00895543949494737 127.23725517121640394 351.11888667435755451 314.16408144675136782 292.3669998151582945 351.22811290510992421 11.799544260332545775 157.18598512714459048 75.680155751634387684 266.35038630324237374
283.58935269108860666 320.31523268685049288 107.7053428714910126 200.44393570227700252 357.63102492860770099 18.133465549783064574 179.94188173040060974 298.3726566100265245 215.90396703711257942 150.63270017067364392 144.23397416110123004 86.561993905221015666 42.853840518534859427 83.872734121582908529 291.75900287844416425 28.850005406531586516 58.287487352127676843 326.05244475132542448 161.98844771802970399 251.76382626367430362 173.24314575141585237 69.43648077868864732 79.354947443614705094 277.52031276482534849 328.85978174633532944 327.84403125299877502 338.82318629731389592 340.75936026150969838 312.17022411798103576 276.04275430702818994 302.09294371068000373 175.88745141284775286 223.4147521611418199 279.00088518151949302 95.409439935418902223 214.61657753555977024 258.02621802668863893 285.18287384598954759 166.24565676674535553 151.24552581215183977
324.40785330419521415 5.8498574452298015558 252.30187748430688544 283.01980665053702069 279.59359706911686771 6.6291445687159384903 46.330222129689509813 1.3468705764448116735 130.71558033047907088 286.8643845659202043 227.48389011983215369 353.20217340012982277 49.868313160433096698 280.97128615800590978 106.72489020229332368 48.58866837840928099 292.25772539446762721 341.90122343958086049 180.73987459671721467 217.22624119202265547 56.24700552647065166 107.35726205556078128 162.05977391828065493 332.44850079428380241 354.73418937001258655 149.72202120008265069 138.2040795570155467 215.56657988260417369 0.52972504094098005201 23.923748155995721021 119.78419227463578522 304.99938005153046561 120.39565096301782887 303.65793992784358579 287.32071034765510831 37.349580108367085529 92.509826266655295512 186.73681937716494872 37.978107843442799663 215.94754051448421706
87.890570664872470275 357.46168299861966489 280.60430260866343133 269.04440384465857505 135.55760365843553927 8.7500180752034104614 182.11747667387484739 166.08520300950416981 267.62624680561060586 293.82748153581820816 92.088957635600806384 21.27127845462412381 138.43386069859346321 32.219862079335520377 279.48636589705682809 324.74754815287218435 353.29982705855303493 62.893619529786064959 209.51432194381209229 20.742453864613892733 1.4381520501334430495 341.77476078886303412 82.437311815361681511 311.45839383669550671 135.89682573210208716 24.372017805911227128 10.628543004322009935 62.529380754328585112 94.288771507809030936 264.13605409336929597 108.77034740390647016 67.783179433338887065 0.94143206314054472816 91.490572261235584506 108.85263220358407921 83.551222016902030987 118.10361355148108942 86.806409322715566645 85.356521923994037593 128.95064976290618119
8.1863475091524904315 8.1771332058061219072 97.369985905480987753 192.15264217078515685 110.29182102000358157 5.6320286923247611099 258.24536048525891374 236.0385112325669752 339.89562354532199606 60.502171274083671904 332.53278053602298314 291.22281321511633223 306.7590120910473388 135.13148960607566096 218.40775217488493354 147.4032245688441094 124.92353051572942491 22.697353476048665044 190.39187356254939232 132.17582643680376009 187.31504605805758956 81.659188731367407854 180.75257071759472183 303.6064265607143966 5.8156132503439978976 204.61889445271870613 152.28184773827027243 80.628764996443067048 250.98333607782083732 127.55563624594569205 254.92792638125339977 109.39935307001532294 197.18867830749746872 164.94239271057139717 74.1384136802017224 253.90757055137211751 251.04925305271828506 29.612482314540073958 54.537315413806929598 243.48473668047850538
150.30627794625050342 219.63217348813216745 219.54861639957826469 275.69688514727880602 314.9038470213820915 233.89267880831221191 278.75024372317517418 179.0236758738327012 68.76459689590639357 321.38112129022073304 290.02834447177411903 195.9544412666754738 335.31292695026752426 9.7930965449160307656 164.36958944674694294 284.7265117169438895 166.41193647585475901 305.94776418467392887 50.94481818449936128 67.557518418840118102 145.58778358815280285 64.618387955762614183 267.93843857368818817 118.46069342936036151 2.7909575536351627356 64.295453747447453452 79.280953391735565106 262.93585508223515035 357.27373024886310304 146.42311949570375873 166.08823122377978621 233.43896131092057544 74.470387750132417182 70.286571673182848485 54.131053348633017208 27.698618759210361873 56.226984590448864765 37.079924566836886868 136.56215057817564684 79.853146783326678815
127.41570607164102569 349.68169598425015465 277.62634470390128172 204.37213340417406471 43.214359961499297924 37.161272350943669096 101.56422899032413909 39.055120409502684709 7.20191187647509512 96.213392296139829796 73.19331699674987135 8.0113402171924210649 250.68654892173344706 293.20579445906383853 52.784633952554933956 32.752222117605548135 25.640917234685112192 73.473509407783296865 164.08550379424104904 107.19253109741427465 53.41773625384368529 248.45860979627144616 92.827031722837915595 121.13878654199389473 4.2135164251339096708 157.66761546836818297 348.15817669222934683 14.4984161354726524 183.16473698769232215 82.902784802658516128 159.39214450778058563 299.05395322366643995 12.563656264619739389 324.67641901021249851 354.10116686661240237 222.6375361130020849 1.3325105079841708111 149.48930731179530085 64.98048876405401586 321.08577848790520193
308.32153921337408065 257.64216929369530362 111.65309968394439011 231.15788156539488796 117.4631286714099474 55.128956701418005082 225.27860558672364277 231.45702084531791343 355.83846198620688028 232.57784718119151535 110.9886187882080435 168.17833169247248293 358.25502285538249225 214.5211772619192061 236.10287372771921355 26.559772667372925525 5.6887698145440834807 232.51788575061135589 63.88937131072810871 223.14591389626511386 242.51450974844783559 18.233203192979040352 23.850638919283142059 312.60427763406119084 315.69439049242572537 118.47710423575048821 17.716474390430871466 302.1967578278593578 152.88457792482643072 253.79787661533543996 39.470218216106431441 319.19835762992374839 123.91933833185554192 279.06682437952662212 21.655132375156942004 151.2712018860263754 215.90648596194711217 263.53029308569063005 152.1280323429064083 278.37448882813157525
240.89277481067256304 340.66679362952760357 283.52804795880985012 34.418025959828121074 204.70054684970372705 77.70765390122323879 13.805099717838096751 8.2992776932246137278 299.36037841855835495 188.03741951144911582 215.40105805655633731 16.143979777816795718 287.66162206952492397 346.50317487452497289 132.06613461698432843 336.95882253228671743 222.28460601034078081 132.25717496397479067 157.27691378888647478 357.21410891101436391 20.765166658950686696 322.23891141297815466 179.24250962055796776 292.40297005111926865 11.859388596452726361 326.21204212639042908 58.278481299016760886 338.34745324138964406 289.99043460544351092 140.98804961411642012 144.76094809146468378 281.0941136330229142 83.43190656035771724 52.017551712224531002 164.13703045866159869 24.110746720975132718 245.5307971909597029 334.22529298687521759 180.09565534666828057 29.95398910224749045
217.7515751693183006 187.49961369651816767 311.61018502676881781 238.37482297201174219 194.06930372388140427 150.01239670262603454 330.41644580166479273 219.89021590740171064 236.5293656478677633 90.603543914200528775 129.30487820884968642 6.9870678593453074967 115.38262756667788267 232.15860827686461221 268.92833436282063531 24.32707048306484765 167.807677138077878 81.527884383550599523 172.46900696256656715 201.806934714156057 158.09830449738674929 304.13241458017353125 10.294812831172876599 133.62925011786791174 21.87870387361248703 259.46141294564722557 334.18152893436155182 285.09129943444639821 258.43547819257673837 27.456713795025383007 253.83319626795892532 255.58834377560549456 259.20255908650119636 91.934890695998390697 70.757129596215449396 27.822108254207030598 22.099868639728573072 8.4383177671587592528 63.724998771401054398 63.636671197293715352
69.634735293506793141 299.2252909815148314 108.19101280005688182 314.97311730266903851 39.422051570083119998 319.01241699420921805 3.2539380342686681225 0.9255675242382945811 152.25968907982183964 334.91477623126775143 262.5841938066355965 129.1738462070044875 347.20898477309378904 45.827364614679886756 347.28573402007720006 58.77889194377493709 268.74654647170717681 184.78790301540348651 307.38429589230389638 194.84206283527697678 214.33281109136535747 302.15295078867313805 52.09576532323657716 65.986502542899444279 236.91423256532263508 229.76522901297045109 79.584870951576320408 202.75048107389386587 84.85370624196849576 131.30884426819278588 125.914911497004681 7.749667114920000266 59.945109800978919168 54.101572549043964955 302.75417075514235421 139.97379630336146761 108.0175038759903714 297.854346192803348 355.08335476985621426 312.93368966348361937
169.81245905384554362 220.59124176526194105 9.2253209262807605029 187.84144744416124695 244.43479746722255186 127.11494986902590654 31.799967621832390563 38.426016564139004572 266.16758142848186708 244.36201115737088685 241.01544677542437967 87.034298158994531036 276.16629572942150617 43.485147986650602547 33.71472138931778062 94.117617780031196162 344.8908290703077455 102.0120245764380229 238.82178287916352133 61.005987454535016923 110.98496428806545566 223.41454225173163195 244.13795508508752619 84.966522414553509179 314.05569059532774645 284.52994144481868943 46.857489222545467555 261.00196069655589781 146.19883604286505374 142.27274274299267631 347.41717740079263876 161.41294951030604921 354.74537290032503734 44.485792759475344837 79.610476329603983459 39.499087140200344948 125.09378601452908697 111.88394572432291341 286.55908092702480872 65.145418113664391058
49.774784773732285714 230.06192799439821783 325.93182393813043518 148.20998166846416666 107.63847765295416536 83.965984683185268977 299.08559839641412736 319.05384175173691119 48.639963711764785614 2.2854453852962262062 152.28314661760472859 305.27665368592494133 83.88143781394802545 47.918775685658502539 45.438579574862671961 111.88603578147191797 343.97163767246780708 95.466983913575575116 11.318211456275893312 171.08955436478464662 107.01335942824380254 248.98585950094417285 120.34080251577429976 203.27240037472245149 63.037491209234929102 147.27997420633980141 354.51371855347434803 311.41438502560009738 334.01415790340092826 174.86049411424158961 102.70980665055378722 356.48441963184620818 281.35676988757961681 129.13940643691830701 77.887076540003945979 35.288418544427926804 56.625719295213613691 189.02576800507492294 42.711905325707292036 23.403357001662342896
257.99518075474429679 100.92731976195017296 281.5896156121976901 79.270497295394903858 201.81206937931347056 188.3304927978637977 253.12098800574563029 160.77826814637074904 265.66438100037100867 18.01528998468755205 219.27522904991431574 262.26655616394322124 299.68603561829144155 312.908582491551158 260.31888247466616804 164.54522253579719404 31.215789499026119103 286.90330861311127819 257.85410318657176276 326.11553246423210339 19.700769059249466864 208.0364920802717279 97.591435046196068015 346.70848375418194109 73.587967083035749738 322.94493301941167829 5.3483965539730311534 240.73849681546164447 286.4470626337741237 245.14090903571207036 337.59756339268051306 24.344297654387681007 185.17979890289416289 27.397591406043748208 339.17856675954618595 248.93136624608931129 50.11781552391997252 258.64754005250358659 327.32341546317735492 4.5831198330491353943
311.72109906946451474 261.99987814533619712 37.522163710122839575 239.98433207299740388 0.17981579912798106857 275.01883032954390274 16.153580541394184422 29.306140710498848279 276.41151684690674983 117.39706557452198865 286.28676146788728829 231.77770605287685157 51.217728857218332905 155.33222325142588716 178.32725099176502681 241.63562459132919003 276.06582241971102576 254.05463398166983779 35.474767744872636399 168.97360709767391995 137.59865640395597097 206.04062337288354456 357.9791760590683225 340.43753237810034307 285.13313567972306828 212.74052897669713502 155.48304118035952115 273.38546216484377283 21.129040516152571172 87.144713215953586882 273.14328975080871942 148.41725327968640613 55.323014642259899176 83.52060782576772624 71.952283861637809537 220.16504357952035775 248.74915226928882817 204.86293667414216202 301.55910367768541391 341.99278774795419622
94.691356068585719186 269.11218802472006928 284.65329039777776643 137.02721595978579217 302.63059067855414241 180.76974851751819529 278.34376339802520306 129.51111039969654826 311.98355775030762516 120.11880517655883693 309.1908031971257742 107.6466394120936485 174.75732372526135805 349.17267221307787395 16.957813563839913229 129.62138399370127217 15.263681530419431098 38.517117561689225624 201.1681067209442233 110.05155037202415258 187.22990068703779798 269.02170580129796917 74.004981943002817957 54.074225252721149104 161.88896090174202413 210.60662213364292938 26.742772956735855416 54.563048532258527246 267.35210400458521462 271.31321499167711409 152.82229372448458093 20.570805176671434822 326.28943323504353202 2.3684475681531202973 299.8953568331162387 33.719381585099505116 219.98085291097467575 67.692195525826264202 302.33468055947110997 108.17676762769494303
86.556169442881625287 96.642747058278445138 130.97447867275570843 59.738398420462289096 111.46172730633392689 226.53565652265268682 134.28408159401408284 47.704196018603148843 287.31931526088408191 268.48169644480782381 312.3774883773342026 203.05757724537832587 8.3197996768208746232 272.30215028894866691 166.92716405980931427 187.76725101281687103 28.96610131911176822 268.2899203139970723 256.48318990469971368 69.693874597995559839 81.326129072239524476 291.31947650011738915 174.07225948762220469 313.95269401170907031 325.45973148514457307 289.17822133120523631 338.96870289211119598 56.295684712534132643 87.58954878166753133 150.62185035855912929 148.63509463925421983 122.57509130538197439 168.30435855513457 4.2460986699877203421 11.424544798692259917 214.40758197861913459 336.60834611465929811 82.21970226297518991 325.1636869554228042 263.964496704022622
219.77772569500780264 302.93518520362977142 343.95666664357281661 274.96606342088097108 98.029432858969840936 314.72040330810381192 123.60925097598438072 290.24842384084428204 95.892701943193685565 244.84825254361859947 33.115616182079506302 140.62491569235797328 183.82159478622619986 106.7566564131328164 233.77208248434212123 288.07992616209202197 278.06658298387134209 329.69219770782336809 320.59819721231326639 89.680841232249562722 279.23405871970493308 139.68432236800964574 269.56430057160446268 142.14540198748639455 333.89658389598679378 347.48868654803794698 5.6778348514127952029 213.9457442443659545 336.47179318031703588 109.08974881525671208 355.84457400532795646 287.16888473982169216 25.585342638081129962 145.17041983136434169 11.072879092737146323 345.72512883186129784 194.12275279298066266 233.11151454016450657 63.69731116450071795 286.48283001068807607
