src/SDSim/Maps10/direction.asc
ncols        196
nrows        122
xllcorner    -12.166618000000
yllcorner    34.999860000000
cellsize     0.083333000000
[rows 18 to 35 of 122, columns 40 to 79 of 196]
233.98969466837706932 206.10927636594925616 284.4908727540468476 345.65353049570632038 265.37307786345542127 61.668602109787229892 22.100994855765243585 212.42412678146837379 351.50152349261389872 313.58306924791304482 11.339972510375769588 326.81818355781888386 283.72069436136968079 125.42979504485353459 200.89149914424905319 188.00339569458444089 260.61827636559326038 97.077299233894706276 342.11963084078439579 342.11388447170310201 95.923168911951634641 108.02090284934276099 104.61634590005755285 343.9949790760552446 293.08097973817393722 296.0810303613793053 177.13685730305877541 139.992731880143225 278.60007157281637546 227.9633200050203925 303.9572100371726151 116.52309113554682085 46.01727309165978852 65.978598888195264749 86.085673221113182763 12.447271497242240912 129.50075699145040176 290.42412155388512929 328.18043720542129904 55.226998837498697981
73.213640127844911376 98.176926344653423939 98.388360773984231855 81.140778847325961465 321.16780909220716467 347.74310255459641894 57.489489962752827523 126.23290415187406666 109.23673528559217516 89.910303262746026576 6.5136797446535652512 44.424137550119496609 195.69391304701309764 339.9843836647408466 291.61481161836371712 174.94983618287000127 243.23956420193414374 120.03064979415975699 127.17086941371691466 337.25622924662184232 27.489268133741067146 355.00189901835568662 57.416765801499437316 249.96958217161878224 161.85313848216995325 189.58581466913028635 236.92294345269738187 117.19808448321813898 189.54286420239128574 190.55981008520745945 0.24699247774035759662 236.43533745152532788 165.55962075376797316 147.09794239166589591 118.63296851451272573 125.48004370513815786 347.74343202412711662 72.956446521241588243 49.05697500441980452 334.35991539690610352
1.7177553738699373742 91.673978447358578592 3.8203438652147911903 109.98934729564034285 29.544974728700150735 193.54511718412354071 88.425943379496672492 1.545824300866903922 58.559775086435507774 190.69421852138191298 149.18002389439845956 122.64482937060807899 245.23383700310520794 14.210165993522760886 284.95095036529880872 86.883691845887298655 349.95399659226586664 53.591951296591915366 290.94080231956320404 259.31620224298586663 126.96534052582732954 197.37486316285506405 115.13244813019808532 334.32410650464333912 231.27598086018781487 104.30855989059173794 12.475797540154768939 168.21883355378363945 295.20928412145855191 314.46248558085420655 104.45788199980943034 84.744859335610499329 189.47690482700110692 205.08199714021972682 4.980170745495209772 134.72079931064416769 317.86090283188616468 320.00391259842376712 271.64924810363055485 146.60209619626795075
177.06854417208012364 170.24733931237989282 237.65329389657921411 252.65705150740342333 349.45426947185154631 26.02871383585505427 170.60953800577604511 256.48435844011527251 222.91681350488559588 125.46355443172376454 138.51766489716078468 5.154845054928962611 159.74989768897629006 338.71551230738197091 57.107667681301926166 299.26092912512712019 225.87303840247795961 149.13152106623459758 137.73326677828288211 319.78967416093121301 202.18702612379303218 122.61079727239641102 122.3489329486859134 15.515954371542902024 254.5129982423792967 133.32454135652639593 325.51633371849840159 4.5663446132715872494 38.15177062785085127 249.80667863806664286 290.88656867095841108 117.85815158023920901 203.59368278093262461 59.411466343973842186 18.736211511335785218 330.59773843148053629 12.86695806418611987 326.81012917963369091 251.72733050997771898 276.99607931898236757
275.97734666057237973 93.806456455359878532 90.639275238477182484 233.62331730195111845 95.93917777824242421 26.410685428370836547 295.00201862475068992 330.98480669387430453 323.09919113940947 78.834982868597322181 334.14083935837805939 254.09744963890256031 109.00583121376631368 114.81146475644979432 96.796766673243766377 312.77953088284044725 35.998474414438213387 264.99209302206054417 111.18257415751776307 258.82078866993759902 325.37310041319346965 180.48854903983203712 258.55149821384782172 193.99381456675777713 297.5964514167148991 145.74256370084009404 244.42637692374103153 228.71240594169213978 63.898710110139639085 251.70050396767720713 305.94219393908838356 166.85396754705837452 83.20005537021903308 44.775521830114065835 349.78352663438221271 330.99513257031469493 105.85661368947918959 88.228122507531821839 87.357231399661557703 209.79359357377461492
92.255730007431637318 55.544759530693788463 187.10652950817583928 250.6162392434406172 263.93215181253475521 68.572546926115251154 315.14524060228143298 282.50700725564615823 201.27336242899349372 204.86389423148730771 83.653434382854086948 15.96250821805563902 56.71494385789159054 163.58361520681501133 191.39162036081475549 273.27727192847368087 190.5728191951919257 331.6051905152575614 190.04376357674266274 337.30274238352603788 228.51411428770973089 311.95809778997704598 17.024198183435132137 251.06495648731458914 31.793066789464958788 280.23714479962006862 186.30271957615926226 336.39722880446834097 123.57070572555907972 216.67256139647034274 161.50420680817910579 172.91498361136845574 336.02829030534411459 221.88781982534567305 267.58691072245539999 282.52745410447272434 112.3207738246915568 222.50203911396857848 209.25839513470205588 33.970607990288925748
320.81177935613550289 99.495561647722269072 156.81140121191981507 38.643847731712590132 44.636478357888520918 338.8614071136235566 346.96907016374137811 189.26360796099177719 337.40274119473582459 335.05339508430961359 78.826965340236810675 148.95897834317594288 317.22330123768364274 227.97909116666269824 193.4120171070428853 112.73606385563897447 164.96779156424742041 158.78081910942333366 320.78627824823092851 157.32290289826033813 155.75885866106162325 21.783310877026114127 314.91859095118735468 75.068111450952059727 210.91788389813567051 246.94230913463684374 259.04247787508035117 276.65371838324040255 209.38660398236427795 201.47111131337683787 326.13420141476530034 22.728029586445625654 315.03844108141720426 283.71517740674994457 216.34658088368050244 236.13304865513043751 299.55285007600008385 351.96416837289467594 302.15403536558841324 338.18131385087889385
206.52648247280143323 213.53311022213293313 283.2372914432190214 141.18297938461867602 144.83903719684175826 263.35585504649054656 319.69888660725007412 227.61619780649900235 218.3978083126163483 237.06492702431779662 275.77040213740872332 165.24226420017663486 97.373645238508316879 57.716752269918352169 272.66129155341189971 15.848109743720064202 285.37314142895263558 357.83612831602306414 41.435168693679926832 48.317192657905401632 32.746054105759654362 89.421346828119169459 331.31630072507226714 300.7027677710776743 290.39234748357682747 204.40246890188706175 28.554591760258993816 343.2679333573841518 10.310687329706828663 270.22387212146622915 350.18022214070498421 286.25211006550995307 349.22369865512990827 168.47021820888315347 250.23122880302670978 220.9953503692173058 165.30776767319053988 43.034703171817852763 342.77588704846056089 13.189250380011889874
157.12987382349183463 193.68532213715664625 212.12109112716993309 349.66329885301621516 161.67015234445210581 157.05025563856378312 26.795075587538342177 43.134870212902463038 211.80242935862571585 60.00814857344617792 183.09460997030203089 352.67726569731814834 95.77363615837570876 21.981154660197169903 37.82952383009848063 147.31273510639456958 267.58674799723934257 322.46217939478310655 139.74699311241266741 311.18413147850770883 315.11964116208321229 42.391878653059940518 216.71459640490402876 186.74539709220127293 205.90151780903687495 80.310585418514591538 139.11909495762984079 126.74609657399795992 295.35962585271619218 66.650293755502616477 247.40977381628334797 67.285222664176771445 115.37677812243751418 231.17744924221270253 209.5835299470806774 36.376601466014811592 199.64451047848035614 132.55910611778037378 80.859879544667393247 308.04913067607537869
51.621224152108332817 81.245182840420739012 246.59107379051090447 236.15225373360613048 117.43623288699687635 222.06740132569021284 270.97536348392833361 34.973731274921512124 46.481188445152803013 7.90696946258842015 342.31659552339590391 113.35598204312908877 215.1506182918596437 209.75130946091547912 65.816461455451090501 152.60424099943827514 163.41513712888530563 63.253703745726710395 83.463880800186217357 148.20457368527601716 162.40983848284372471 292.75906567195181651 54.564704744024709271 281.60450992723690433 208.13293346644005055 47.106954759212797512 209.77766015602014704 177.57050745619821441 215.55669421306814115 6.6297677512253034848 74.151646362943864688 346.15613719287597405 356.41348033504777959 25.91766050137900379 173.18885817736818922 315.28473281816371809 236.28366842775099599 5.9873188059455086929 185.9062037654634878 125.46807825906142853
151.48298728163183569 329.54304140616198993 120.72051274038808799 13.36281859322099308 69.909169235888469984 125.63270247002432711 268.82984148109267153 257.76618430168639406 64.435647460499552608 121.90629393834674943 23.534809974976813152 113.13210707322406279 336.328444805565141 156.1196156751856563 327.27023604875222418 245.30257944016705096 167.44814208702820224 93.269572324506683003 150.28887685087994441 240.28389801677150217 38.078619132814679915 23.962401719165598024 319.52679488331295943 130.43823667940819178 297.21363291823593045 93.17678328930693965 147.58402908026857858 80.180404870252047544 34.009595080807564216 264.4819686812143118 25.041485840525155027 51.607724245772644167 302.69474723162272767 77.537649507318533892 11.328581159287297808 46.948509292659707626 124.57810720927764692 275.88581756221373098 247.63006137740728718 21.944868012538460533
83.450630335300800766 44.64071260268165986 172.9336250028871973 313.70214661602943806 257.68424791505759686 334.52800923649550668 130.42654169511646955 333.17494675782916147 262.26809497973022189 151.65194377193483888 126.21878739690892246 171.29931216736838451 212.0877183443344336 112.86915768013500383 206.01945272678437959 110.29007499924207991 280.68338888235587092 215.55585553413604316 13.248935339652083698 232.03661329135752567 243.73882269338986362 331.24693167333253996 327.87544412563647711 218.86317589229255987 34.512811324072643515 184.80712019532734303 69.117303136164451871 217.72210762462191269 234.40634252961456241 161.98890652990664307 24.429793400936244296 279.1620739488848244 103.60666691359227798 175.1416796903988029 266.54409366232374623 358.39309720168938611 335.29511795592884482 255.78187889533691646 327.70721943821655486 246.33286030087700169
46.97990433650834774 259.67492692744826854 184.43964461247995246 120.12863943914317133 223.45408045644322215 287.3272091814856708 314.51776571578352559 47.787268019636435668 176.08821430489612681 47.481017188966553988 221.92585925062633123 123.67028752310294237 187.55613516494901205 349.8505099139701997 72.764383131861009701 51.620906281137635574 29.330799751490697957 328.50102495996736707 275.39774356455120596 262.40866804194246242 292.72618195501752325 22.925278587096229899 117.30415064510729906 19.381057269271540378 7.7768719935276173771 234.59659229701688332 6.8517992220767931499 43.270119549722160457 136.97436636820822287 153.93671934326380324 20.564713053121408848 184.11835192697577668 12.398353063511734717 146.95862732577512588 254.23416545364645458 291.0247327705594671 163.21417875133624875 262.57144344040091255 13.383118271993172499 28.160882174901217923
210.61742631568733941 32.176252003528055923 12.070335170813228487 115.19561001362080788 24.217112310280562326 88.978916633379640189 116.49040962938849475 346.78081285980437087 39.529491147011484031 257.49113068519204717 131.20206228807379034 120.63338353228060384 184.31877651673045193 77.521807266552784199 310.34222760972187416 296.35359236782170456 306.21006591824885845 174.11518873064360946 5.4635089565799681566 23.592284963614272186 353.6891130060944306 227.75453910999695495 97.760452384422706018 101.78554314528815894 284.13197018145996253 42.501442988824344127 235.87040544205174797 305.29830752799733773 122.55041768353466125 68.171699776931546921 193.84041107721287744 328.15921548273115604 159.74693373839977539 50.972650976624088059 166.32012771991810496 250.30413648051148812 291.12586822055078528 212.35576754139100331 172.34298086559556396 99.894427803162727741
129.36581815005479257 124.64051855988516593 350.38218373444385634 17.43955551401626991 312.07078329074579415 319.99661402725917014 283.44731623312418378 203.55638729596336134 111.26795949458890789 221.64332983786485443 57.40945873721748427 114.89296199074381377 237.41078138310086842 269.83238827598171383 144.40052543705743915 59.416398368685392484 145.17156927475227235 177.94376607261918366 300.68493011980046958 303.98487887329946489 352.44212082554861354 246.51658910774639821 166.91087612446918342 342.11926143637242603 158.50031280009355328 227.75640567956943983 139.93637443982552782 289.08363332229856724 329.11710210232246254 13.11975549105955352 98.393169425004600726 189.64711041901463773 358.476956296178912 5.2513680306457031222 356.18705651591187689 219.69915366563114389 245.49808152161460839 293.80182551439742156 211.59302862845586901 69.176434384492992535
187.85487156815042908 282.59229604226766241 345.16885034006855903 266.71334471143330802 42.497856843427996409 290.98647539537586226 283.10976252960017518 243.95941227274349217 167.24023923414659976 291.96878652197335668 343.47154392836824854 275.97315640145535554 339.6401843898420907 50.351178033747011398 172.20731781952125061 255.76179880093209817 353.13107761087991321 342.24239082116110922 13.527339366820536171 229.27975757458611383 229.6116581818749296 67.90117242398011399 340.02861486732223284 129.96748964478641142 123.97788762838074206 207.25852199792947772 357.59358943541946019 251.6101131815525207 51.841008740901031615 287.37485975650611181 76.701122476551915952 68.280324821373312716 127.39221942648156016 66.435048256639021247 216.02867177934015785 154.9192907944019737 252.56735678537052081 13.429897755981199836 55.466932518390024143 337.27411781186395956
87.670414207501650594 255.44068071217506599 343.05201260347291736 298.61147247965629958 337.5400558735074128 24.308906834500763949 229.68107304720942352 199.85629538221127177 328.27171767999311669 22.96026166442489469 312.8819571127790482 57.321681342463861597 313.20935055603496266 117.45203769675893568 290.09998082749507375 73.590260564457238956 73.545703582049057445 208.65112686383469054 288.4424095660329499 313.43132910213387277 215.94423704736081504 148.55555755936049422 291.19339163684026062 258.02683449748724342 134.40881868811257505 261.57135972330917184 97.51690066913251087 22.047788397649682679 252.97787692567115414 58.097765369351606068 91.864553468806889214 15.362699319694424815 5.7985657069988496559 118.35427509046635919 120.20557080355550283 227.44330465715401601 299.16309603112557625 160.68056333583774631 303.37856802384709454 229.11433871482017821
122.03282506238771532 236.42122106934579051 126.71411820229120337 307.5528922952692028 23.846052353889373165 100.99672184478293957 78.444814064831547284 223.85596244625253348 339.20422212168853093 61.209909771687016189 220.37541183854506244 9.5189725386440713351 208.8098853445011116 157.35130100310888679 29.995376264264908883 154.57350260857015201 87.755281567121784292 358.15038794126633093 55.923484755845244365 18.297292695366337512 228.97271739932668311 159.04760793033895538 78.25877422351908308 201.31237656961639004 89.087697772919881345 38.773961457306548084 223.79088405040323551 5.5866368698727839615 14.435310856112323563 335.94341698483668779 258.12198418590719484 188.12605175112355482 121.29827607121202959 272.34517034278798064 329.56676924128277051 309.08316758668934199 342.30214390209977182 344.61513522875867466 81.758068587875655453 304.3058085563898203
