src/SDSim/Maps10/direction.asc
ncols        196
nrows        122
xllcorner    -12.166618000000
yllcorner    34.999860000000
cellsize     0.083333000000
[rows 90 to 107 of 122, columns 40 to 79 of 196]
62.312638994483791066 77.615028964348439899 71.24341378460586327 66.875066913190806872 305.16179904759360397 305.26730628908347853 103.02245595349486962 358.24215376244387699 347.32251487318984573 195.96157874135653287 323.92600405803574404 217.41064027329261421 54.364786609303742182 130.55962139782377562 144.51441365312118137 47.634490536023207596 316.45277942174010377 53.171996585987912454 92.605146479914836277 18.873383708682744953 343.74619427762559098 2.6575812898788173655 304.95376473885323776 13.488365590596007593 186.77827527121067419 59.684352569588611459 296.17488354930804917 127.57821756550326597 281.20562120857795207 263.29304431219026128 10.511622470669118812 283.63934728109882144 81.429720339974437593 337.09910170327981405 233.06200687087834922 242.7347802503304024 19.220837413163117446 152.09079314564269225 281.20841919522041508 221.02208811539807698
355.84910786425871265 28.180896857802441247 270.17104966164868074 65.277574515741051187 139.36951344269959918 74.925766996359286054 47.719939745683660703 238.9631002180189796 275.30864650902947233 197.8070839472891862 75.502653440594841072 208.28968188936113393 120.78455027578364422 285.47718705255891791 293.03486078362720946 273.20325328045339575 287.52290776288481311 16.550256385634597223 316.93605029735192602 261.81232385248790706 63.939648562453065495 89.846871959853871203 318.47622912143015128 239.08046213738600727 56.363556266931446714 119.18501719269403338 26.488408026563437403 308.15716556623726774 114.34228415306742477 338.10383659509278687 106.45671990149050146 81.007059875432446461 55.537063025362776614 25.108622112238894175 158.19909127480661937 205.03789691099078141 255.2838772550183819 203.86942808379041026 120.23325863457935725 50.20106988009798954
268.90390686527791786 169.11649926460222559 300.03799701490379448 119.3804729114415295 95.823888513351121787 171.92368515496724513 356.79744363774671001 103.23412397486210068 4.0492138254864924463 194.06662546465727814 37.504059935693078387 319.24526514944102473 179.64231041900964669 311.46862749737732656 323.44191139281321057 264.9915442264810963 146.01027836974623142 212.74962068820630634 189.08290359844025375 341.78119572655265301 106.86496437774840729 130.05723243130407241 49.074247731747028922 19.780390078222133354 318.20946190480236737 42.778676606089568679 32.444001101940223464 84.20971898886924123 348.11248455888608078 288.09993578999331021 331.21138089805810978 249.53810326504523687 309.17365778228440831 64.175501959861591672 190.85009897113488364 302.74074887205506457 272.98415527179520268 305.87642644454012952 335.57366034603171556 282.95321259073278952
55.966724230036156484 116.10892504299025063 295.52991409711751203 316.75085275557682962 223.96791003464704772 258.76169274484379912 255.46534691453533128 5.7060822077965891452 187.02688102173482321 107.79704670459237548 114.67660738164379097 161.01511652576650135 223.18693790415568401 351.71181343902139815 194.93326176249479431 154.78407479522184076 292.22972080464086275 71.07195179283014852 189.83393951707822112 284.02568527844584878 292.35792242570158805 343.70170115060363969 247.31351340086195023 231.69087547591644238 171.27261207152048428 90.589216226561319445 210.35831387735171916 70.085178011066687986 215.88395088333953709 38.649329461036991518 138.37271152000349161 253.78497595233332618 344.67088365495413882 115.34419710273343185 326.3972246033493434 51.226986658080534198 343.68498281061488342 192.21896815476708298 228.32700518535594369 49.290871364433549218
208.66521116691865245 4.3944226260042968946 265.36996055115895388 68.130723875278249579 254.74208807835759671 131.75885690358583702 254.47946277936478054 23.554217809048452636 28.212239113775940069 317.59038292292245842 213.5241796071549345 169.00654846094803929 330.41431900471241079 286.32772489597454069 208.40880173075817083 222.51344627784988006 297.95593113869017543 251.70549310389205289 31.838383309651195674 148.91126296179965038 230.55632903480301366 156.63228077975443853 260.4580482998993034 264.75715345042920035 317.72718891256562301 145.78940299916595791 190.06501015847226199 210.31462368987331502 339.4073223814858693 27.129456635140421383 252.63669011833016498 18.523284095266426164 296.93146544276976329 49.698307066683696576 147.80700862939761464 208.00996496105881306 274.95119566820358159 111.26426864771381986 94.191640333616575731 311.26838975412164245
140.84616127453062973 276.1486335248525279 194.58433259681993377 56.889009173162605748 345.94718098592915112 235.92866154654686284 52.509478909035820493 293.68519540636697229 131.73288799353835543 315.1823943016735825 259.80761926316256449 234.3697778562674614 48.720717533664995358 268.38748742792563462 207.56351208093997229 29.035555088419755521 220.51247638066675449 319.80245839294138932 196.56285840797289666 123.94919464431714573 308.82438293986029976 97.470007803003298363 112.19951734894213757 335.15970856636994313 322.78904545055348763 154.38396822457360713 197.71007436505095711 224.9502588335043356 314.81381336514596114 170.12559057109379523 208.76410498591920373 265.57168816192552185 311.63271956296262033 0.84548961336414552026 299.07678286714849492 296.58857949584995595 109.21081753668030956 312.22852631528343181 228.25271049093856846 248.01487885106300268
148.42644300868846585 258.45600803340869334 327.76060378511624549 56.414328154188382314 60.676793667643089236 13.764521871078619242 64.86225782502268089 187.12745307466471445 172.47308933060429581 2.9699511011104000602 175.30869920581491783 353.60886144793357744 206.38136524434702324 198.81516625485534178 341.21853648917459623 120.39773505317361924 224.4099389570914127 274.75473915404609215 161.93770008050532283 270.06135604206781409 216.15453670197911151 25.456367709482751849 212.02756535384216363 149.73806350736612103 226.84766039881955635 63.303047463552303498 349.43583114991611183 30.242540533433192707 330.8470514251156942 330.05327632829045115 98.017127776882119861 250.04224410894155994 187.40407104817114714 180.37074399136736247 228.90671298907616915 286.53607041756038143 61.497662291501647758 19.825721638635776856 346.72948225309363579 246.25295067842398566
214.28130783549895 353.51805478641551872 121.59112208948036482 215.96073497029971122 9.281842309008499825 231.0183952270629959 83.177328581380152173 202.87804184850543265 129.05816976777916238 277.30719030072987152 219.47878164285094726 297.91633974314675015 96.171499233425493003 74.233932487021220936 327.48109242902251026 0.50673613540575845882 196.43701556033758493 36.477723325129026932 133.52768423994993441 61.571510692591878922 162.05859354398722871 113.95397121680356634 331.69987197223247222 206.53875049061457503 64.596623078976790566 209.35084797958089098 279.98508517482235902 58.069269878135123975 242.40065228403977926 66.705834845210617345 229.73130074347577079 119.01110400410709644 343.58420339402050558 296.67090002190423093 167.82988578176002648 167.8440614745202879 330.4232519711112559 192.24964636963014186 221.90838868197388933 297.91707488759061562
300.16521359503235544 139.7812295296330376 276.29963439195512365 39.096233848444377657 346.28043500009442823 291.12493260169310361 322.64701067956792713 49.034427577644308371 45.654452796586184604 84.246735296793943348 22.531066761989933411 283.02544000427917581 113.6550285613815845 320.13284657035205782 255.46723867600945823 124.61032695794493463 327.86485220645221261 272.71207598390651583 269.33551496568890116 338.15791338053611526 3.4394873603694429143 147.7677498171303796 177.54961568715103226 222.23212415894491301 344.15329941673854819 133.69124536209633902 118.00510481688017705 63.020213454680288123 78.467766448719530104 134.00555207897133414 45.46147255267855769 291.79064805491316292 273.3730089413005544 28.979124592141435102 31.809338638930032772 261.66401869016590354 252.03448664610718311 25.848038198327586201 50.65314106847852571 20.610994248871797652
36.726970152397029779 355.20887405824174721 47.658995502286707335 6.9110478363213720954 333.45552992359699829 156.57982387848630879 117.12957878920177279 194.96176807485809945 44.480824822223162585 269.94472983111649 106.98415623571887068 14.115380816287553145 37.248365012625455961 327.49216135582088327 204.29489748698176754 190.37241557732579622 36.618647892245569153 78.464132388552243924 255.17349014046092748 332.54049591179762047 322.14702656053032115 76.065210976146104827 23.616231935643028805 81.78534414688186871 261.32406042978783489 229.4409011554068627 151.30704155700448155 28.931134607781693546 71.73304038893873269 199.25036206643116543 342.26793187620887693 48.552684106593844149 139.12532405500712684 312.00236990851050223 123.67564424222751995 176.6032953157632619 304.13817121612174788 314.34898231683695258 131.63759880490218279 133.97854352741120465
121.45899830821848298 283.55185639386940011 239.68386648940787609 300.79777665151806332 21.405494203309107348 263.18978116372773002 6.1733515384854822372 3.7218261417759705978 174.83096049825257978 119.19567339316927246 109.43985851120667974 91.023004467094011716 264.95782130782066588 153.73396744478662868 287.81947405198343404 346.23960280568456938 178.76706936435135731 296.79513354077755594 142.28123862070958694 264.12954807407965063 223.55567493351571784 343.94345629716684698 326.51087800962113761 300.46187673451697719 289.21068109221647546 136.53435061301152587 80.466688797768625818 286.70849571415453738 196.21242287525316783 230.52548598043881611 83.616831451618381266 267.07241606628474528 225.64624237986777189 296.80214705429199284 240.97642291442301143 238.45483459601638287 63.070576829765052196 16.933857390977941293 246.01249442227572217 208.60774966705704969
321.99035118393283028 146.76663993108360273 69.502559815188334369 302.99793507444320539 29.708877276488816932 242.42335956786209294 301.78613954368938721 344.01788995549293304 79.892009062513423601 189.15270192309341724 204.52514606060765345 72.445764054283458222 339.83699789245883949 246.15900325547517014 55.340423735312732845 247.03101148351382221 185.27514779736708306 268.54535686853262177 207.42662432681441942 39.984998473643869943 124.38070498382172957 2.9061037061724013242 37.664935826473850966 23.128187229600484898 22.202352791667799181 247.47640226465313162 91.001442184174663907 109.9377741994385218 113.337577472302101 140.47160052162166721 251.72606355312399273 158.37202404396708744 10.476509531661575281 252.68079978621628356 172.3691057760404135 172.36069056728550208 238.86755224467216863 63.207179356055988251 340.46689761424272547 172.40442000630642383
146.34901105747690053 39.401417923772790175 117.14089562883614803 294.36520705893082095 67.723983148116573716 332.1878883826452693 302.70894852524088492 111.39353729494878564 14.043968471069256054 261.3204005735709643 65.649049506403855503 283.90329228541611428 152.96397918984968101 355.79778345899092074 163.05061722969696802 130.64563310444279409 107.53467817029688547 196.45053242322103415 244.0755371551122721 88.833003471661314165 122.71628657142936447 334.71684681087594981 130.47668533440742067 216.22446352967725147 351.69153736874454808 89.073601613893089279 194.02480559508410352 19.869104075199210513 312.42567270323621642 57.183500954652721759 290.2136329535483128 214.61596438325611302 24.631421886126659615 273.60627123363207147 123.56740368812786812 181.61172901979168159 300.39706729745131497 161.62261702532688901 317.79402166240640781 200.09359231676671698
67.483347247700393723 69.373907613360117352 27.991251785690131726 124.8121605068664195 345.86011175489892366 78.55141809566065092 232.09058368751777834 42.686673101653511253 216.53863295333823658 68.655778777667237023 77.865244205976352987 122.02954363450257347 235.94050415496263895 245.42734592234731394 206.97486599483235636 88.63131525053744042 149.04693186880419375 53.247681774851045589 330.65610606729018173 153.74164666715097383 4.7321379858180687705 241.18496183050652348 71.5002172922149839 230.96846875398262 105.68306177930094236 19.5753779621979902 265.42903767204433052 77.030614848449630472 344.16552377580330813 117.10351818680776148 36.467569650007291671 161.18624907971016569 295.90849151434014175 268.19717909679786771 102.89451187486972117 27.36046290165988637 22.764609236654479218 183.53229154813232071 341.56597599316216929 10.62079183580519981
284.19244610815377428 72.015902029356325897 242.63098218208060075 355.2916580503739965 237.95959921841938467 62.037515057453433087 306.791404960405373 232.83677717724589229 344.37010310280766134 204.53137264018877772 189.74725145817674843 158.61113001238948073 234.45139929713786842 89.132122207084748311 325.03527250334417431 332.08719568685449985 144.10942393011976037 238.65502740704846474 302.55622639595941337 230.14102160154880039 111.22223645825961569 157.65974250636952547 36.762264953881590657 187.03054440640772782 130.73355926505507796 194.61289882962392994 345.15089505980120066 345.23854436492899822 159.12367580209240714 333.882135108983789 229.79965879759549807 283.23180452506517213 72.494912785569127323 286.10197109842562213 353.74345764910549406 154.47198181044893772 74.518566931298423128 281.20048921268136155 255.28864041267735274 182.40569919945795618
95.053580126013017093 25.433074280906513565 356.03392523606106579 97.676241597464482425 90.372175645169718905 193.87616707625377899 14.14000388091781879 80.110847517862808331 44.142888442388830583 287.65416706094021038 276.01868219519673175 285.73595612904551899 142.2575478750028708 155.81692404521700723 139.85893137795790153 160.13083769692798342 13.244278574985406394 324.25442537624883244 326.40206797252523074 33.452061015094855634 208.63892492436201564 206.05785472837612815 355.71511100324187282 344.01679869024110303 282.801383204031481 77.262229706020221442 135.73906661311139032 17.699368098206925026 108.91845466968166534 150.87564081555146345 42.963412965134054389 240.61959715189911435 330.92359792769269689 225.89575092068290019 58.33020586757137238 187.95342249603939422 76.30964909053784595 23.116941535408770392 95.094870450648812721 107.79221078093938502
148.49385769192451789 30.683886060956456987 302.56821239758113506 160.2972989750532804 38.549752310819542345 224.23817113147254076 68.754167101165407416 187.15808991231844516 144.99109172238959786 92.279965333079886136 305.52439984282602836 294.43275316742870018 349.19479665363854792 28.966943592462612855 325.64254489045515584 104.96806182733483581 262.30518737439689403 354.32757527212328341 4.0498083795847232835 331.91969205164076584 181.76547517646719143 238.28672213552667358 76.32883605182811948 354.87369039104976309 52.570395155831562306 329.93862943880827743 243.75259302667308248 111.41985482221039661 272.38124607191929272 141.92479803983178499 184.81276557180598274 132.32024433641203132 280.16576750945034746 247.07180032113768675 192.98502581764267916 343.07561876797808509 333.54233126024308831 96.995760949157059372 288.72737164390093767 218.13561121047123947
203.55488839623080821 24.018907502926300168 130.45963620290450535 119.94008907408709774 161.4410207294036752 93.796932634081869651 102.74755395925970447 333.57710223878495981 41.337986705166215984 277.52944587114041042 167.5234518530019443 110.94692245770772843 152.14404859823258676 60.738673271846444379 151.22854804464591894 33.588236802359304534 91.589222189531042773 178.11850619086035863 121.39682790816345914 71.319318566186041153 2.7270853842343703022 31.489872563406851924 130.08387933389246882 176.35404144197084975 83.447249103860059449 283.5670411886076181 256.2366150781171541 354.64841118514988239 134.1971286224024027 91.979098841481388149 285.5493919465535555 189.41356488517919843 313.13645319046395343 139.80076761970758525 154.44231460821961832 178.95481599333018607 237.96254253057921346 50.594055518746642974 156.34913901703905026 253.79008510368765883
