src/SDSim/Maps10/Present_rfseas_10km.asc
ncols        196
nrows        122
xllcorner    -12.166618000000
yllcorner    34.999860000000
cellsize     0.083333000000
NODATA_value 255
[rows 48 to 95 of 122, columns 0 to 95 of 196]
255 255 255 255 255 255 255 255 255 255 255 255 255 255 255 255 255 255 255 255 255 255 255 255 255 255 255 255 255 255 255 255 255 255 255 255 255 255 255 255 255 51 51 51 51 51 52 52 52 54 54 53 53 55 55 54 55 55 54 53 53 52 51 49 48 47 46 45 44 42 41 41 40 39 38 38 37 37 36 34 33 32 32 32 32 31 30 31 31 31 30 30 30 31 31 30
255 255 255 255 255 255 255 255 255 255 255 255 255 255 255 255 255 255 255 255 255 255 255 255 255 255 255 255 255 255 255 255 255 255 255 255 255 255 255 255 255 255 52 52 52 52 52 52 52 54 54 54 55 55 55 55 55 54 54 53 52 51 51 50 49 48 47 46 44 43 41 41 40 40 39 38 38 38 36 33 32 31 32 31 31 31 31 32 31 31 32 31 31 31 31 30
255 255 255 255 255 255 255 255 255 255 255 255 255 255 255 255 255 255 255 255 255 255 255 255 255 255 255 255 255 255 255 255 255 255 255 255 255 255 255 255 255 255 52 52 52 52 52 53 53 53 54 55 56 56 56 56 55 55 55 54 53 53 51 50 49 48 47 46 44 43 43 41 41 39 40 38 37 37 35 33 31 32 31 32 32 32 32 32 32 32 33 32 32 32 31 31
255 255 255 255 255 255 255 255 255 255 255 255 255 255 255 255 255 255 255 255 255 255 255 255 255 255 255 255 255 255 255 255 255 255 255 255 255 255 255 255 255 52 52 52 52 53 54 54 54 53 55 55 55 56 56 56 55 55 55 54 54 53 51 50 50 48 47 46 45 44 43 42 40 39 39 38 37 36 34 33 33 32 31 32 32 32 32 32 33 33 33 33 33 33 32 32
255 255 255 255 255 255 255 255 255 255 255 255 255 255 255 255 255 255 255 255 255 255 255 255 255 255 255 255 255 255 255 255 255 255 255 255 255 255 255 255 255 255 52 52 52 53 52 53 53 53 54 55 55 56 56 56 56 56 55 54 53 53 52 51 49 49 47 47 45 44 43 42 40 40 39 38 36 36 35 34 34 32 33 32 32 33 32 33 33 34 35 35 34 32 31 31
255 255 255 255 255 255 255 255 255 255 255 255 255 255 255 255 255 255 255 255 255 255 255 255 255 255 255 255 255 255 255 255 255 255 255 255 255 255 255 255 255 255 52 52 52 52 53 54 55 55 55 55 55 55 55 56 56 54 54 55 54 53 51 51 50 48 48 46 46 45 44 42 42 41 40 39 37 36 36 34 33 33 33 33 32 32 32 32 34 35 36 35 34 32 29 28
255 255 255 255 255 255 255 255 255 255 255 255 255 255 255 255 255 255 255 255 255 255 255 255 255 255 255 255 255 255 255 255 255 255 255 255 255 255 255 255 255 52 52 53 53 53 53 55 54 54 54 54 55 55 55 55 55 56 55 55 54 53 51 51 50 49 48 48 46 45 44 42 41 40 39 39 37 37 36 35 34 33 33 32 32 32 33 34 34 34 34 34 33 33 32 29
255 255 255 255 255 255 255 255 255 255 255 255 255 255 255 255 255 255 255 255 255 255 255 255 255 255 255 255 255 255 255 255 255 255 255 255 255 255 255 255 53 53 53 52 52 52 53 54 53 54 54 54 55 55 55 55 56 56 55 55 54 54 52 51 50 49 48 47 46 45 44 42 41 41 40 39 38 36 36 35 34 35 33 33 32 31 32 33 32 32 35 35 35 34 33 32
255 255 255 255 255 255 255 255 255 255 255 255 255 255 255 255 255 255 255 255 255 255 255 255 255 255 255 255 255 255 255 255 255 255 255 255 255 255 255 255 53 52 53 53 52 53 53 53 54 53 54 55 55 55 57 58 57 56 55 55 54 53 53 51 50 49 49 48 47 45 44 44 42 42 41 40 38 38 37 36 35 34 33 32 33 33 33 34 34 35 35 34 34 34 33 33
255 255 255 255 255 255 255 255 255 255 255 255 255 255 255 255 255 255 255 255 255 255 255 255 255 255 255 255 255 255 255 255 255 255 255 255 255 255 255 255 53 53 53 53 52 53 53 53 53 53 54 55 56 56 56 58 55 55 54 54 55 54 52 51 51 49 48 48 46 46 45 44 43 42 41 40 38 37 36 36 36 34 34 33 33 33 33 33 33 31 33 34 34 34 34 35
255 255 255 255 255 255 255 255 255 255 255 255 255 255 255 255 255 255 255 255 255 255 255 255 255 255 255 255 255 255 255 255 255 255 255 255 255 255 255 54 54 53 53 53 53 53 53 53 54 54 54 56 55 56 58 57 55 55 54 54 54 54 52 51 51 50 48 48 47 46 45 45 44 43 43 41 39 37 37 36 35 34 33 33 32 35 33 35 36 37 35 35 35 35 36 35
255 255 255 255 255 255 255 255 255 255 255 255 255 255 255 255 255 255 255 255 255 255 255 255 255 255 255 255 255 255 255 255 255 255 255 255 255 255 255 54 54 54 54 54 53 53 53 53 54 54 56 56 57 56 55 55 55 54 54 55 54 53 51 51 51 50 48 48 48 47 46 45 45 43 42 40 41 38 37 36 35 37 35 38 35 38 37 37 37 36 35 34 36 36 36 35
255 255 255 255 255 255 255 255 255 255 255 255 255 255 255 255 255 255 255 255 255 255 255 255 255 255 255 255 255 255 255 255 255 255 255 255 255 255 255 255 55 54 54 53 53 53 53 55 55 56 55 56 56 55 56 55 55 55 55 54 53 53 51 51 51 50 49 48 48 47 47 45 45 44 43 41 40 40 40 41 40 40 39 40 39 39 37 37 35 36 37 38 36 37 36 36
255 255 255 255 255 255 255 255 255 255 255 255 255 255 255 255 255 255 255 255 255 255 255 255 255 255 255 255 255 255 255 255 255 255 255 255 255 255 255 55 55 55 55 54 54 54 56 55 55 55 55 56 55 56 55 55 55 55 54 54 54 53 52 51 50 50 50 49 49 48 46 46 45 44 44 44 43 43 43 42 42 42 41 40 40 39 38 38 39 38 37 37 38 37 36 35
255 255 255 255 255 255 255 255 255 255 255 255 255 255 255 255 255 255 255 255 255 255 255 255 255 255 255 255 255 255 255 255 255 255 255 255 255 255 57 56 55 55 54 55 54 54 55 55 55 55 55 56 55 55 55 55 55 54 54 54 53 53 52 51 51 50 49 48 48 47 47 46 45 46 45 45 43 43 43 43 42 43 42 41 41 40 39 40 39 39 38 38 37 37 37 37
255 255 255 255 255 255 255 255 255 255 255 255 255 255 255 255 255 255 255 255 255 255 255 255 255 255 255 255 255 255 255 255 255 255 255 255 255 255 57 56 56 56 55 55 55 55 55 55 55 56 55 56 55 55 55 55 54 54 54 53 53 53 51 51 51 50 49 49 48 48 48 47 47 46 46 46 45 44 43 42 42 43 41 41 41 40 40 39 39 39 40 39 38 38 37 38
255 255 255 255 255 255 255 255 255 255 255 255 255 255 255 255 255 255 255 255 255 255 255 255 255 255 255 255 255 255 255 255 255 255 255 255 255 255 57 57 57 56 56 56 56 55 55 56 56 56 55 56 55 55 55 55 55 54 54 53 53 53 52 51 51 50 49 49 49 48 48 47 48 46 46 46 45 46 43 44 43 44 43 42 42 42 41 40 40 40 38 38 39 39 37 37
255 255 255 255 255 255 255 255 255 255 255 255 255 255 255 255 255 255 255 255 255 255 255 255 255 255 255 255 255 255 255 255 255 255 255 255 255 255 58 58 57 57 56 56 56 56 56 56 56 56 56 56 55 55 55 54 54 54 54 53 53 53 51 51 50 50 50 50 49 48 48 47 48 47 47 45 45 45 43 44 42 42 43 43 42 41 41 40 40 39 39 39 38 38 38 38
255 255 255 255 255 255 255 255 255 255 255 255 255 255 255 255 255 255 255 255 255 255 255 255 255 255 255 255 255 255 255 255 255 255 255 255 255 255 59 58 58 57 57 56 57 56 56 56 56 56 56 55 55 55 55 55 55 54 54 53 53 53 52 51 50 50 50 50 49 48 48 48 48 48 46 46 46 46 45 44 43 41 42 42 42 42 40 40 39 40 38 38 38 39 38 38
255 255 255 255 255 255 255 255 255 255 255 255 255 255 255 255 255 255 255 255 255 255 255 255 255 255 255 255 255 255 255 255 255 255 255 255 255 60 59 58 58 57 57 58 57 57 57 56 56 56 56 56 55 55 55 55 55 54 54 53 53 53 52 51 51 50 50 49 50 49 49 49 48 48 48 47 46 46 46 45 44 44 41 42 40 42 41 40 40 39 39 40 38 39 38 37
255 255 255 255 255 255 255 255 255 255 255 255 255 255 255 255 255 255 255 255 255 255 255 255 255 255 255 255 255 255 255 255 255 255 255 255 61 61 59 58 58 59 58 58 57 57 57 57 56 56 56 56 55 55 55 55 54 55 54 54 53 53 51 51 51 50 50 50 50 50 49 48 49 49 48 46 46 45 46 46 44 42 43 44 44 43 43 43 42 42 41 41 39 40 39 40
255 255 255 255 255 255 255 255 255 255 255 255 255 255 255 255 255 255 255 255 255 255 255 255 255 255 255 255 255 255 255 255 255 255 255 62 62 62 60 59 60 60 59 59 58 57 57 57 56 56 57 56 56 55 55 55 55 54 55 54 53 52 51 51 50 51 51 49 50 50 49 49 49 48 48 48 47 45 46 45 45 45 45 44 45 45 44 44 43 43 42 41 39 41 40 40
255 255 255 255 255 255 255 255 255 255 255 255 255 255 255 255 255 255 255 255 255 255 255 255 255 255 255 255 255 255 255 255 255 255 63 62 62 62 61 60 60 60 59 59 59 58 58 57 57 56 56 56 55 55 55 55 55 55 55 54 53 52 51 51 51 51 50 50 50 50 50 49 49 49 49 48 48 48 48 48 48 47 46 46 47 45 45 45 44 43 43 42 42 42 43 40
255 255 255 255 255 255 255 255 255 255 255 255 255 255 255 255 255 255 255 255 255 255 255 255 255 255 255 255 255 255 255 255 255 255 63 63 63 62 61 61 61 60 60 59 58 58 58 57 57 57 56 57 56 56 55 55 54 54 54 53 53 52 51 51 51 51 50 51 50 50 49 50 49 49 49 50 48 49 49 49 48 48 48 47 47 47 46 45 46 45 43 42 43 43 44 42
255 255 255 255 255 255 255 255 255 255 255 255 255 255 255 255 255 255 255 255 255 255 255 255 255 255 255 255 255 255 255 255 255 255 63 62 62 62 62 61 60 60 60 60 59 59 58 57 57 57 57 56 56 55 55 55 55 54 54 54 53 52 51 52 52 51 51 51 51 51 49 50 50 50 50 50 50 49 49 49 50 49 48 48 48 47 46 45 45 44 45 45 42 43 44 44
255 255 255 255 255 255 255 255 255 255 255 255 255 255 255 255 255 255 255 255 255 255 255 255 255 255 255 255 255 255 255 255 255 63 63 63 62 62 61 62 62 61 61 60 60 59 58 58 58 57 56 57 56 56 56 55 55 54 53 53 53 52 51 51 51 50 51 50 51 51 51 50 50 51 50 50 51 51 50 50 49 50 49 48 49 49 47 46 46 46 46 45 44 44 45 45
255 255 255 255 255 255 255 255 255 255 255 255 255 255 255 255 255 255 255 255 255 255 255 255 255 255 255 255 255 255 255 255 255 64 64 64 64 62 63 62 62 61 60 60 60 59 60 58 57 57 57 56 56 55 55 55 54 54 54 53 53 52 52 51 51 51 52 51 52 52 51 52 52 52 51 51 52 52 51 52 51 51 50 52 50 48 49 49 49 48 47 46 47 47 44 46
255 255 255 255 255 255 255 255 255 255 255 255 255 255 255 255 255 255 255 255 255 255 255 255 255 255 255 255 255 255 255 255 255 64 66 64 64 63 63 62 62 62 61 60 60 60 59 59 58 58 57 56 56 56 55 55 54 54 54 53 53 52 51 52 52 53 52 52 52 52 52 52 52 52 52 52 52 51 52 51 52 51 50 51 51 52 50 49 50 49 47 48 47 48 46 46
255 255 255 255 255 255 255 255 255 255 255 255 255 255 255 255 255 255 255 255 255 255 255 255 255 255 255 255 255 255 255 255 63 65 66 65 64 255 63 63 63 61 61 60 61 60 59 58 58 58 56 56 56 55 55 54 55 54 54 53 53 53 52 52 52 52 52 52 52 52 52 53 52 52 53 53 51 53 52 53 53 52 51 52 50 52 51 50 51 50 49 49 49 48 47 47
255 255 255 255 255 255 255 255 255 255 255 255 255 255 255 255 255 255 255 255 255 255 255 255 255 255 255 255 255 255 255 255 255 255 64 255 64 255 63 63 63 63 62 60 60 59 59 58 58 57 56 57 56 56 55 55 55 55 55 54 54 53 53 53 53 52 52 52 52 52 52 52 53 52 52 53 53 52 53 53 52 52 52 51 53 53 52 53 51 51 51 49 48 48 48 47
255 255 255 255 255 255 255 255 255 255 255 255 255 255 255 255 255 255 255 255 255 255 255 255 255 255 255 255 255 255 255 255 255 255 255 255 63 64 63 63 63 62 62 62 61 60 59 58 58 57 57 56 57 56 56 55 55 55 55 54 53 54 53 53 53 53 52 53 53 52 53 54 53 53 53 53 54 53 53 52 52 52 54 53 54 53 53 53 52 50 51 51 49 49 49 50
255 255 255 255 255 255 255 255 255 255 255 255 255 255 255 255 255 255 255 255 255 255 255 255 255 255 255 255 255 255 255 255 255 255 255 255 65 64 63 63 255 63 62 62 62 60 59 58 58 58 57 56 57 56 56 55 56 55 55 55 54 55 54 53 53 53 53 54 53 53 53 54 54 53 53 53 53 54 53 53 54 54 54 53 53 53 53 54 52 53 52 50 49 50 50 50
255 255 255 255 255 255 255 255 255 255 255 255 255 255 255 255 255 255 255 255 255 255 255 255 255 255 255 255 255 255 255 255 255 255 255 255 63 63 255 63 63 62 62 62 61 61 61 59 59 59 58 57 58 57 56 56 56 55 56 55 55 54 54 54 54 54 53 53 53 54 53 54 54 54 55 54 54 54 54 54 54 54 54 54 54 54 54 53 53 53 53 52 52 49 49 49
255 255 255 255 255 255 255 255 255 255 255 255 255 255 255 255 255 255 255 255 255 255 255 255 255 255 255 255 255 255 255 255 255 255 255 255 255 255 255 255 63 62 63 62 61 61 61 60 58 58 58 57 57 57 56 56 56 56 56 56 55 55 54 55 54 55 55 54 54 54 55 55 54 55 55 55 55 54 55 54 55 54 54 54 54 54 54 54 54 54 52 53 52 52 53 52
255 255 255 255 255 255 255 255 255 255 255 255 255 255 255 255 255 255 255 255 255 255 255 255 255 255 255 255 255 255 255 255 255 255 255 255 255 255 255 255 64 63 63 62 62 61 60 61 60 59 58 59 57 57 58 57 57 57 56 56 56 56 54 54 56 55 55 55 55 54 55 55 55 56 56 54 55 55 55 55 55 56 56 56 56 54 55 55 55 54 54 54 53 52 52 54
255 255 255 255 255 255 255 255 255 255 255 255 255 255 255 255 255 255 255 255 255 255 255 255 255 255 255 255 255 255 255 255 255 255 255 255 255 255 255 255 64 63 63 63 63 62 62 61 60 60 60 59 59 57 58 58 57 57 57 56 57 56 56 55 55 55 55 55 56 55 56 56 56 56 55 55 55 56 57 56 56 56 55 56 56 57 56 55 56 55 55 56 55 53 53 55
255 255 255 255 255 255 255 255 255 255 255 255 255 255 255 255 255 255 255 255 255 255 255 255 255 255 255 255 255 255 255 255 255 255 255 255 255 255 255 255 64 63 63 63 63 63 62 61 62 60 60 59 59 59 58 59 57 58 57 56 56 57 57 56 55 56 56 56 56 56 56 56 56 56 56 55 57 56 57 57 57 57 57 58 57 56 57 57 57 57 55 56 57 57 57 56
255 255 255 255 255 255 255 255 255 255 255 255 255 255 255 255 255 255 255 255 255 255 255 255 255 255 255 255 255 255 255 255 255 255 255 255 255 255 255 255 65 63 63 64 64 63 63 62 61 60 60 60 59 59 60 59 59 58 57 58 58 57 56 57 57 56 56 56 57 56 56 57 56 58 58 57 57 57 57 57 57 58 58 59 58 57 57 57 59 58 58 58 58 57 57 57
255 255 255 255 255 255 255 255 255 255 255 255 255 255 255 255 255 255 255 255 255 255 255 255 255 255 255 255 255 255 255 255 255 255 255 255 255 255 255 64 64 64 64 63 64 64 63 63 61 62 60 60 60 61 60 60 59 59 58 58 58 57 57 56 57 57 57 58 58 57 57 57 57 57 58 58 57 58 57 57 58 58 59 59 59 59 59 59 60 59 60 60 59 58 57 57
255 255 255 255 255 255 255 255 255 255 255 255 255 255 255 255 255 255 255 255 255 255 255 255 255 255 255 255 255 255 255 255 255 255 255 255 255 255 255 255 65 64 64 65 64 64 64 64 63 61 62 61 61 61 60 60 60 59 59 59 58 58 57 57 57 57 57 57 58 58 58 58 58 58 60 59 59 59 58 59 59 60 61 61 60 61 62 62 62 61 60 60 59 59 58 58
255 255 255 255 255 255 255 255 255 255 255 255 255 255 255 255 255 255 255 255 255 255 255 255 255 255 255 255 255 255 255 255 255 255 255 255 255 255 255 255 65 65 64 64 64 64 64 63 64 63 61 61 62 62 61 61 61 60 59 59 58 58 59 59 59 58 59 58 58 59 59 58 59 59 60 60 60 60 60 60 61 60 61 61 61 62 62 61 61 62 60 59 58 58 58 57
255 255 255 255 255 255 255 255 255 255 255 255 255 255 255 255 255 255 255 255 255 255 255 255 255 255 255 255 255 255 255 255 255 255 255 255 255 255 255 255 66 65 65 64 64 64 65 64 64 63 63 63 61 62 62 61 61 61 61 59 60 59 59 59 59 60 59 59 58 59 60 60 60 59 60 61 60 61 61 60 62 62 63 63 62 62 62 62 61 62 61 60 59 59 59 58
255 255 255 255 255 255 255 255 255 255 255 255 255 255 255 255 255 255 255 255 255 255 255 255 255 255 255 255 255 255 255 255 255 255 255 255 255 255 255 255 67 66 66 66 65 64 64 64 63 64 64 63 63 63 62 62 61 61 61 61 60 61 60 59 61 60 59 60 60 60 61 61 60 61 61 61 63 62 62 62 63 63 63 63 63 62 62 61 63 60 61 60 60 59 57 57
255 255 255 255 255 255 255 255 255 255 255 255 255 255 255 255 255 255 255 255 255 255 255 255 255 255 255 255 255 255 255 255 255 255 255 255 255 255 255 255 66 66 68 67 66 64 66 64 65 64 64 63 64 63 62 62 62 61 61 61 61 61 60 60 61 60 61 61 60 61 61 61 61 62 62 62 63 63 63 63 63 63 63 63 63 64 63 62 62 61 61 58 59 58 57 58
255 255 255 255 255 255 255 255 255 255 255 255 255 255 255 255 255 255 255 255 255 255 255 255 255 255 255 255 255 255 255 255 255 255 255 255 255 255 255 255 68 67 68 68 67 66 66 65 65 64 63 64 63 63 64 63 63 63 62 62 62 62 61 61 61 61 60 62 61 62 62 63 63 63 63 64 64 64 63 64 64 63 63 64 64 63 63 63 63 61 61 60 59 55 56 56
255 255 255 255 255 255 255 255 255 255 255 255 255 255 255 255 255 255 255 255 255 255 255 255 255 255 255 255 255 255 255 255 255 255 255 255 255 255 255 255 68 69 67 67 68 67 67 66 64 64 65 64 64 63 65 64 64 63 63 63 63 62 62 63 62 63 62 62 61 63 63 62 63 63 63 64 63 64 65 65 65 64 64 64 65 64 64 63 63 62 62 61 59 57 55 57
255 255 255 255 255 255 255 255 255 255 255 255 255 255 255 255 255 255 255 255 255 255 255 255 255 255 255 255 255 255 255 255 255 255 255 255 255 255 255 69 68 66 62 64 68 68 68 68 66 65 64 66 64 64 65 65 64 63 63 64 63 63 64 63 62 63 63 62 63 63 63 63 64 63 64 64 64 64 64 65 64 66 65 64 65 65 63 63 63 63 62 62 61 59 58 58
255 255 255 255 255 255 255 255 255 255 255 255 255 255 255 255 255 255 255 255 255 255 255 255 255 255 255 255 255 255 255 255 255 255 255 255 255 255 255 68 68 69 69 69 69 68 69 68 67 67 67 65 66 65 65 65 66 65 65 65 64 64 63 64 63 63 63 63 63 64 63 64 64 64 65 64 64 65 65 66 67 65 66 66 65 65 65 63 64 63 63 62 60 58 59 57
